0	-6.85	8.4877747172384
1	-6.15	7.7877747172384
2	-6.03	7.6677747172384
3	-5.91	7.5477747172384
4	-5.88	7.5177747172384
5	-5.84	7.7788047129024
6	-5.8	7.4377747172384
7	-5.78	7.4177747172384
8	-5.76	7.3977747172384
9	-5.73	7.3677747172384
10	-5.68	7.3177747172384
11	-5.65	7.2877747172384
12	-5.61	7.2477747172384
13	-5.6	7.2377747172384
14	-5.59	7.2277747172384
15	-5.58	7.2177747172384
16	-5.57	7.8098347085663
17	-5.56	7.1977747172384
18	-5.55	7.4888047129024
19	-5.53	7.1677747172384
20	-5.52	7.1577747172384
21	-5.5	7.1377747172384
22	-5.49	7.4288047129024
23	-5.48	7.4188047129024
24	-5.47	7.1077747172384
25	-5.46	7.574895971958
26	-5.45	7.564895971958
27	-5.44	7.0777747172384
28	-5.43	7.3688047129024
29	-5.42	7.0577747172384
30	-5.41	7.0477747172384
31	-5.4	7.3388047129024
32	-5.39	7.6298347085663
33	-5.38	7.3188047129024
34	-5.36	7.474895971958
35	-5.35	6.9877747172384
36	-5.34	6.9777747172384
37	-5.33	7.5698347085664
38	-5.32	7.434895971958
39	-5.3	6.9377747172384
40	-5.29	7.5298347085663
41	-5.28	7.695925967622
42	-5.27	7.3848959719581
43	-5.26	7.675925967622
44	-5.25	7.364895971958
45	-5.24	7.5767447215744
46	-5.23	7.5667447215744
47	-5.22	7.4598347085663
48	-5.21	7.7508647042303
49	-5.2	6.8377747172384
50	-5.19	7.4298347085663
51	-5.18	7.6628727572526
52	-5.17	7.1088047129024
53	-5.16	7.575925967622
54	-5.15	7.0888047129024
55	-5.14	7.254895971958
56	-5.13	6.7677747172384
57	-5.12	7.4567447215744
58	-5.11	7.6508647042303
59	-5.1	7.7377747172384
60	-5.09	7.7277747172384
61	-5.08	7.6208647042303
62	-5.07	7.485925967622
63	-5.06	7.2998347085663
64	-5.05	7.465925967622
65	-5.04	7.6777747172384
66	-5.03	7.6677747172384
67	-5.02	7.7717180695452
68	-5.01	7.6020172266777
69	-5	7.6377747172384
70	-4.99	7.8038659762941
71	-4.98	7.7317180695452
72	-4.97	7.5620172266777
73	-4.96	7.7738659762941
74	-4.95	7.666955963286
75	-4.94	7.9201973980606
76	-4.93	7.7718946998943
77	-4.92	7.8130472223417
78	-4.91	7.92798595895
79	-4.9	7.6839027529166
80	-4.89	7.5691674023966
81	-4.88	7.7965283181912
82	-4.87	7.7630472223417
83	-4.86	7.6738659762941
84	-4.85	7.6339027529166
85	-4.84	7.7999940119723
86	-4.83	7.6438659762941
87	-4.82	7.8557147259104
88	-4.81	7.924895971958
89	-4.8	7.81798595895
90	-4.79	7.8257147259104
91	-4.78	7.8649327485806
92	-4.77	7.9392536342806
93	-4.76	7.9540772180057
94	-4.75	7.7857147259104
95	-4.74	8.0309872310137
96	-4.73	8.0209872310137
97	-4.72	7.9705585739581
98	-4.71	7.9388393242649
99	-4.7	7.971243172818
100	-4.69	8.0986267288805
101	-4.68	7.951243172818
102	-4.67	8.0786267288805
103	-4.66	8.0536495729109
104	-4.65	8.0801664067366
105	-4.64	8.077115266692
106	-4.63	8.1002836299446
107	-4.62	8.0706880738812
108	-4.61	8.0112027108013
109	-4.6	8.0638495199392
110	-4.59	8.1468528096144
111	-4.58	8.0928359806301
112	-4.57	8.1320540033003
113	-4.56	8.1008647042303
114	-4.55	8.0328727572526
115	-4.54	8.1734099118359
116	-4.53	8.1409025708381
117	-4.52	8.1022573893885
118	-4.51	8.1434099118359
119	-4.5	8.0968161095595
120	-4.49	8.2176798286778
121	-4.48	8.1669927399086
122	-4.47	8.2631107547034
123	-4.46	8.2469938298938
124	-4.45	8.315661421852
125	-4.44	8.2176538036396
126	-4.43	8.2380364326333
127	-4.42	8.2726185652861
128	-4.41	8.2626185652861
129	-4.4	8.1991427194734
130	-4.39	8.2478828052784
131	-4.38	8.3316419376075
132	-4.37	8.2725925402479
133	-4.36	8.3052707551516
134	-4.35	8.3380227355726
135	-4.34	8.3221669909235
136	-4.33	8.2879210033494
137	-4.32	8.3325230632485
138	-4.31	8.4071672049976
139	-4.3	8.3739373642792
140	-4.29	8.373378920512
141	-4.28	8.3618195131565
142	-4.27	8.3977331966632
143	-4.26	8.3690664282973
144	-4.25	8.4330818337042
145	-4.24	8.4340772180057
146	-4.23	8.4155494226262
147	-4.22	8.4882025922634
148	-4.21	8.481243172818
149	-4.2	8.476263974193
150	-4.19	8.4838729192512
151	-4.18	8.5261956173731
152	-4.17	8.5093427022943
153	-4.16	8.5482831120897
154	-4.15	8.5225745468272
155	-4.14	8.5321230529494
156	-4.13	8.5244108254842
157	-4.12	8.5753400867982
158	-4.11	8.5302473414047
159	-4.1	8.5981127238094
160	-4.09	8.5838991614807
161	-4.08	8.6181418458948
162	-4.07	8.6064998988279
163	-4.06	8.6083991221276
164	-4.05	8.6031745524506
165	-4.04	8.6439164499774
166	-4.03	8.6651611016357
167	-4.02	8.6427518436539
168	-4.01	8.6416516321796
169	-4	8.6969593348697
170	-3.99	8.6892271963256
171	-3.98	8.7073266001249
172	-3.97	8.7004953619225
173	-3.96	8.7130523086343
174	-3.95	8.7248121720279
175	-3.94	8.7113136256086
176	-3.93	8.7476136452616
177	-3.92	8.7567065871706
178	-3.91	8.7717895286112
179	-3.9	8.7710247267795
180	-3.89	8.7993840186172
181	-3.88	8.7935466174033
182	-3.87	8.8103220897259
183	-3.86	8.8005384257114
184	-3.85	8.8240342692526
185	-3.84	8.8464334296306
186	-3.83	8.8355032633254
187	-3.82	8.8383477203053
188	-3.81	8.8644152245767
189	-3.8	8.8613482369711
190	-3.79	8.8724439481769
191	-3.78	8.8987871381949
192	-3.77	8.9070492991306
193	-3.76	8.9273333902596
194	-3.75	8.9204017184673
195	-3.74	8.9372025169979
196	-3.73	8.9413424902776
197	-3.72	8.9675824865671
198	-3.71	8.9677024275298
199	-3.7	8.9677955683518
200	-3.69	8.9878809389616
201	-3.68	8.9971117477592
202	-3.67	9.008132245061
203	-3.66	9.0205731141093
204	-3.65	9.0291627097177
205	-3.64	9.035246665004
206	-3.63	9.0548098992646
207	-3.62	9.0569084105404
208	-3.61	9.0619556982786
209	-3.6	9.0786332712803
210	-3.59	9.0884121340121
211	-3.58	9.1090891166205
212	-3.57	9.1036942625484
213	-3.56	9.1199290424694
214	-3.55	9.1300804701343
215	-3.54	9.1372930942114
216	-3.53	9.1528417503889
217	-3.52	9.1595516843158
218	-3.51	9.1638465339724
219	-3.5	9.1714396804416
220	-3.49	9.1887745704567
221	-3.48	9.1937958590219
222	-3.47	9.2115100399767
223	-3.46	9.222441934937
224	-3.45	9.2207704179307
225	-3.44	9.2439086875435
226	-3.43	9.2495897322379
227	-3.42	9.2538679609759
228	-3.41	9.2640462102085
229	-3.4	9.2780992723288
230	-3.39	9.2928049149614
231	-3.38	9.2950858964124
232	-3.37	9.3087612812826
233	-3.36	9.3200146921695
234	-3.35	9.3234331695277
235	-3.34	9.3320176515479
236	-3.33	9.3452266802629
237	-3.32	9.3584335670033
238	-3.31	9.3684399491115
239	-3.3	9.374175922089
240	-3.29	9.3865937991844
241	-3.28	9.3979685679257
242	-3.27	9.4052158123153
243	-3.26	9.4189389624726
244	-3.25	9.4285545233487
245	-3.24	9.4387567728246
246	-3.23	9.4460470856837
247	-3.22	9.4599975384684
248	-3.21	9.4661157331092
249	-3.2	9.4754345287921
250	-3.19	9.485480568561
251	-3.18	9.4962839914769
252	-3.17	9.507707786717
253	-3.16	9.5195194003904
254	-3.15	9.5271729925903
255	-3.14	9.5354743423261
256	-3.13	9.5446283858944
257	-3.12	9.559041187728
258	-3.11	9.5664228196418
259	-3.1	9.5772464795529
260	-3.09	9.5831181813068
261	-3.08	9.5959631959754
262	-3.07	9.6047636416599
263	-3.06	9.6166015787078
264	-3.05	9.6259040023338
265	-3.04	9.6365296671075
266	-3.03	9.6461835098614
267	-3.02	9.6570618896095
268	-3.01	9.666654055157
269	-3	9.6787684579198
270	-2.99	9.6863449763982
271	-2.98	9.6968835748398
272	-2.97	9.7077280013985
273	-2.96	9.7191736818234
274	-2.95	9.7265067598332
275	-2.94	9.7354158022976
276	-2.93	9.7467487883996
277	-2.92	9.7570388422841
278	-2.91	9.7671679860426
279	-2.9	9.7768062779522
280	-2.89	9.7870172918714
281	-2.88	9.7967271338339
282	-2.87	9.8060184811887
283	-2.86	9.8163576418645
284	-2.85	9.8275241989192
285	-2.84	9.8364765211681
286	-2.83	9.8468353653217
287	-2.82	9.8581140772566
288	-2.81	9.866279847055
289	-2.8	9.8757724722486
290	-2.79	9.8868217432026
291	-2.78	9.8964811456507
292	-2.77	9.9068938222176
293	-2.76	9.9173612233899
294	-2.75	9.925292848977
295	-2.74	9.9353276319468
296	-2.73	9.9469704757705
297	-2.72	9.9568692331039
298	-2.71	9.9650602982402
299	-2.7	9.9765783494888
300	-2.69	9.9866195408979
301	-2.68	9.9961692546198
302	-2.67	10.006194556432
303	-2.66	10.017019799816
304	-2.65	10.027017062394
305	-2.64	10.037819290565
306	-2.63	10.047388522217
307	-2.62	10.056187782128
308	-2.61	10.065280590328
309	-2.6	10.075920184764
310	-2.59	10.086304095031
311	-2.58	10.096625555702
312	-2.57	10.10596657372
313	-2.56	10.116269521642
314	-2.55	10.126673034174
315	-2.54	10.136542083531
316	-2.53	10.146621007143
317	-2.52	10.156240688811
318	-2.51	10.166501838505
319	-2.5	10.175745534988
320	-2.49	10.186196186135
321	-2.48	10.196635915119
322	-2.47	10.206435399242
323	-2.46	10.2158703895
324	-2.45	10.226379579223
325	-2.44	10.236833632976
326	-2.43	10.246936847327
327	-2.42	10.25629187286
328	-2.41	10.266361946106
329	-2.4	10.276387042219
330	-2.39	10.28655107642
331	-2.38	10.29699801645
332	-2.37	10.306495302712
333	-2.36	10.316503599375
334	-2.35	10.326382789021
335	-2.34	10.336351198226
336	-2.33	10.346733567749
337	-2.32	10.356885914102
338	-2.31	10.366420489546
339	-2.3	10.376713366747
340	-2.29	10.386199369764
341	-2.28	10.396703358624
342	-2.27	10.406604459489
343	-2.26	10.416872456435
344	-2.25	10.426398965
345	-2.24	10.436112779753
346	-2.23	10.446785038818
347	-2.22	10.456374836584
348	-2.21	10.466765308365
349	-2.2	10.476679200767
350	-2.19	10.486531124733
351	-2.18	10.496608550798
352	-2.17	10.506603639814
353	-2.16	10.516616650053
354	-2.15	10.526448432479
355	-2.14	10.536215894165
356	-2.13	10.546396343256
357	-2.12	10.556788664762
358	-2.11	10.566474248289
359	-2.1	10.576573703867
360	-2.09	10.586265294823
361	-2.08	10.59665586335
362	-2.07	10.606690080357
363	-2.06	10.616457683569
364	-2.05	10.626532638639
365	-2.04	10.636392059824
366	-2.03	10.646465310451
367	-2.02	10.656596747671
368	-2.01	10.666376656482
369	-2	10.676411606952
370	-1.99	10.686626854877
371	-1.98	10.696401087298
372	-1.97	10.706278235011
373	-1.96	10.716486804075
374	-1.95	10.726279607426
375	-1.94	10.736393337377
376	-1.93	10.746474576809
377	-1.92	10.756565507828
378	-1.91	10.766470178259
379	-1.9	10.776461221029
380	-1.89	10.7863929423
381	-1.88	10.796382027745
382	-1.87	10.806496001287
383	-1.86	10.816458733088
384	-1.85	10.826508035135
385	-1.84	10.836347070892
386	-1.83	10.846255144468
387	-1.82	10.856467972788
388	-1.81	10.866329400154
389	-1.8	10.876284014087
390	-1.79	10.886251432005
391	-1.78	10.896180667344
392	-1.77	10.906475051145
393	-1.76	10.916238881484
394	-1.75	10.926246450236
395	-1.74	10.936321284913
396	-1.73	10.946197447935
397	-1.72	10.956317167743
398	-1.71	10.966497424045
399	-1.7	10.97630012396
400	-1.69	10.986258216878
401	-1.68	10.996192368339
402	-1.67	11.006163846593
403	-1.66	11.016183043517
404	-1.65	11.026148036797
405	-1.64	11.036225293783
406	-1.63	11.046085425755
407	-1.62	11.056104798598
408	-1.61	11.066125719803
409	-1.6	11.076085509528
410	-1.59	11.086057080026
411	-1.58	11.096073477432
412	-1.57	11.106018607232
413	-1.56	11.115984567264
414	-1.55	11.126007217763
415	-1.54	11.136080297609
416	-1.53	11.145947265187
417	-1.52	11.155933515318
418	-1.51	11.165921187123
419	-1.5	11.175908526939
420	-1.49	11.185863516286
421	-1.48	11.195799070151
422	-1.47	11.205748892223
423	-1.46	11.215762186983
424	-1.45	11.225706818349
425	-1.44	11.235725710428
426	-1.43	11.245595441302
427	-1.42	11.255588537205
428	-1.41	11.265513701658
429	-1.4	11.275493575458
430	-1.39	11.285425527566
431	-1.38	11.295353227327
432	-1.37	11.305326423622
433	-1.36	11.315300731521
434	-1.35	11.325254370922
435	-1.34	11.335190733507
436	-1.33	11.345125716186
437	-1.32	11.355046677426
438	-1.31	11.365020317515
439	-1.3	11.374877809829
440	-1.29	11.384847011315
441	-1.28	11.394747862421
442	-1.27	11.404695236733
443	-1.26	11.414583614472
444	-1.25	11.424424287703
445	-1.24	11.434374600648
446	-1.23	11.444257380234
447	-1.22	11.454156055656
448	-1.21	11.464041094506
449	-1.2	11.473962723515
450	-1.19	11.483860051289
451	-1.18	11.493707414005
452	-1.17	11.503598259914
453	-1.16	11.513409979838
454	-1.15	11.523277087454
455	-1.14	11.533115544033
456	-1.13	11.542992397858
457	-1.12	11.552853823191
458	-1.11	11.562648641972
459	-1.1	11.572453160832
460	-1.09	11.582240442538
461	-1.08	11.592054416895
462	-1.07	11.601829207141
463	-1.06	11.611636124383
464	-1.05	11.621410502335
465	-1.04	11.631149073941
466	-1.03	11.640914597395
467	-1.02	11.650624936201
468	-1.01	11.660378575838
469	-1	11.670090659618
470	-0.99	11.679773333218
471	-0.98	11.689474243885
472	-0.97	11.699108438933
473	-0.96	11.708768381265
474	-0.95	11.718409745561
475	-0.94	11.728022829713
476	-0.93	11.737658209651
477	-0.92	11.747223707831
478	-0.91	11.756788198644
479	-0.9	11.766303835433
480	-0.89	11.77584711828
481	-0.88	11.785326499658
482	-0.87	11.794823169546
483	-0.86	11.804245704868
484	-0.85	11.813690455487
485	-0.84	11.823094181321
486	-0.83	11.832443607447
487	-0.82	11.841788817197
488	-0.81	11.851100206044
489	-0.8	11.860366264721
490	-0.79	11.869620528651
491	-0.78	11.878824714783
492	-0.77	11.887972050404
493	-0.76	11.897111427411
494	-0.75	11.906204511384
495	-0.74	11.915244615514
496	-0.73	11.92424517039
497	-0.72	11.933218608609
498	-0.71	11.942134896992
499	-0.7	11.950960968827
500	-0.69	11.959777514137
501	-0.68	11.968514556294
502	-0.67	11.977209935854
503	-0.66	11.985833488352
504	-0.65	11.994395379873
505	-0.64	12.002893580211
506	-0.63	12.0113214561
507	-0.62	12.019657823653
508	-0.61	12.027936960872
509	-0.6	12.036136884242
510	-0.59	12.044258011484
511	-0.58	12.052270072841
512	-0.57	12.060196091437
513	-0.56	12.068041321735
514	-0.55	12.075771001713
515	-0.54	12.083412498319
516	-0.53	12.090941301101
517	-0.52	12.098345244914
518	-0.51	12.105634895938
519	-0.5	12.112797996202
520	-0.49	12.119823908444
521	-0.48	12.126723593034
522	-0.47	12.133484845408
523	-0.46	12.14008805837
524	-0.45	12.146538993709
525	-0.44	12.152826253041
526	-0.43	12.158944502761
527	-0.42	12.164885119265
528	-0.41	12.170641404909
529	-0.4	12.176204434186
530	-0.39	12.181568936073
531	-0.38	12.186727435053
532	-0.37	12.191669035696
533	-0.36	12.196377008358
534	-0.35	12.200836187698
535	-0.34	12.20506863016
536	-0.33	12.209027929843
537	-0.32	12.212719107603
538	-0.31	12.216133522669
539	-0.3	12.219252065641
540	-0.29	12.22207812904
541	-0.28	12.224571498014
542	-0.27	12.226743364805
543	-0.26	12.228568931209
544	-0.25	12.230043820943
545	-0.24	12.231139092411
546	-0.23	12.231855726555
547	-0.22	12.232170182866
548	-0.21	12.23206455404
549	-0.2	12.231535766795
550	-0.19	12.230552414067
551	-0.18	12.229107228115
552	-0.17	12.227181360102
553	-0.16	12.224755230273
554	-0.15	12.221810390359
555	-0.14	12.218336781562
556	-0.13	12.214302955088
557	-0.12	12.209695124375
558	-0.11	12.204508839384
559	-0.1	12.198702273287
560	-0.09	12.192271358488
561	-0.08	12.185181264113
562	-0.07	12.177423223119
563	-0.06	12.168983464068
564	-0.05	12.159829170078
565	-0.04	12.149947290174
566	-0.03	12.139315212591
567	-0.02	12.127907872185
568	-0.01	12.115712753786
569	0	12.102706743274
570	0.01	12.088870847469
571	0.02	12.074177645594
572	0.03	12.058614234618
573	0.04	12.042163450202
574	0.05	12.024800585792
575	0.06	12.006499044458
576	0.07	11.987256427088
577	0.08	11.967043610878
578	0.09	11.945839028841
579	0.1	11.923620544235
580	0.11	11.900382080042
581	0.12	11.876083086919
582	0.13	11.850711950077
583	0.14	11.824249089461
584	0.15	11.796675511856
585	0.16	11.767962192974
586	0.17	11.738100164852
587	0.18	11.707048617266
588	0.19	11.674798049868
589	0.2	11.641315526687
590	0.21	11.606589172423
591	0.22	11.570587051012
592	0.23	11.533288293572
593	0.24	11.494672990691
594	0.25	11.454718425886
595	0.26	11.413413295164
596	0.27	11.370706100256
597	0.28	11.326635543489
598	0.29	11.281146730109
599	0.3	11.234226414149
600	0.31	11.185908267591
601	0.32	11.136137164634
602	0.33	11.084913373181
603	0.34	11.032270823936
604	0.35	10.978173802692
605	0.36	10.922646575492
606	0.37	10.865684360861
607	0.38	10.807273851258
608	0.39	10.747409613628
609	0.4	10.68612103373
610	0.41	10.623373782248
611	0.42	10.559198770346
612	0.43	10.493588589009
613	0.44	10.426511338889
614	0.45	10.358031262444
615	0.46	10.288155763895
616	0.47	10.216934032123
617	0.48	10.144449696483
618	0.49	10.070827574173
619	0.5	9.9961797639163
620	0.51	9.9207795694438
621	0.52	9.844843775371
622	0.53	9.7687819815703
623	0.54	9.6929314648054
624	0.55	9.6178454415778
625	0.56	9.5440310984062
626	0.57	9.4720226870084
627	0.58	9.4025089682853
628	0.59	9.3358683673029
629	0.6	9.2727512166413
630	0.61	9.2134279896698
631	0.62	9.1581111832106
632	0.63	9.1068759898588
633	0.64	9.0596747187566
634	0.65	9.0161627183731
635	0.66	8.9761820045304
636	0.67	8.9392409966856
637	0.68	8.904983763521
638	0.69	8.8731441968072
639	0.7	8.8432155826981
640	0.71	8.8149883749819
641	0.72	8.7880577407221
642	0.73	8.7623521416892
643	0.74	8.7377581187264
644	0.75	8.7140561560543
645	0.76	8.6910913862154
646	0.77	8.6686342784581
647	0.78	8.6468758897692
648	0.79	8.625597248806
649	0.8	8.6047168652822
650	0.81	8.5843116109487
651	0.82	8.5641746920266
652	0.83	8.5444064238913
653	0.84	8.5248947890997
654	0.85	8.5054836560974
655	0.86	8.4865852197389
656	0.87	8.4675945941892
657	0.88	8.4490309445647
658	0.89	8.4304384701823
659	0.9	8.4119584457194
660	0.91	8.3935919827153
661	0.92	8.3755585030426
662	0.93	8.35746142614
663	0.94	8.339353382955
664	0.95	8.3217019695594
665	0.96	8.3039521576907
666	0.97	8.2863141990685
667	0.98	8.268793950866
668	0.99	8.2512150457013
669	1	8.2339717368826
670	1.01	8.2164233513583
671	1.02	8.199521350363
672	1.03	8.1820394683933
673	1.04	8.1651227305689
674	1.05	8.1480567430136
675	1.06	8.1311605804385
676	1.07	8.1141865668183
677	1.08	8.0974835462033
678	1.09	8.0806810854367
679	1.1	8.0640192925961
680	1.11	8.0473666320828
681	1.12	8.0305881555051
682	1.13	8.0142235718452
683	1.14	7.9978030953937
684	1.15	7.9814106879562
685	1.16	7.9650583943739
686	1.17	7.9489105079366
687	1.18	7.9328920813082
688	1.19	7.9167794911421
689	1.2	7.9007991447578
690	1.21	7.884731611335
691	1.22	7.8687558876479
692	1.23	7.852735984764
693	1.24	7.8368685149949
694	1.25	7.8209851748974
695	1.26	7.8049024667226
696	1.27	7.7889668562212
697	1.28	7.7729144349397
698	1.29	7.7570323509239
699	1.3	7.7410470604504
700	1.31	7.7249185427701
701	1.32	7.7087703212332
702	1.33	7.6928240041219
703	1.34	7.6766383173264
704	1.35	7.660663422261
705	1.36	7.6445850977581
706	1.37	7.6286161227841
707	1.38	7.6124818393345
708	1.39	7.5964105695869
709	1.4	7.5801627715656
710	1.41	7.563955252105
711	1.42	7.5478643941217
712	1.43	7.5317377560358
713	1.44	7.5156313790813
714	1.45	7.499934252847
715	1.46	7.4838938079546
716	1.47	7.4678686253463
717	1.48	7.45188727932
718	1.49	7.4360883218599
719	1.5	7.4202432933599
720	1.51	7.4041925152704
721	1.52	7.3884368798808
722	1.53	7.3726464460652
723	1.54	7.3568761405027
724	1.55	7.3410552086668
725	1.56	7.324897971648
726	1.57	7.3093344207053
727	1.58	7.2933858994634
728	1.59	7.277504516122
729	1.6	7.2615298595733
730	1.61	7.2454898814424
731	1.62	7.2298194072526
732	1.63	7.2142323118965
733	1.64	7.1986892881828
734	1.65	7.1829645067121
735	1.66	7.1672134852371
736	1.67	7.1516527451924
737	1.68	7.1363188225751
738	1.69	7.12101936373
739	1.7	7.1056839139116
740	1.71	7.0901665664501
741	1.72	7.074686810076
742	1.73	7.0593947128038
743	1.74	7.0441989337985
744	1.75	7.0291774839485
745	1.76	7.0139639790545
746	1.77	6.9990833951357
747	1.78	6.9841410736944
748	1.79	6.9691937786146
749	1.8	6.9540404026589
750	1.81	6.9388754159769
751	1.82	6.9235907079442
752	1.83	6.908323906767
753	1.84	6.8928849726936
754	1.85	6.8774214348788
755	1.86	6.8624552490785
756	1.87	6.8471141262474
757	1.88	6.8319013323357
758	1.89	6.8165352490445
759	1.9	6.8009636126526
760	1.91	6.7858790776502
761	1.92	6.770756682825
762	1.93	6.7553592060407
763	1.94	6.7396079482952
764	1.95	6.7242263060261
765	1.96	6.7088695682672
766	1.97	6.6933873482547
767	1.98	6.6783469627138
768	1.99	6.6627102415103
769	2	6.647567984265
770	2.01	6.6322786713163
771	2.02	6.6169383733054
772	2.03	6.6019432955434
773	2.04	6.5868688551874
774	2.05	6.5720518229009
775	2.06	6.5567777875562
776	2.07	6.5416630288413
777	2.08	6.5263158013236
778	2.09	6.5110786031759
779	2.1	6.4960292764804
780	2.11	6.4813033356949
781	2.12	6.4663489484777
782	2.13	6.4514774763839
783	2.14	6.4368322241923
784	2.15	6.4217393147772
785	2.16	6.4071191933882
786	2.17	6.3923391480825
787	2.18	6.3776959347369
788	2.19	6.3631218323387
789	2.2	6.348591150937
790	2.21	6.3335941190058
791	2.22	6.319145190013
792	2.23	6.3044846994096
793	2.24	6.2899085716947
794	2.25	6.2750441614361
795	2.26	6.2601668975859
796	2.27	6.2453971785897
797	2.28	6.2303160879548
798	2.29	6.2153232815463
799	2.3	6.2002642417844
800	2.31	6.1859550091126
801	2.32	6.1711395378509
802	2.33	6.155939192709
803	2.34	6.1411690328072
804	2.35	6.1261385748319
805	2.36	6.1107874385401
806	2.37	6.095980687101
807	2.38	6.0809041127529
808	2.39	6.0656920729955
809	2.4	6.0501631959119
810	2.41	6.0351353160193
811	2.42	6.0203902210924
812	2.43	6.0053521104765
813	2.44	5.9904905356163
814	2.45	5.9752158499895
815	2.46	5.9603430046523
816	2.47	5.9454908037537
817	2.48	5.9307732343106
818	2.49	5.9160525079826
819	2.5	5.9012195581053
820	2.51	5.8870319407022
821	2.52	5.8718623215498
822	2.53	5.8577635765652
823	2.54	5.8425803346854
824	2.55	5.8279031403905
825	2.56	5.8130741379118
826	2.57	5.7977445548339
827	2.58	5.7824781972913
828	2.59	5.7672854037196
829	2.6	5.7520597037774
830	2.61	5.7372526995514
831	2.62	5.7219314995463
832	2.63	5.7068791583363
833	2.64	5.6916463482775
834	2.65	5.6768671745302
835	2.66	5.6621105608611
836	2.67	5.6474563929901
837	2.68	5.6324343647101
838	2.69	5.6171756586648
839	2.7	5.6020786199748
840	2.71	5.5866573599887
841	2.72	5.5719199618231
842	2.73	5.5575253647495
843	2.74	5.5425998635177
844	2.75	5.5276486116089
845	2.76	5.5129520376223
846	2.77	5.4977427290297
847	2.78	5.4829030171188
848	2.79	5.4680138658591
849	2.8	5.4529657205342
850	2.81	5.4379437861402
851	2.82	5.4233766632581
852	2.83	5.4088891981444
853	2.84	5.3938263484267
854	2.85	5.3799344801698
855	2.86	5.36565151293
856	2.87	5.3513852520444
857	2.88	5.3372712417755
858	2.89	5.3223552805414
859	2.9	5.3087598985668
860	2.91	5.2937109200065
861	2.92	5.280029504893
862	2.93	5.2654875888754
863	2.94	5.2513280159215
864	2.95	5.237642639855
865	2.96	5.222540422362
866	2.97	5.2078960061953
867	2.98	5.192568033749
868	2.99	5.1769384325475
869	3	5.1623114267264
870	3.01	5.1469895426408
871	3.02	5.1324394613073
872	3.03	5.1172027989852
873	3.04	5.1025715520355
874	3.05	5.0882291081912
875	3.06	5.0735183959844
876	3.07	5.0587148007481
877	3.08	5.0438238697909
878	3.09	5.0292748178741
879	3.1	5.0138066993967
880	3.11	4.9991619332372
881	3.12	4.9836793009384
882	3.13	4.969716766187
883	3.14	4.9550960578802
884	3.15	4.9403440183349
885	3.16	4.9262440424411
886	3.17	4.9112892878587
887	3.18	4.896811674301
888	3.19	4.8829866034317
889	3.2	4.8695539185389
890	3.21	4.8548966518193
891	3.22	4.8406736726045
892	3.23	4.8255025935238
893	3.24	4.8110612342975
894	3.25	4.7966553031331
895	3.26	4.782128392938
896	3.27	4.7680584447487
897	3.28	4.7537675073229
898	3.29	4.7396441406217
899	3.3	4.725121645979
900	3.31	4.7092681284269
901	3.32	4.693006382032
902	3.33	4.6768582245841
903	3.34	4.6607669625119
904	3.35	4.6446707781403
905	3.36	4.6284209793348
906	3.37	4.6105977514277
907	3.38	4.5940873264254
908	3.39	4.5771451344876
909	3.4	4.5606621045272
910	3.41	4.5438606493701
911	3.42	4.5277521813497
912	3.43	4.5115203171022
913	3.44	4.4951769243682
914	3.45	4.4784133571892
915	3.46	4.4607546301468
916	3.47	4.443268506258
917	3.48	4.4258614902054
918	3.49	4.4092562250296
919	3.5	4.3924508645413
920	3.51	4.3767192746375
921	3.52	4.3610960816633
922	3.53	4.3450114756384
923	3.54	4.3291448979076
924	3.55	4.3129192977466
925	3.56	4.2967802349077
926	3.57	4.2809225687854
927	3.58	4.265272285901
928	3.59	4.2495589831517
929	3.6	4.234729225334
930	3.61	4.2200379464071
931	3.62	4.2047533598448
932	3.63	4.1893324911012
933	3.64	4.1733824822668
934	3.65	4.1567448353768
935	3.66	4.1406012939636
936	3.67	4.1245149282237
937	3.68	4.1076404778168
938	3.69	4.0916859253724
939	3.7	4.0758452031939
940	3.71	4.0602579020166
941	3.72	4.04384797647
942	3.73	4.0257376808091
943	3.74	4.0077981290094
944	3.75	3.9901336327543
945	3.76	3.9717231901971
946	3.77	3.9557671991249
947	3.78	3.9389105881249
948	3.79	3.9217356183611
949	3.8	3.9054751600373
950	3.81	3.8894408980546
951	3.82	3.8735745225643
952	3.83	3.8565361029593
953	3.84	3.8380842647641
954	3.85	3.8221568835311
955	3.86	3.8051977206951
956	3.87	3.7891765617788
957	3.88	3.7729755655787
958	3.89	3.7568710636583
959	3.9	3.7400712638022
960	3.91	3.7240687498306
961	3.92	3.7082560931459
962	3.93	3.6937689508767
963	3.94	3.6773631508018
964	3.95	3.6620878694556
965	3.96	3.6463263069147
966	3.97	3.6318612553186
967	3.98	3.6160757464921
968	3.99	3.6004867817366
969	4	3.5847474306318
970	4.01	3.5700745181362
971	4.02	3.5532048914698
972	4.03	3.5373729440091
973	4.04	3.5219681699569
974	4.05	3.5073652885626
975	4.06	3.4917458404853
976	4.07	3.4762994105908
977	4.08	3.4610085404559
978	4.09	3.4445130699346
979	4.1	3.4306008793883
980	4.11	3.4149918548068
981	4.12	3.3988813594012
982	4.13	3.3833082361659
983	4.14	3.3687670380735
984	4.15	3.353377281358
985	4.16	3.3368162936506
986	4.17	3.3219392106401
987	4.18	3.3072917902418
988	4.19	3.2931580570382
989	4.2	3.2772307665057
990	4.21	3.2616666969904
991	4.22	3.2454508608364
992	4.23	3.2319252928644
993	4.24	3.2173285229972
994	4.25	3.2005664543988
995	4.26	3.1847912590255
996	4.27	3.1696776132177
997	4.28	3.15591274468
998	4.29	3.1393187057195
999	4.3	3.1239815106644
1000	4.31	3.1087951178408
1001	4.32	3.0940064933984
1002	4.33	3.0790534527277
1003	4.34	3.0641250928433
1004	4.35	3.0480071552503
1005	4.36	3.0321559296323
1006	4.37	3.0182059658986
1007	4.38	3.0034357229967
1008	4.39	2.9876689057084
1009	4.4	2.9728288105864
1010	4.41	2.9576834898907
1011	4.42	2.942066975001
1012	4.43	2.9277255092463
1013	4.44	2.9131620953537
1014	4.45	2.8983515310546
1015	4.46	2.8823790320471
1016	4.47	2.8675942387638
1017	4.48	2.8524474678375
1018	4.49	2.8358063486012
1019	4.5	2.8212990368445
1020	4.51	2.8060481105986
1021	4.52	2.7922996776182
1022	4.53	2.7762035020833
1023	4.54	2.7610128395283
1024	4.55	2.7455703448035
1025	4.56	2.7304812245516
1026	4.57	2.7167374423636
1027	4.58	2.7006891273597
1028	4.59	2.6847828534551
1029	4.6	2.6697863506032
1030	4.61	2.6555163217911
1031	4.62	2.6385903225272
1032	4.63	2.6249858603085
1033	4.64	2.6104208489941
1034	4.65	2.594725451719
1035	4.66	2.5803837438943
1036	4.67	2.5663387192079
1037	4.68	2.5508901350469
1038	4.69	2.5356113513654
1039	4.7	2.5205333040798
1040	4.71	2.5057843743712
1041	4.72	2.4906207719532
1042	4.73	2.4750458199883
1043	4.74	2.4597211978598
1044	4.75	2.4430505880077
1045	4.76	2.4291112470559
1046	4.77	2.4144974768763
1047	4.78	2.4001930356926
1048	4.79	2.3857259687834
1049	4.8	2.3718008232945
1050	4.81	2.3558502822166
1051	4.82	2.3408015316927
1052	4.83	2.3232577849736
1053	4.84	2.3113545223555
1054	4.85	2.2937544905162
1055	4.86	2.2802086656987
1056	4.87	2.2657901262559
1057	4.88	2.2498265307827
1058	4.89	2.235009277584
1059	4.9	2.2212450455917
1060	4.91	2.2030390178434
1061	4.92	2.1886495403229
1062	4.93	2.174977193289
1063	4.94	2.1595702754818
1064	4.95	2.1454038324819
1065	4.96	2.1310578841249
1066	4.97	2.1154659828815
1067	4.98	2.101311497778
1068	4.99	2.0851859540305
1069	5	2.0714805619953
1070	5.01	2.0555560981167
1071	5.02	2.0405253771183
1072	5.03	2.0243836081187
1073	5.04	2.0091789058065
1074	5.05	1.9962504268871
1075	5.06	1.9823741252142
1076	5.07	1.9663066999492
1077	5.08	1.9520056923777
1078	5.09	1.9364175605183
1079	5.1	1.9205767445393
1080	5.11	1.9056671615419
1081	5.12	1.8912108695775
1082	5.13	1.8753654293125
1083	5.14	1.8614073773277
1084	5.15	1.8446339258922
1085	5.16	1.8294531613312
1086	5.17	1.8137558390647
1087	5.18	1.8029229090389
1088	5.19	1.787319566534
1089	5.2	1.7720877019966
1090	5.21	1.7578860026634
1091	5.22	1.7404673417339
1092	5.23	1.727910613405
1093	5.24	1.7152781196616
1094	5.25	1.6990601351098
1095	5.26	1.683141136233
1096	5.27	1.6688741944611
1097	5.28	1.6565164777825
1098	5.29	1.6409582128891
1099	5.3	1.6264642757016
1100	5.31	1.6094238456833
1101	5.32	1.5961121104193
1102	5.33	1.5788073650465
1103	5.34	1.5619855201278
1104	5.35	1.5465939154438
1105	5.36	1.5306520098021
1106	5.37	1.5160545804939
1107	5.38	1.5026156834955
1108	5.39	1.4841078829059
1109	5.4	1.4679987691489
1110	5.41	1.4540910141777
1111	5.42	1.4394679615931
1112	5.43	1.4237135125828
1113	5.44	1.407654171726
1114	5.45	1.391381386302
1115	5.46	1.375821163864
1116	5.47	1.3606876846745
1117	5.48	1.3479158444109
1118	5.49	1.3301465658736
1119	5.5	1.3160666073797
1120	5.51	1.30190142385
1121	5.52	1.2865107909311
1122	5.53	1.2710911696967
1123	5.54	1.2558596547419
1124	5.55	1.240399356686
1125	5.56	1.2217258336623
1126	5.57	1.2052965630323
1127	5.58	1.1911730958363
1128	5.59	1.1763419840618
1129	5.6	1.1592163699755
1130	5.61	1.1449365966854
1131	5.62	1.1278894739541
1132	5.63	1.1107569477566
1133	5.64	1.094663883611
1134	5.65	1.0791672969275
1135	5.66	1.0617751286782
1136	5.67	1.0478489673595
1137	5.68	1.0337630478242
1138	5.69	1.015630092511
1139	5.7	1.0010780461471
1140	5.71	0.98676601943793
1141	5.72	0.96869555417377
1142	5.73	0.95503789941203
1143	5.74	0.93776751002698
1144	5.75	0.92219058622221
1145	5.76	0.90581294092654
1146	5.77	0.88967897933722
1147	5.78	0.87409757125216
1148	5.79	0.85786256423689
1149	5.8	0.84273631075519
1150	5.81	0.82539260539061
1151	5.82	0.80807360443708
1152	5.83	0.79382052859529
1153	5.84	0.77660778375834
1154	5.85	0.76202842784207
1155	5.86	0.74151533609626
1156	5.87	0.72703558756608
1157	5.88	0.71236452336306
1158	5.89	0.69467382014981
1159	5.9	0.67779287224604
1160	5.91	0.66181338101829
1161	5.92	0.64380316455684
1162	5.93	0.62740187107164
1163	5.94	0.61295814284526
1164	5.95	0.59882040745915
1165	5.96	0.58280924091956
1166	5.97	0.56517085639382
1167	5.98	0.54868173967781
1168	5.99	0.53116356836804
1169	6	0.51185046246141
1170	6.01	0.49653080021477
1171	6.02	0.4833109936637
1172	6.03	0.46045595241562
1173	6.04	0.44379620161805
1174	6.05	0.43284173511026
1175	6.06	0.41456073732789
1176	6.07	0.40104935652893
1177	6.08	0.38065513526126
1178	6.09	0.35989225220126
1179	6.1	0.34338430531707
1180	6.11	0.32348098203686
1181	6.12	0.30647325464913
1182	6.13	0.28531028089151
1183	6.14	0.26692301815905
1184	6.15	0.24825751515122
1185	6.16	0.23462373730508
1186	6.17	0.21664467134221
1187	6.18	0.19589699529323
1188	6.19	0.17887976845429
1189	6.2	0.1693231934987
1190	6.21	0.15235366777285
1191	6.22	0.13234754678654
1192	6.23	0.11769732576243
1193	6.24	0.10053257455685
1194	6.25	0.087863758400127
1195	6.26	0.069024233781443
1196	6.27	0.046110963970552
1197	6.28	0.027528462388057
1198	6.29	0.017296142318165
1199	6.3	-0.00086699902556054
1200	6.31	-0.026007862750561
1201	6.32	-0.04516605832078
1202	6.33	-0.0592317807656
1203	6.34	-0.073652455165123
1204	6.35	-0.099123765794679
1205	6.36	-0.12076285726697
1206	6.37	-0.14073772302961
1207	6.38	-0.15554797819692
1208	6.39	-0.17219032525275
1209	6.4	-0.18684112566204
1210	6.41	-0.20210283135719
1211	6.42	-0.21809205891952
1212	6.43	-0.23179255895506
1213	6.44	-0.2482330896622
1214	6.45	-0.26747531131372
1215	6.46	-0.28860572434282
1216	6.47	-0.30462115680836
1217	6.48	-0.32632495848643
1218	6.49	-0.3450713231058
1219	6.5	-0.3677089273879
1220	6.51	-0.38375917732394
1221	6.52	-0.40894273467396
1222	6.53	-0.42455799286584
1223	6.54	-0.44902929642209
1224	6.55	-0.46523790063131
1225	6.56	-0.48603082044069
1226	6.57	-0.50508012151864
1227	6.58	-0.51796451039914
1228	6.59	-0.53560141537745
1229	6.6	-0.55440964037743
1230	6.61	-0.57850972416016
1231	6.62	-0.59688717495257
1232	6.63	-0.60717340109097
1233	6.64	-0.63154568693777
1234	6.65	-0.65202961815547
1235	6.66	-0.66349115556362
1236	6.67	-0.68593100072028
1237	6.68	-0.70287323371604
1238	6.69	-0.71400791616053
1239	6.7	-0.73089923218653
1240	6.71	-0.74617631481489
1241	6.72	-0.77575736404683
1242	6.73	-0.79156459438511
1243	6.74	-0.81648799261497
1244	6.75	-0.83982665030622
1245	6.76	-0.85726586507109
1246	6.77	-0.8739233071047
1247	6.78	-0.89395767922698
1248	6.79	-0.90973354775028
1249	6.8	-0.93203190389258
1250	6.81	-0.95034179097639
1251	6.82	-0.97033085946064
1252	6.83	-0.99203164562043
1253	6.84	-1.0056346286443
1254	6.85	-1.0363077762515
1255	6.86	-1.0536099605506
1256	6.87	-1.0825136330737
1257	6.88	-1.0988044976317
1258	6.89	-1.1253798421124
1259	6.9	-1.1497543434235
1260	6.91	-1.1696886758876
1261	6.92	-1.1826136923691
1262	6.93	-1.1936161634613
1263	6.94	-1.21632847163
1264	6.95	-1.2402696724586
1265	6.96	-1.2598689646762
1266	6.97	-1.2649311964457
1267	6.98	-1.2942498774825
1268	6.99	-1.3102407812748
1269	7	-1.3451501863856
1270	7.01	-1.3707079059381
1271	7.02	-1.3920640898631
1272	7.03	-1.4066640949882
1273	7.04	-1.4328559710281
1274	7.05	-1.4393284983251
1275	7.06	-1.4634225793621
1276	7.07	-1.4888297062527
1277	7.08	-1.5095993387398
1278	7.09	-1.5245983203167
1279	7.1	-1.5416845662591
1280	7.11	-1.5712031095136
1281	7.12	-1.5983368248731
1282	7.13	-1.6018601613135
1283	7.14	-1.6298358943438
1284	7.15	-1.6658263097269
1285	7.16	-1.6720693603395
1286	7.17	-1.6830516496628
1287	7.18	-1.6999905964144
1288	7.19	-1.7282948276361
1289	7.2	-1.7296525079154
1290	7.21	-1.7631371514153
1291	7.22	-1.7897635514147
1292	7.23	-1.8127009394368
1293	7.24	-1.8264692449175
1294	7.25	-1.8711525103882
1295	7.26	-1.8985233887704
1296	7.27	-1.9148877000378
1297	7.28	-1.9613461083348
1298	7.29	-1.981793873401
1299	7.3	-1.9955201466417
1300	7.31	-2.0241581533127
1301	7.32	-2.0454365937273
1302	7.33	-2.0695968566323
1303	7.34	-2.0964893888849
1304	7.35	-2.0996533286965
1305	7.36	-2.1175673107137
1306	7.37	-2.1497073991576
1307	7.38	-2.1694698176074
1308	7.39	-2.1743889414689
1309	7.4	-2.2078572817715
1310	7.41	-2.2292754339474
1311	7.42	-2.2364235256024
1312	7.43	-2.2523967243837
1313	7.44	-2.2995251074511
1314	7.45	-2.2983420971505
1315	7.46	-2.3145043060759
1316	7.47	-2.3584464481149
1317	7.48	-2.3981804868436
1318	7.49	-2.4407739406237
1319	7.5	-2.4582473190923
1320	7.51	-2.4597647353317
1321	7.52	-2.5208752584094
1322	7.53	-2.5435310924961
1323	7.54	-2.5649657430114
1324	7.55	-2.5962549373047
1325	7.56	-2.6043707934302
1326	7.57	-2.6373183721564
1327	7.58	-2.6539760571896
1328	7.59	-2.6606344571036
1329	7.6	-2.6901514952616
1330	7.61	-2.7222935261274
1331	7.62	-2.746192135644
1332	7.63	-2.7643385781479
1333	7.64	-2.8261340237059
1334	7.65	-2.8048602452926
1335	7.66	-2.8143217523756
1336	7.67	-2.8544003108969
1337	7.68	-2.8555514152618
1338	7.69	-2.9107755093612
1339	7.7	-2.8931389252746
1340	7.71	-2.9612990404952
1341	7.72	-2.9652856362109
1342	7.73	-2.9802910064289
1343	7.74	-2.9852856362109
1344	7.75	-3.0444107715998
1345	7.76	-3.0683788559094
1346	7.77	-3.0791468392782
1347	7.78	-3.1063954575088
1348	7.79	-3.1256920182383
1349	7.8	-3.1385613645638
1350	7.81	-3.1481502954542
1351	7.82	-3.1593846718851
1352	7.83	-3.1789666174781
1353	7.84	-3.2163499254532
1354	7.85	-3.2465533115415
1355	7.86	-3.273812316983
1356	7.87	-3.3162980710645
1357	7.88	-3.3210592321239
1358	7.89	-3.3336707522113
1359	7.9	-3.3537402638829
1360	7.91	-3.3795742488843
1361	7.92	-3.4285270709855
1362	7.93	-3.4508658123068
1363	7.94	-3.4491357529098
1364	7.95	-3.4809955888945
1365	7.96	-3.5340569116205
1366	7.97	-3.5419401187284
1367	7.98	-3.5833133903637
1368	7.99	-3.615828780485
1369	8	-3.630636517575
1370	8.01	-3.6374254531728
1371	8.02	-3.6755075004249
1372	8.03	-3.6897947463162
1373	8.04	-3.6972173234284
1374	8.05	-3.7504125972244
1375	8.06	-3.7777866932939
1376	8.07	-3.7868030134126
1377	8.08	-3.8037360258071
1378	8.09	-3.8320892277879
1379	8.1	-3.8756379780899
1380	8.11	-3.914718080856
1381	8.12	-3.8911606757352
1382	8.13	-3.9710871990577
1383	8.14	-3.9606460388151
1384	8.15	-3.9976775301014
1385	8.16	-4.0583322937758
1386	8.17	-4.0203419217828
1387	8.18	-4.0981804868436
1388	8.19	-4.1289794088249
1389	8.2	-4.0909335717028
1390	8.21	-4.1266210794881
1391	8.22	-4.1397455136973
1392	8.23	-4.1977736019355
1393	8.24	-4.2617811679216
1394	8.25	-4.1939239914419
1395	8.26	-4.293845679323
1396	8.27	-4.3100059880278
1397	8.28	-4.2786133028695
1398	8.29	-4.3689240540581
1399	8.3	-4.3318115094125
1400	8.31	-4.4050535543587
1401	8.32	-4.5032483354685
1402	8.33	-4.4881053001058
1403	8.34	-4.4616760344792
1404	8.35	-4.4716760344791
1405	8.36	-4.5730061701063
1406	8.37	-4.5253994067298
1407	8.38	-4.527381434714
1408	8.39	-4.6092104825076
1409	8.4	-4.5635681958073
1410	8.41	-4.6292104825076
1411	8.42	-4.567381434714
1412	8.43	-4.7628415050766
1413	8.44	-4.7158654520869
1414	8.45	-4.7828415050765
1415	8.46	-4.7808325976035
1416	8.47	-4.7830072600915
1417	8.48	-4.8210359836918
1418	8.49	-4.8609992070692
1419	8.5	-4.8754535484954
1420	8.51	-4.8347987848211
1421	8.52	-4.9528063570474
1422	8.53	-4.9054535484955
1423	8.54	-4.9831471903856
1424	8.55	-4.9531838904406
1425	8.56	-5.0245981914713
1426	8.57	-5.0933761920244
1427	8.58	-5.1161504800609
1428	8.59	-5.0601306800712
1429	8.6	-5.1233761920244
1430	8.61	-5.063740263883
1431	8.62	-5.1309669340426
1432	8.63	-5.1860453087778
1433	8.64	-5.2946551066638
1434	8.65	-5.1993119261189
1435	8.66	-5.3989759923638
1436	8.67	-5.3162219391269
1437	8.68	-5.3432552784257
1438	8.69	-5.3279494131609
1439	8.7	-5.5181572384114
1440	8.71	-5.3909840453861
1441	8.72	-5.4387726062755
1442	8.73	-5.4587568271821
1443	8.74	-5.489441426042
1444	8.75	-5.5807463657194
1445	8.76	-5.4690127689864
1446	8.77	-5.5640235586948
1447	8.78	-5.665104028042
1448	8.79	-5.7050672514195
1449	8.8	-5.7308615186027
1450	8.81	-5.6281572384114
1451	8.82	-5.6770753044418
1452	8.83	-5.7298272848627
1453	8.84	-5.8404974467441
1454	8.85	-5.6681572384114
1455	8.86	-5.9211952870978
1456	8.87	-5.9769527776584
1457	8.88	-5.9200059880278
1458	8.89	-5.9511952870977
1459	8.9	-6.0317763613834
1460	8.91	-6.1260972470835
1461	8.92	-6.0269527776584
1462	8.93	-6.2130440367141
1463	8.94	-6.1560972470835
1464	8.95	-6.1660972470835
1465	8.96	-6.2808325976035
1466	8.97	-6.1860972470835
1467	8.98	-6.1381053001058
1468	8.99	-6.3979827733224
1469	9	-6.2482819304549
1470	9.01	-6.6732552784257
1471	9.02	-6.206134023706
1472	9.03	-6.0304974467441
1473	9.04	-6.4991352957698
1474	9.05	-6.4579827733224
1475	9.06	-6.5771272427474
1476	9.07	-6.4322252827617
1477	9.08	-6.3282819304549
1478	9.09	-6.7532552784257
1479	9.1	-6.5591352957698
1480	9.11	-6.6940740323781
1481	9.12	-6.5791352957698
1482	9.13	-7.1911952870977
1483	9.14	-6.5479827733224
1484	9.15	-6.7340740323781
1485	9.16	-6.4808325976035
1486	9.17	-6.8332552784257
1487	9.18	-7.065104028042
1488	9.19	-6.6491352957698
1489	9.2	-6.7840740323781
1490	9.21	-6.9701652914337
1491	9.22	-6.8832552784257
1492	9.23	-6.6891352957698
1493	9.24	-7.0001652914337
1494	9.25	-6.9132552784257
1495	9.26	-6.9232552784257
1496	9.27	-6.9332552784257
1497	9.28	-6.9432552784257
1498	9.29	-6.9532552784257
1499	9.3	-6.8840740323781
1500	9.31	-7.195104028042
1501	9.32	-6.9040740323781
1502	9.33	-7.215104028042
1503	9.34	-7.4011952870977
1504	9.35	-7.4111952870977
1505	9.36	-6.944074032378
1506	9.37	-7.0332552784257
1507	9.38	-6.8971272427474
1508	9.39	-7.275104028042
1509	9.4	-7.0632552784257
1510	9.41	-7.4711952870977
1511	9.42	-7.1801652914338
1512	9.43	-7.315104028042
1513	9.44	-7.5011952870977
1514	9.45	-7.0340740323781
1515	9.46	-7.345104028042
1516	9.47	-7.355104028042
1517	9.48	-7.5411952870977
1518	9.49	-7.8522252827617
1519	9.5	-7.8622252827617
1520	9.51	-7.3951040280421
1521	9.52	-7.8822252827617
1522	9.53	-7.8922252827617
1523	9.58	-7.9422252827617
1524	9.59	-7.9522252827617
1525	9.6	-7.9622252827617
1526	9.61	-7.9722252827617
1527	9.63	-7.9922252827617
1528	9.64	-7.7011952870977
1529	9.65	-7.535104028042
1530	9.68	-8.0422252827617
1531	9.69	-8.0522252827617
1532	9.7	-8.0622252827617
1533	9.71	-8.0722252827617
1534	9.78	-7.8411952870977
1535	9.82	-8.1822252827617
1536	9.84	-8.2022252827617
1537	9.89	-8.2522252827617
