0	-6.85	8.4868263063346
1	-6.15	7.7633008912342
2	-6.03	7.6243166641212
3	-5.91	7.4692129348363
4	-5.88	7.4262633702058
5	-5.84	7.7261349727134
6	-5.8	7.2983380436209
7	-5.78	7.2621779732224
8	-5.76	7.223739066271
9	-5.73	7.1608059483394
10	-5.68	7.036075906308
11	-5.65	6.9429646131046
12	-5.61	6.7808136324446
13	-5.6	6.7293833355853
14	-5.59	6.6712972898565
15	-5.58	6.6044936448348
16	-5.57	7.7140058855042
17	-5.56	6.429879751517
18	-5.55	7.2414536171878
19	-5.53	5.8470047405052
20	-5.52	4.6203818297993
21	-5.5	6.107641828044
22	-5.49	7.0598310479765
23	-5.48	7.0215285647827
24	-5.47	6.5147792078147
25	-5.46	7.3245210071279
26	-5.45	7.2982593176599
27	-5.44	6.7224554755967
28	-5.43	6.7587059875318
29	-5.42	6.8214233875712
30	-5.41	6.86386467567
31	-5.4	6.4646781643403
32	-5.39	7.3673411897013
33	-5.38	6.0180689801389
34	-5.36	6.9600330952373
35	-5.35	7.060176852165
36	-5.34	7.086414463257
37	-5.33	7.1740950735939
38	-5.32	6.6527320761448
39	-5.3	7.179878050765
40	-5.29	6.9786709173552
41	-5.28	7.3932730768254
42	-5.27	6.0927573913321
43	-5.26	7.3288643410329
44	-5.25	6.5479837942335
45	-5.24	7.0175763120207
46	-5.23	6.9502501705313
47	-5.22	5.3417749029342
48	-5.21	7.4324904386409
49	-5.2	7.3631426314488
50	-5.19	6.5741130237218
51	-5.18	7.1656092037657
52	-5.17	7.2845094090604
53	-5.16	6.682656220435
54	-5.15	7.3292871118137
55	-5.14	7.2151611407455
56	-5.13	7.4674488554721
57	-5.12	6.8687907253178
58	-5.11	6.8976816442566
59	-5.1	7.2293833356664
60	-5.09	7.1712972899559
61	-5.08	6.357493825534
62	-5.07	6.9911292643775
63	-5.06	7.3305866845272
64	-5.05	7.1166164126669
65	-5.04	6.635071930825
66	-5.03	6.3470047415093
67	-5.02	7.1390759933106
68	-5.01	6.8064098022074
69	-5	6.6076418273662
70	-4.99	7.1782203195239
71	-4.98	6.6230574040488
72	-4.97	7.158336638825
73	-4.96	6.8662779152603
74	-4.95	6.8342221398993
75	-4.94	7.4578757244041
76	-4.93	6.526004956441
77	-4.92	6.8996150763874
78	-4.91	7.420064005315
79	-4.9	7.0599042390105
80	-4.89	7.3817290410754
81	-4.88	3.3488758737266
82	-4.87	6.7853226606822
83	-4.86	7.2636177394497
84	-4.85	7.3806559379014
85	-4.84	6.7431137023825
86	-4.83	7.4180777106096
87	-4.82	5.1203863459237
88	-4.81	7.0245345623367
89	-4.8	6.9771489362847
90	-4.79	7.0025740443462
91	-4.78	6.7424473297156
92	-4.77	6.8002911688636
93	-4.76	6.8724224585811
94	-4.75	7.3688265376716
95	-4.74	7.3221358630681
96	-4.73	7.2185047657914
97	-4.72	6.4733152198186
98	-4.71	6.7570293347077
99	-4.7	6.0578782946076
100	-4.69	7.4556502058649
101	-4.68	6.9920974422331
102	-4.67	7.2633032917691
103	-4.66	6.9672330668466
104	-4.65	7.1454301761891
105	-4.64	7.0277400406187
106	-4.63	7.1664378144067
107	-4.62	6.5773661152938
108	-4.61	7.1441714738544
109	-4.6	6.5349593066625
110	-4.59	7.2598529598013
111	-4.58	6.0223666022701
112	-4.57	6.8888026223058
113	-4.56	6.6653901254672
114	-4.55	7.4142111270009
115	-4.54	7.0842997455088
116	-4.53	6.2549089115562
117	-4.52	7.2263264273342
118	-4.51	6.8808950008556
119	-4.5	7.4009297811756
120	-4.49	7.0581002661278
121	-4.48	7.0141696710283
122	-4.47	7.3501353150661
123	-4.46	7.0780874396495
124	-4.45	7.5841795482492
125	-4.44	6.8648522612974
126	-4.43	6.5327082247148
127	-4.42	6.8337869821829
128	-4.41	6.2172076593049
129	-4.4	7.4891908089176
130	-4.39	7.2164815843266
131	-4.38	7.2220786506945
132	-4.37	7.1823382300222
133	-4.36	6.7239658416413
134	-4.35	6.7555681702452
135	-4.34	6.8483011084279
136	-4.33	7.4475989094542
137	-4.32	7.0868147567455
138	-4.31	7.3583216177537
139	-4.3	6.1482961039241
140	-4.29	6.8605719133273
141	-4.28	7.2817430675743
142	-4.27	6.7078221415889
143	-4.26	7.4314244910285
144	-4.25	6.6095171184608
145	-4.24	6.1841181394123
146	-4.23	7.2841874368169
147	-4.22	7.3355888194233
148	-4.21	7.0043275729474
149	-4.2	5.234538955049
150	-4.19	6.2689972349983
151	-4.18	7.3461592288995
152	-4.17	6.321912250609
153	-4.16	7.396731668906
154	-4.15	6.4820669116757
155	-4.14	6.5389771257402
156	-4.13	7.2421558770185
157	-4.12	7.2029633934458
158	-4.11	7.4702153715379
159	-4.1	7.2840250170455
160	-4.09	6.3646713319673
161	-4.08	7.304624850025
162	-4.07	4.0800408014565
163	-4.06	6.8838968229245
164	-4.05	7.3451802455988
165	-4.04	6.8718802987587
166	-4.03	7.2887248428487
167	-4.02	7.1505154139529
168	-4.01	7.4118790692248
169	-4	7.3596111935425
170	-3.99	6.4837567133971
171	-3.98	7.0981242276836
172	-3.97	6.8451361654854
173	-3.96	6.6161393580983
174	-3.95	6.3184921370124
175	-3.94	7.4875764302646
176	-3.93	6.1509988883469
177	-3.92	5.4061148541774
178	-3.91	6.8537330206058
179	-3.9	6.8754084309393
180	-3.89	7.2647991773872
181	-3.88	6.6294461790817
182	-3.87	6.751477003024
183	-3.86	7.3741899970583
184	-3.85	6.5816862909281
185	-3.84	7.2002369745635
186	-3.83	7.2450048351086
187	-3.82	7.4689151683388
188	-3.81	6.549399730482
189	-3.8	7.4119984331217
190	-3.79	7.3899719669366
191	-3.78	6.6167197789488
192	-3.77	5.9985604314129
193	-3.76	7.3184007412334
194	-3.75	7.0717949548198
195	-3.74	6.1377418835721
196	-3.73	7.0196627011436
197	-3.72	7.3684103419559
198	-3.71	6.4047341806239
199	-3.7	7.274755728753
200	-3.69	6.4855434666521
201	-3.68	6.1364190407677
202	-3.67	6.5789058116113
203	-3.66	6.9893204563036
204	-3.65	6.8132863475333
205	-3.64	6.5005726434365
206	-3.63	7.331810455795
207	-3.62	6.0162071390518
208	-3.61	7.0851393531747
209	-3.6	6.7662246955455
210	-3.59	6.7282837953748
211	-3.58	7.5645859409783
212	-3.57	6.9173404837134
213	-3.56	7.0139894048289
214	-3.55	7.0429013768039
215	-3.54	6.3913928155608
216	-3.53	7.3132305976149
217	-3.52	7.0029677491476
218	-3.51	6.9532935991741
219	-3.5	7.241466127771
220	-3.49	6.9043164621729
221	-3.48	6.9914436647778
222	-3.47	7.2699639123791
223	-3.46	7.3546915541508
224	-3.45	7.3449483017449
225	-3.44	7.4714254473417
226	-3.43	7.0983947342679
227	-3.42	7.0397948274199
228	-3.41	7.0195799732656
229	-3.4	6.8399754259707
230	-3.39	7.4506805781774
231	-3.38	6.812383482085
232	-3.37	7.0217601744749
233	-3.36	7.2247953990402
234	-3.35	7.1756736039465
235	-3.34	7.3492162947852
236	-3.33	6.8173279472344
237	-3.32	7.003191452034
238	-3.31	7.0146367468647
239	-3.3	7.106171201857
240	-3.29	5.6580203535176
241	-3.28	6.9225939459656
242	-3.27	6.8809622841171
243	-3.26	7.1648921693928
244	-3.25	7.0997844337682
245	-3.24	7.1509047745678
246	-3.23	6.476430755016
247	-3.22	7.3626680537083
248	-3.21	6.4271537355998
249	-3.2	6.8708244293488
250	-3.19	6.8618872877615
251	-3.18	6.217601151703
252	-3.17	6.9467866712138
253	-3.16	7.3583490218217
254	-3.15	6.7089244211047
255	-3.14	6.9144674522747
256	-3.13	7.1828871996058
257	-3.12	7.3228959961973
258	-3.11	5.8810798279389
259	-3.1	6.8048266910182
260	-3.09	7.4777719750597
261	-3.08	6.698171819727
262	-3.07	7.2105737418454
263	-3.06	5.9293374434413
264	-3.05	6.7725504963788
265	-3.04	5.2386992411202
266	-3.03	6.5254366697378
267	-3.02	6.759089477458
268	-3.01	6.1806090505288
269	-3	7.39324861442
270	-2.99	6.2718176327762
271	-2.98	6.6288190221342
272	-2.97	7.1542387838346
273	-2.96	7.5052068109519
274	-2.95	4.8093997773222
275	-2.94	7.1380598401412
276	-2.93	6.4833201647334
277	-2.92	6.8407572678421
278	-2.91	6.9460479441245
279	-2.9	6.6079178289378
280	-2.89	6.8527300086676
281	-2.88	6.4921322872804
282	-2.87	6.8614813740036
283	-2.86	6.3660545074494
284	-2.85	7.1946956337604
285	-2.84	5.7422964484212
286	-2.83	6.7193619826199
287	-2.82	7.4243874991052
288	-2.81	6.5930429496897
289	-2.8	7.1068483525069
290	-2.79	6.7410954359347
291	-2.78	5.7345196513103
292	-2.77	6.8519474065966
293	-2.76	7.2087439629211
294	-2.75	7.3737449147104
295	-2.74	7.3711436260031
296	-2.73	6.971599853137
297	-2.72	6.8736870460403
298	-2.71	7.4893942429093
299	-2.7	6.1717980289383
300	-2.69	6.3877775623862
301	-2.68	6.8910104788249
302	-2.67	6.8673347233312
303	-2.66	7.0865938629529
304	-2.65	7.0943793905365
305	-2.64	7.516597894891
306	-2.63	7.3532666076055
307	-2.62	6.9255353970734
308	-2.61	7.517437077714
309	-2.6	7.2082396396695
310	-2.59	6.7592812845746
311	-2.58	6.5276243741025
312	-2.57	7.2021282258252
313	-2.56	6.8559621739367
314	-2.55	6.707115773072
315	-2.54	6.0378664634251
316	-2.53	6.5648438978209
317	-2.52	6.9439199319889
318	-2.51	5.2143792887179
319	-2.5	7.4196483714501
320	-2.49	7.0398014592109
321	-2.48	6.6731867849298
322	-2.47	6.4140752204768
323	-2.46	7.3809780675643
324	-2.45	6.6861061837289
325	-2.44	7.1164500806736
326	-2.43	7.2453173335455
327	-2.42	6.9442577409029
328	-2.41	6.7783341882541
329	-2.4	6.7016074855303
330	-2.39	6.3382033722776
331	-2.38	7.3547621831338
332	-2.37	5.4341993981623
333	-2.36	5.1587654982557
334	-2.35	6.7576326093203
335	-2.34	6.8694873948676
336	-2.33	7.0795354224023
337	-2.32	7.3075289034808
338	-2.31	6.6147067300139
339	-2.3	7.0746496633935
340	-2.29	7.2206629048404
341	-2.28	7.0773674473184
342	-2.27	6.8108264538882
343	-2.26	7.3575836650832
344	-2.25	6.7596436800081
345	-2.24	7.3768867651318
346	-2.23	7.2779355968629
347	-2.22	6.8780377287301
348	-2.21	7.2711926688856
349	-2.2	7.1220125235774
350	-2.19	6.5028146122639
351	-2.18	6.9514119781762
352	-2.17	6.9486309045688
353	-2.16	7.0077637153655
354	-2.15	6.396296520106
355	-2.14	7.3188532435696
356	-2.13	6.8180153106749
357	-2.12	7.4141454251979
358	-2.11	4.1006865669771
359	-2.1	6.9449018742658
360	-2.09	7.2604829218023
361	-2.08	7.231781326234
362	-2.07	7.3186800380684
363	-2.06	5.7841177338321
364	-2.05	6.8391359979118
365	-2.04	6.8267165827653
366	-2.03	5.9360787331773
367	-2.02	7.172665343478
368	-2.01	6.9024904409931
369	-2	6.6062594807993
370	-1.99	7.3072140191389
371	-1.98	6.6742624637793
372	-1.97	7.2748611846011
373	-1.96	6.7883399795342
374	-1.95	7.2712963783337
375	-1.94	6.6397774236655
376	-1.93	6.8116687113053
377	-1.92	7.2818058915828
378	-1.91	6.8660663943618
379	-1.9	6.8398242463233
380	-1.89	6.2699807497669
381	-1.88	6.4399125661176
382	-1.87	7.169204816626
383	-1.86	7.0134968616819
384	-1.85	7.2801250623283
385	-1.84	6.6965969737014
386	-1.83	7.2770011049466
387	-1.82	7.2288379554246
388	-1.81	6.6947771459506
389	-1.8	7.0670417157737
390	-1.79	7.2139520064656
391	-1.78	7.449220969874
392	-1.77	7.4376376798315
393	-1.76	7.1808053549223
394	-1.75	7.0888038831138
395	-1.74	6.6263344914983
396	-1.73	7.274767567931
397	-1.72	6.894700529837
398	-1.71	7.6883203777234
399	-1.7	6.9735292299589
400	-1.69	6.4725295352492
401	-1.68	6.9595712708892
402	-1.67	7.1104713237927
403	-1.66	6.7242611322953
404	-1.65	7.0186502521547
405	-1.64	7.0952379013657
406	-1.63	7.27885333865
407	-1.62	7.0004175004658
408	-1.61	4.6022644940106
409	-1.6	6.7769732266878
410	-1.59	6.9414520700309
411	-1.58	6.1809249654741
412	-1.57	6.9251531307431
413	-1.56	7.0881694366805
414	-1.55	6.1778490246675
415	-1.54	7.506984000378
416	-1.53	6.2720996720036
417	-1.52	6.3521674656955
418	-1.51	6.8728943733581
419	-1.5	7.1222604313968
420	-1.49	6.9221281097328
421	-1.48	6.5155051576049
422	-1.47	6.9835267065523
423	-1.46	6.9211065139911
424	-1.45	6.0768584758344
425	-1.44	7.3768294544258
426	-1.43	7.0883333810556
427	-1.42	6.2872255291047
428	-1.41	7.0490816626806
429	-1.4	5.461380214729
430	-1.39	6.9638282445054
431	-1.38	7.2884587753016
432	-1.37	6.8957280054458
433	-1.36	6.7748701299074
434	-1.35	7.0652430139148
435	-1.34	7.0125848049849
436	-1.33	6.9844257323804
437	-1.32	6.5063618736059
438	-1.31	7.4190062761569
439	-1.3	7.0524324193456
440	-1.29	7.1382295729842
441	-1.28	6.4672761598463
442	-1.27	7.3223339795487
443	-1.26	6.8434908236775
444	-1.25	7.5363764555188
445	-1.24	6.8010094323092
446	-1.23	7.2382885123302
447	-1.22	7.1842933686573
448	-1.21	7.2783529154069
449	-1.2	6.763758801538
450	-1.19	7.2672293471841
451	-1.18	2.5368151939956
452	-1.17	7.2286874386036
453	-1.16	7.3033301555594
454	-1.15	7.052645421714
455	-1.14	7.2833468223435
456	-1.13	6.9612185034195
457	-1.12	7.508898640633
458	-1.11	6.8472163565967
459	-1.1	6.5984455014525
460	-1.09	7.3631066944495
461	-1.08	7.0381536394675
462	-1.07	7.4080036274338
463	-1.06	6.1364516363432
464	-1.05	6.4129139874382
465	-1.04	7.252239805317
466	-1.03	5.8455252659236
467	-1.02	7.4369722160334
468	-1.01	6.5440691054789
469	-1	6.7008036808316
470	-0.99	7.0322513283165
471	-0.98	6.970457166563
472	-0.97	7.4662014240805
473	-0.96	7.3189331151467
474	-0.95	7.1664239744161
475	-0.94	7.3403687114774
476	-0.93	7.3271098450267
477	-0.92	5.7849164094996
478	-0.91	6.5613914080728
479	-0.9	7.4931898443866
480	-0.89	5.3702168740265
481	-0.88	7.3974982509587
482	-0.87	6.8769109173646
483	-0.86	7.4898139281979
484	-0.85	6.0978869885354
485	-0.84	7.1347171904712
486	-0.83	7.1417425420822
487	-0.82	6.2033215007177
488	-0.81	6.8431800629452
489	-0.8	6.7141556283323
490	-0.79	7.3102945891842
491	-0.78	7.3496111011089
492	-0.77	6.9986820752564
493	-0.76	7.1231684730703
494	-0.75	7.4473008170542
495	-0.74	7.3918606198626
496	-0.73	7.5045131616104
497	-0.72	7.8994353030865
498	-0.71	8.0539482367025
499	-0.7	7.8421000606194
500	-0.69	8.0714082064351
501	-0.68	8.0777056818439
502	-0.67	8.2049475891884
503	-0.66	8.2585797771964
504	-0.65	8.3250006372143
505	-0.64	8.403362174499
506	-0.63	8.4761505851183
507	-0.62	8.4874097553653
508	-0.61	8.5649990911703
509	-0.6	8.640295934266
510	-0.59	8.7219410772272
511	-0.58	8.7568490672708
512	-0.57	8.805226895195
513	-0.56	8.8787659133949
514	-0.55	8.9267724188164
515	-0.54	8.9965217367689
516	-0.53	9.0591182004656
517	-0.52	9.1094551631037
518	-0.51	9.1646477475883
519	-0.5	9.2178064697254
520	-0.49	9.2657969441675
521	-0.48	9.3208030836133
522	-0.47	9.3771973570259
523	-0.46	9.4275480514433
524	-0.45	9.4791563123999
525	-0.44	9.5296763714214
526	-0.43	9.5799924867631
527	-0.42	9.6296560068821
528	-0.41	9.6790709846953
529	-0.4	9.7279627384424
530	-0.39	9.7771628134643
531	-0.38	9.8267604312655
532	-0.37	9.8761325490637
533	-0.36	9.9238243319846
534	-0.35	9.969236220565
535	-0.34	10.017847348595
536	-0.33	10.063666316891
537	-0.32	10.109318641333
538	-0.31	10.15504156831
539	-0.3	10.199917248685
540	-0.29	10.245510983553
541	-0.28	10.289107606394
542	-0.27	10.33298004843
543	-0.26	10.376109282749
544	-0.25	10.419155739776
545	-0.24	10.461126350924
546	-0.23	10.502986590686
547	-0.22	10.544199831618
548	-0.21	10.584665389417
549	-0.2	10.624932916744
550	-0.19	10.664329522582
551	-0.18	10.703220481818
552	-0.17	10.741503749744
553	-0.16	10.779090507068
554	-0.15	10.815951282314
555	-0.14	10.852262499925
556	-0.13	10.887684961221
557	-0.12	10.922328711677
558	-0.11	10.956432457375
559	-0.1	10.989542420161
560	-0.09	11.021901125511
561	-0.08	11.053250116672
562	-0.07	11.083727906733
563	-0.06	11.113363969152
564	-0.05	11.141966389004
565	-0.04	11.169579297955
566	-0.03	11.196137050266
567	-0.02	11.221560637372
568	-0.01	11.245874936006
569	0	11.269010845462
570	0.01	11.290930625134
571	0.02	11.311543680226
572	0.03	11.330848631457
573	0.04	11.348808324073
574	0.05	11.365345776704
575	0.06	11.380381932288
576	0.07	11.393939521413
577	0.08	11.405922238293
578	0.09	11.41626964064
579	0.1	11.424920634695
580	0.11	11.431862831503
581	0.12	11.436977980366
582	0.13	11.440237993753
583	0.14	11.441589583325
584	0.15	11.440980992821
585	0.16	11.438339222122
586	0.17	11.433637082198
587	0.18	11.426782565678
588	0.19	11.417750272435
589	0.2	11.40647169216
590	0.21	11.39291893826
591	0.22	11.377032187293
592	0.23	11.358774041327
593	0.24	11.338111424857
594	0.25	11.315010664893
595	0.26	11.289457694086
596	0.27	11.26138960058
597	0.28	11.230866100383
598	0.29	11.197830130934
599	0.3	11.162284962818
600	0.31	11.124293505839
601	0.32	11.083819979959
602	0.33	11.040900709422
603	0.34	10.995614150131
604	0.35	10.947967654459
605	0.36	10.89804011929
606	0.37	10.845884081917
607	0.38	10.791548164695
608	0.39	10.735093175874
609	0.4	10.67661793055
610	0.41	10.6161566512
611	0.42	10.553809719158
612	0.43	10.4896362078
613	0.44	10.423667136712
614	0.45	10.356025597582
615	0.46	10.286771459239
616	0.47	10.216000137528
617	0.48	10.143834775664
618	0.49	10.070433030655
619	0.5	9.9959334926501
620	0.51	9.9206303317906
621	0.52	9.8447561516362
622	0.53	9.7687322587679
623	0.54	9.692904260726
624	0.55	9.617831134092
625	0.56	9.5440238863026
626	0.57	9.4720192133616
627	0.58	9.4025073753506
628	0.59	9.3358676738242
629	0.6	9.2727509310716
630	0.61	9.2134278787545
631	0.62	9.1581111426933
632	0.63	9.1068759759747
633	0.64	9.0596747143046
634	0.65	9.0161627170398
635	0.66	8.9761820041584
636	0.67	8.9392409965891
637	0.68	8.9049837634978
638	0.69	8.8731441968021
639	0.7	8.843215582697
640	0.71	8.8149883749817
641	0.72	8.788057740722
642	0.73	8.7623521416892
643	0.74	8.7377581187264
644	0.75	8.7140561560543
645	0.76	8.6910913862154
646	0.77	8.6686342784581
647	0.78	8.6468758897692
648	0.79	8.625597248806
649	0.8	8.6047168652822
650	0.81	8.5843116109487
651	0.82	8.5641746920266
652	0.83	8.5444064238913
653	0.84	8.5248947890997
654	0.85	8.5054836560974
655	0.86	8.4865852197389
656	0.87	8.4675945941892
657	0.88	8.4490309445647
658	0.89	8.4304384701823
659	0.9	8.4119584457194
660	0.91	8.3935919827153
661	0.92	8.3755585030426
662	0.93	8.35746142614
663	0.94	8.339353382955
664	0.95	8.3217019695594
665	0.96	8.3039521576907
666	0.97	8.2863141990685
667	0.98	8.268793950866
668	0.99	8.2512150457013
669	1	8.2339717368826
670	1.01	8.2164233513583
671	1.02	8.199521350363
672	1.03	8.1820394683933
673	1.04	8.1651227305689
674	1.05	8.1480567430136
675	1.06	8.1311605804385
676	1.07	8.1141865668183
677	1.08	8.0974835462033
678	1.09	8.0806810854367
679	1.1	8.0640192925961
680	1.11	8.0473666320828
681	1.12	8.0305881555051
682	1.13	8.0142235718452
683	1.14	7.9978030953937
684	1.15	7.9814106879562
685	1.16	7.9650583943739
686	1.17	7.9489105079366
687	1.18	7.9328920813082
688	1.19	7.9167794911421
689	1.2	7.9007991447578
690	1.21	7.884731611335
691	1.22	7.8687558876479
692	1.23	7.852735984764
693	1.24	7.8368685149949
694	1.25	7.8209851748974
695	1.26	7.8049024667226
696	1.27	7.7889668562212
697	1.28	7.7729144349397
698	1.29	7.7570323509239
699	1.3	7.7410470604504
700	1.31	7.7249185427701
701	1.32	7.7087703212332
702	1.33	7.6928240041219
703	1.34	7.6766383173264
704	1.35	7.660663422261
705	1.36	7.6445850977581
706	1.37	7.6286161227841
707	1.38	7.6124818393345
708	1.39	7.5964105695869
709	1.4	7.5801627715656
710	1.41	7.563955252105
711	1.42	7.5478643941217
712	1.43	7.5317377560358
713	1.44	7.5156313790813
714	1.45	7.499934252847
715	1.46	7.4838938079546
716	1.47	7.4678686253463
717	1.48	7.45188727932
718	1.49	7.4360883218599
719	1.5	7.4202432933599
720	1.51	7.4041925152704
721	1.52	7.3884368798808
722	1.53	7.3726464460652
723	1.54	7.3568761405027
724	1.55	7.3410552086668
725	1.56	7.324897971648
726	1.57	7.3093344207053
727	1.58	7.2933858994634
728	1.59	7.277504516122
729	1.6	7.2615298595733
730	1.61	7.2454898814424
731	1.62	7.2298194072526
732	1.63	7.2142323118965
733	1.64	7.1986892881828
734	1.65	7.1829645067121
735	1.66	7.1672134852371
736	1.67	7.1516527451924
737	1.68	7.1363188225751
738	1.69	7.12101936373
739	1.7	7.1056839139116
740	1.71	7.0901665664501
741	1.72	7.074686810076
742	1.73	7.0593947128038
743	1.74	7.0441989337985
744	1.75	7.0291774839485
745	1.76	7.0139639790545
746	1.77	6.9990833951357
747	1.78	6.9841410736944
748	1.79	6.9691937786146
749	1.8	6.9540404026589
750	1.81	6.9388754159769
751	1.82	6.9235907079442
752	1.83	6.908323906767
753	1.84	6.8928849726936
754	1.85	6.8774214348788
755	1.86	6.8624552490785
756	1.87	6.8471141262474
757	1.88	6.8319013323357
758	1.89	6.8165352490445
759	1.9	6.8009636126526
760	1.91	6.7858790776502
761	1.92	6.770756682825
762	1.93	6.7553592060407
763	1.94	6.7396079482952
764	1.95	6.7242263060261
765	1.96	6.7088695682672
766	1.97	6.6933873482547
767	1.98	6.6783469627138
768	1.99	6.6627102415103
769	2	6.647567984265
770	2.01	6.6322786713163
771	2.02	6.6169383733054
772	2.03	6.6019432955434
773	2.04	6.5868688551874
774	2.05	6.5720518229009
775	2.06	6.5567777875562
776	2.07	6.5416630288413
777	2.08	6.5263158013236
778	2.09	6.5110786031759
779	2.1	6.4960292764804
780	2.11	6.4813033356949
781	2.12	6.4663489484777
782	2.13	6.4514774763839
783	2.14	6.4368322241923
784	2.15	6.4217393147772
785	2.16	6.4071191933882
786	2.17	6.3923391480825
787	2.18	6.3776959347369
788	2.19	6.3631218323387
789	2.2	6.348591150937
790	2.21	6.3335941190058
791	2.22	6.319145190013
792	2.23	6.3044846994096
793	2.24	6.2899085716947
794	2.25	6.2750441614361
795	2.26	6.2601668975859
796	2.27	6.2453971785897
797	2.28	6.2303160879548
798	2.29	6.2153232815463
799	2.3	6.2002642417844
800	2.31	6.1859550091126
801	2.32	6.1711395378509
802	2.33	6.155939192709
803	2.34	6.1411690328072
804	2.35	6.1261385748319
805	2.36	6.1107874385401
806	2.37	6.095980687101
807	2.38	6.0809041127529
808	2.39	6.0656920729955
809	2.4	6.0501631959119
810	2.41	6.0351353160193
811	2.42	6.0203902210924
812	2.43	6.0053521104765
813	2.44	5.9904905356163
814	2.45	5.9752158499895
815	2.46	5.9603430046523
816	2.47	5.9454908037537
817	2.48	5.9307732343106
818	2.49	5.9160525079826
819	2.5	5.9012195581053
820	2.51	5.8870319407022
821	2.52	5.8718623215498
822	2.53	5.8577635765652
823	2.54	5.8425803346854
824	2.55	5.8279031403905
825	2.56	5.8130741379118
826	2.57	5.7977445548339
827	2.58	5.7824781972913
828	2.59	5.7672854037196
829	2.6	5.7520597037774
830	2.61	5.7372526995514
831	2.62	5.7219314995463
832	2.63	5.7068791583363
833	2.64	5.6916463482775
834	2.65	5.6768671745302
835	2.66	5.6621105608611
836	2.67	5.6474563929901
837	2.68	5.6324343647101
838	2.69	5.6171756586648
839	2.7	5.6020786199748
840	2.71	5.5866573599887
841	2.72	5.5719199618231
842	2.73	5.5575253647495
843	2.74	5.5425998635177
844	2.75	5.5276486116089
845	2.76	5.5129520376223
846	2.77	5.4977427290297
847	2.78	5.4829030171188
848	2.79	5.4680138658591
849	2.8	5.4529657205342
850	2.81	5.4379437861402
851	2.82	5.4233766632581
852	2.83	5.4088891981444
853	2.84	5.3938263484267
854	2.85	5.3799344801698
855	2.86	5.36565151293
856	2.87	5.3513852520444
857	2.88	5.3372712417755
858	2.89	5.3223552805414
859	2.9	5.3087598985668
860	2.91	5.2937109200065
861	2.92	5.280029504893
862	2.93	5.2654875888754
863	2.94	5.2513280159215
864	2.95	5.237642639855
865	2.96	5.222540422362
866	2.97	5.2078960061953
867	2.98	5.192568033749
868	2.99	5.1769384325475
869	3	5.1623114267264
870	3.01	5.1469895426408
871	3.02	5.1324394613073
872	3.03	5.1172027989852
873	3.04	5.1025715520355
874	3.05	5.0882291081912
875	3.06	5.0735183959844
876	3.07	5.0587148007481
877	3.08	5.0438238697909
878	3.09	5.0292748178741
879	3.1	5.0138066993967
880	3.11	4.9991619332372
881	3.12	4.9836793009384
882	3.13	4.969716766187
883	3.14	4.9550960578802
884	3.15	4.9403440183349
885	3.16	4.9262440424411
886	3.17	4.9112892878587
887	3.18	4.896811674301
888	3.19	4.8829866034317
889	3.2	4.8695539185389
890	3.21	4.8548966518193
891	3.22	4.8406736726045
892	3.23	4.8255025935238
893	3.24	4.8110612342975
894	3.25	4.7966553031331
895	3.26	4.782128392938
896	3.27	4.7680584447487
897	3.28	4.7537675073229
898	3.29	4.7396441406217
899	3.3	4.725121645979
900	3.31	4.7092681284269
901	3.32	4.693006382032
902	3.33	4.6768582245841
903	3.34	4.6607669625119
904	3.35	4.6446707781403
905	3.36	4.6284209793348
906	3.37	4.6105977514277
907	3.38	4.5940873264254
908	3.39	4.5771451344876
909	3.4	4.5606621045272
910	3.41	4.5438606493701
911	3.42	4.5277521813497
912	3.43	4.5115203171022
913	3.44	4.4951769243682
914	3.45	4.4784133571892
915	3.46	4.4607546301468
916	3.47	4.443268506258
917	3.48	4.4258614902054
918	3.49	4.4092562250296
919	3.5	4.3924508645413
920	3.51	4.3767192746375
921	3.52	4.3610960816633
922	3.53	4.3450114756384
923	3.54	4.3291448979076
924	3.55	4.3129192977466
925	3.56	4.2967802349077
926	3.57	4.2809225687854
927	3.58	4.265272285901
928	3.59	4.2495589831517
929	3.6	4.234729225334
930	3.61	4.2200379464071
931	3.62	4.2047533598448
932	3.63	4.1893324911012
933	3.64	4.1733824822668
934	3.65	4.1567448353768
935	3.66	4.1406012939636
936	3.67	4.1245149282237
937	3.68	4.1076404778168
938	3.69	4.0916859253724
939	3.7	4.0758452031939
940	3.71	4.0602579020166
941	3.72	4.04384797647
942	3.73	4.0257376808091
943	3.74	4.0077981290094
944	3.75	3.9901336327543
945	3.76	3.9717231901971
946	3.77	3.9557671991249
947	3.78	3.9389105881249
948	3.79	3.9217356183611
949	3.8	3.9054751600373
950	3.81	3.8894408980546
951	3.82	3.8735745225643
952	3.83	3.8565361029593
953	3.84	3.8380842647641
954	3.85	3.8221568835311
955	3.86	3.8051977206951
956	3.87	3.7891765617788
957	3.88	3.7729755655787
958	3.89	3.7568710636583
959	3.9	3.7400712638022
960	3.91	3.7240687498306
961	3.92	3.7082560931459
962	3.93	3.6937689508767
963	3.94	3.6773631508018
964	3.95	3.6620878694556
965	3.96	3.6463263069147
966	3.97	3.6318612553186
967	3.98	3.6160757464921
968	3.99	3.6004867817366
969	4	3.5847474306318
970	4.01	3.5700745181362
971	4.02	3.5532048914698
972	4.03	3.5373729440091
973	4.04	3.5219681699569
974	4.05	3.5073652885626
975	4.06	3.4917458404853
976	4.07	3.4762994105908
977	4.08	3.4610085404559
978	4.09	3.4445130699346
979	4.1	3.4306008793883
980	4.11	3.4149918548068
981	4.12	3.3988813594012
982	4.13	3.3833082361659
983	4.14	3.3687670380735
984	4.15	3.353377281358
985	4.16	3.3368162936506
986	4.17	3.3219392106401
987	4.18	3.3072917902418
988	4.19	3.2931580570382
989	4.2	3.2772307665057
990	4.21	3.2616666969904
991	4.22	3.2454508608364
992	4.23	3.2319252928644
993	4.24	3.2173285229972
994	4.25	3.2005664543988
995	4.26	3.1847912590255
996	4.27	3.1696776132177
997	4.28	3.15591274468
998	4.29	3.1393187057195
999	4.3	3.1239815106644
1000	4.31	3.1087951178408
1001	4.32	3.0940064933984
1002	4.33	3.0790534527277
1003	4.34	3.0641250928433
1004	4.35	3.0480071552503
1005	4.36	3.0321559296323
1006	4.37	3.0182059658986
1007	4.38	3.0034357229967
1008	4.39	2.9876689057084
1009	4.4	2.9728288105864
1010	4.41	2.9576834898907
1011	4.42	2.942066975001
1012	4.43	2.9277255092463
1013	4.44	2.9131620953537
1014	4.45	2.8983515310546
1015	4.46	2.8823790320471
1016	4.47	2.8675942387638
1017	4.48	2.8524474678375
1018	4.49	2.8358063486012
1019	4.5	2.8212990368445
1020	4.51	2.8060481105986
1021	4.52	2.7922996776182
1022	4.53	2.7762035020833
1023	4.54	2.7610128395283
1024	4.55	2.7455703448035
1025	4.56	2.7304812245516
1026	4.57	2.7167374423636
1027	4.58	2.7006891273597
1028	4.59	2.6847828534551
1029	4.6	2.6697863506032
1030	4.61	2.6555163217911
1031	4.62	2.6385903225272
1032	4.63	2.6249858603085
1033	4.64	2.6104208489941
1034	4.65	2.594725451719
1035	4.66	2.5803837438943
1036	4.67	2.5663387192079
1037	4.68	2.5508901350469
1038	4.69	2.5356113513654
1039	4.7	2.5205333040798
1040	4.71	2.5057843743712
1041	4.72	2.4906207719532
1042	4.73	2.4750458199883
1043	4.74	2.4597211978598
1044	4.75	2.4430505880077
1045	4.76	2.4291112470559
1046	4.77	2.4144974768763
1047	4.78	2.4001930356926
1048	4.79	2.3857259687834
1049	4.8	2.3718008232945
1050	4.81	2.3558502822166
1051	4.82	2.3408015316927
1052	4.83	2.3232577849736
1053	4.84	2.3113545223555
1054	4.85	2.2937544905162
1055	4.86	2.2802086656987
1056	4.87	2.2657901262559
1057	4.88	2.2498265307827
1058	4.89	2.235009277584
1059	4.9	2.2212450455917
1060	4.91	2.2030390178434
1061	4.92	2.1886495403229
1062	4.93	2.174977193289
1063	4.94	2.1595702754818
1064	4.95	2.1454038324819
1065	4.96	2.1310578841249
1066	4.97	2.1154659828815
1067	4.98	2.101311497778
1068	4.99	2.0851859540305
1069	5	2.0714805619953
1070	5.01	2.0555560981167
1071	5.02	2.0405253771183
1072	5.03	2.0243836081187
1073	5.04	2.0091789058065
1074	5.05	1.9962504268871
1075	5.06	1.9823741252142
1076	5.07	1.9663066999492
1077	5.08	1.9520056923777
1078	5.09	1.9364175605183
1079	5.1	1.9205767445393
1080	5.11	1.9056671615419
1081	5.12	1.8912108695775
1082	5.13	1.8753654293125
1083	5.14	1.8614073773277
1084	5.15	1.8446339258922
1085	5.16	1.8294531613312
1086	5.17	1.8137558390647
1087	5.18	1.8029229090389
1088	5.19	1.787319566534
1089	5.2	1.7720877019966
1090	5.21	1.7578860026634
1091	5.22	1.7404673417339
1092	5.23	1.727910613405
1093	5.24	1.7152781196616
1094	5.25	1.6990601351098
1095	5.26	1.683141136233
1096	5.27	1.6688741944611
1097	5.28	1.6565164777825
1098	5.29	1.6409582128891
1099	5.3	1.6264642757016
1100	5.31	1.6094238456833
1101	5.32	1.5961121104193
1102	5.33	1.5788073650465
1103	5.34	1.5619855201278
1104	5.35	1.5465939154438
1105	5.36	1.5306520098021
1106	5.37	1.5160545804939
1107	5.38	1.5026156834955
1108	5.39	1.4841078829059
1109	5.4	1.4679987691489
1110	5.41	1.4540910141777
1111	5.42	1.4394679615931
1112	5.43	1.4237135125828
1113	5.44	1.407654171726
1114	5.45	1.391381386302
1115	5.46	1.375821163864
1116	5.47	1.3606876846745
1117	5.48	1.3479158444109
1118	5.49	1.3301465658736
1119	5.5	1.3160666073797
1120	5.51	1.30190142385
1121	5.52	1.2865107909311
1122	5.53	1.2710911696967
1123	5.54	1.2558596547419
1124	5.55	1.240399356686
1125	5.56	1.2217258336623
1126	5.57	1.2052965630323
1127	5.58	1.1911730958363
1128	5.59	1.1763419840618
1129	5.6	1.1592163699755
1130	5.61	1.1449365966854
1131	5.62	1.1278894739541
1132	5.63	1.1107569477566
1133	5.64	1.094663883611
1134	5.65	1.0791672969275
1135	5.66	1.0617751286782
1136	5.67	1.0478489673595
1137	5.68	1.0337630478242
1138	5.69	1.015630092511
1139	5.7	1.0010780461471
1140	5.71	0.98676601943793
1141	5.72	0.96869555417377
1142	5.73	0.95503789941203
1143	5.74	0.93776751002698
1144	5.75	0.92219058622221
1145	5.76	0.90581294092654
1146	5.77	0.88967897933722
1147	5.78	0.87409757125216
1148	5.79	0.85786256423689
1149	5.8	0.84273631075519
1150	5.81	0.82539260539061
1151	5.82	0.80807360443708
1152	5.83	0.79382052859529
1153	5.84	0.77660778375834
1154	5.85	0.76202842784207
1155	5.86	0.74151533609626
1156	5.87	0.72703558756608
1157	5.88	0.71236452336306
1158	5.89	0.69467382014981
1159	5.9	0.67779287224604
1160	5.91	0.66181338101829
1161	5.92	0.64380316455684
1162	5.93	0.62740187107164
1163	5.94	0.61295814284526
1164	5.95	0.59882040745915
1165	5.96	0.58280924091956
1166	5.97	0.56517085639382
1167	5.98	0.54868173967781
1168	5.99	0.53116356836804
1169	6	0.51185046246141
1170	6.01	0.49653080021477
1171	6.02	0.4833109936637
1172	6.03	0.46045595241562
1173	6.04	0.44379620161805
1174	6.05	0.43284173511026
1175	6.06	0.41456073732789
1176	6.07	0.40104935652893
1177	6.08	0.38065513526126
1178	6.09	0.35989225220126
1179	6.1	0.34338430531707
1180	6.11	0.32348098203686
1181	6.12	0.30647325464913
1182	6.13	0.28531028089151
1183	6.14	0.26692301815905
1184	6.15	0.24825751515122
1185	6.16	0.23462373730508
1186	6.17	0.21664467134221
1187	6.18	0.19589699529323
1188	6.19	0.17887976845429
1189	6.2	0.1693231934987
1190	6.21	0.15235366777285
1191	6.22	0.13234754678654
1192	6.23	0.11769732576243
1193	6.24	0.10053257455685
1194	6.25	0.087863758400127
1195	6.26	0.069024233781443
1196	6.27	0.046110963970552
1197	6.28	0.027528462388057
1198	6.29	0.017296142318165
1199	6.3	-0.00086699902556054
1200	6.31	-0.026007862750561
1201	6.32	-0.04516605832078
1202	6.33	-0.0592317807656
1203	6.34	-0.073652455165123
1204	6.35	-0.099123765794679
1205	6.36	-0.12076285726697
1206	6.37	-0.14073772302961
1207	6.38	-0.15554797819692
1208	6.39	-0.17219032525275
1209	6.4	-0.18684112566204
1210	6.41	-0.20210283135719
1211	6.42	-0.21809205891952
1212	6.43	-0.23179255895506
1213	6.44	-0.2482330896622
1214	6.45	-0.26747531131372
1215	6.46	-0.28860572434282
1216	6.47	-0.30462115680836
1217	6.48	-0.32632495848643
1218	6.49	-0.3450713231058
1219	6.5	-0.3677089273879
1220	6.51	-0.38375917732394
1221	6.52	-0.40894273467396
1222	6.53	-0.42455799286584
1223	6.54	-0.44902929642209
1224	6.55	-0.46523790063131
1225	6.56	-0.48603082044069
1226	6.57	-0.50508012151864
1227	6.58	-0.51796451039914
1228	6.59	-0.53560141537745
1229	6.6	-0.55440964037743
1230	6.61	-0.57850972416016
1231	6.62	-0.59688717495257
1232	6.63	-0.60717340109097
1233	6.64	-0.63154568693777
1234	6.65	-0.65202961815547
1235	6.66	-0.66349115556362
1236	6.67	-0.68593100072028
1237	6.68	-0.70287323371604
1238	6.69	-0.71400791616053
1239	6.7	-0.73089923218653
1240	6.71	-0.74617631481489
1241	6.72	-0.77575736404683
1242	6.73	-0.79156459438511
1243	6.74	-0.81648799261497
1244	6.75	-0.83982665030622
1245	6.76	-0.85726586507109
1246	6.77	-0.8739233071047
1247	6.78	-0.89395767922698
1248	6.79	-0.90973354775028
1249	6.8	-0.93203190389258
1250	6.81	-0.95034179097639
1251	6.82	-0.97033085946064
1252	6.83	-0.99203164562043
1253	6.84	-1.0056346286443
1254	6.85	-1.0363077762515
1255	6.86	-1.0536099605506
1256	6.87	-1.0825136330737
1257	6.88	-1.0988044976317
1258	6.89	-1.1253798421124
1259	6.9	-1.1497543434235
1260	6.91	-1.1696886758876
1261	6.92	-1.1826136923691
1262	6.93	-1.1936161634613
1263	6.94	-1.21632847163
1264	6.95	-1.2402696724586
1265	6.96	-1.2598689646762
1266	6.97	-1.2649311964457
1267	6.98	-1.2942498774825
1268	6.99	-1.3102407812748
1269	7	-1.3451501863856
1270	7.01	-1.3707079059381
1271	7.02	-1.3920640898631
1272	7.03	-1.4066640949882
1273	7.04	-1.4328559710281
1274	7.05	-1.4393284983251
1275	7.06	-1.4634225793621
1276	7.07	-1.4888297062527
1277	7.08	-1.5095993387398
1278	7.09	-1.5245983203167
1279	7.1	-1.5416845662591
1280	7.11	-1.5712031095136
1281	7.12	-1.5983368248731
1282	7.13	-1.6018601613135
1283	7.14	-1.6298358943438
1284	7.15	-1.6658263097269
1285	7.16	-1.6720693603395
1286	7.17	-1.6830516496628
1287	7.18	-1.6999905964144
1288	7.19	-1.7282948276361
1289	7.2	-1.7296525079154
1290	7.21	-1.7631371514153
1291	7.22	-1.7897635514147
1292	7.23	-1.8127009394368
1293	7.24	-1.8264692449175
1294	7.25	-1.8711525103882
1295	7.26	-1.8985233887704
1296	7.27	-1.9148877000378
1297	7.28	-1.9613461083348
1298	7.29	-1.981793873401
1299	7.3	-1.9955201466417
1300	7.31	-2.0241581533127
1301	7.32	-2.0454365937273
1302	7.33	-2.0695968566323
1303	7.34	-2.0964893888849
1304	7.35	-2.0996533286965
1305	7.36	-2.1175673107137
1306	7.37	-2.1497073991576
1307	7.38	-2.1694698176074
1308	7.39	-2.1743889414689
1309	7.4	-2.2078572817715
1310	7.41	-2.2292754339474
1311	7.42	-2.2364235256024
1312	7.43	-2.2523967243837
1313	7.44	-2.2995251074511
1314	7.45	-2.2983420971505
1315	7.46	-2.3145043060759
1316	7.47	-2.3584464481149
1317	7.48	-2.3981804868436
1318	7.49	-2.4407739406237
1319	7.5	-2.4582473190923
1320	7.51	-2.4597647353317
1321	7.52	-2.5208752584094
1322	7.53	-2.5435310924961
1323	7.54	-2.5649657430114
1324	7.55	-2.5962549373047
1325	7.56	-2.6043707934302
1326	7.57	-2.6373183721564
1327	7.58	-2.6539760571896
1328	7.59	-2.6606344571036
1329	7.6	-2.6901514952616
1330	7.61	-2.7222935261274
1331	7.62	-2.746192135644
1332	7.63	-2.7643385781479
1333	7.64	-2.8261340237059
1334	7.65	-2.8048602452926
1335	7.66	-2.8143217523756
1336	7.67	-2.8544003108969
1337	7.68	-2.8555514152618
1338	7.69	-2.9107755093612
1339	7.7	-2.8931389252746
1340	7.71	-2.9612990404952
1341	7.72	-2.9652856362109
1342	7.73	-2.9802910064289
1343	7.74	-2.9852856362109
1344	7.75	-3.0444107715998
1345	7.76	-3.0683788559094
1346	7.77	-3.0791468392782
1347	7.78	-3.1063954575088
1348	7.79	-3.1256920182383
1349	7.8	-3.1385613645638
1350	7.81	-3.1481502954542
1351	7.82	-3.1593846718851
1352	7.83	-3.1789666174781
1353	7.84	-3.2163499254532
1354	7.85	-3.2465533115415
1355	7.86	-3.273812316983
1356	7.87	-3.3162980710645
1357	7.88	-3.3210592321239
1358	7.89	-3.3336707522113
1359	7.9	-3.3537402638829
1360	7.91	-3.3795742488843
1361	7.92	-3.4285270709855
1362	7.93	-3.4508658123068
1363	7.94	-3.4491357529098
1364	7.95	-3.4809955888945
1365	7.96	-3.5340569116205
1366	7.97	-3.5419401187284
1367	7.98	-3.5833133903637
1368	7.99	-3.615828780485
1369	8	-3.630636517575
1370	8.01	-3.6374254531728
1371	8.02	-3.6755075004249
1372	8.03	-3.6897947463162
1373	8.04	-3.6972173234284
1374	8.05	-3.7504125972244
1375	8.06	-3.7777866932939
1376	8.07	-3.7868030134126
1377	8.08	-3.8037360258071
1378	8.09	-3.8320892277879
1379	8.1	-3.8756379780899
1380	8.11	-3.914718080856
1381	8.12	-3.8911606757352
1382	8.13	-3.9710871990577
1383	8.14	-3.9606460388151
1384	8.15	-3.9976775301014
1385	8.16	-4.0583322937758
1386	8.17	-4.0203419217828
1387	8.18	-4.0981804868436
1388	8.19	-4.1289794088249
1389	8.2	-4.0909335717028
1390	8.21	-4.1266210794881
1391	8.22	-4.1397455136973
1392	8.23	-4.1977736019355
1393	8.24	-4.2617811679216
1394	8.25	-4.1939239914419
1395	8.26	-4.293845679323
1396	8.27	-4.3100059880278
1397	8.28	-4.2786133028695
1398	8.29	-4.3689240540581
1399	8.3	-4.3318115094125
1400	8.31	-4.4050535543587
1401	8.32	-4.5032483354685
1402	8.33	-4.4881053001058
1403	8.34	-4.4616760344792
1404	8.35	-4.4716760344791
1405	8.36	-4.5730061701063
1406	8.37	-4.5253994067298
1407	8.38	-4.527381434714
1408	8.39	-4.6092104825076
1409	8.4	-4.5635681958073
1410	8.41	-4.6292104825076
1411	8.42	-4.567381434714
1412	8.43	-4.7628415050766
1413	8.44	-4.7158654520869
1414	8.45	-4.7828415050765
1415	8.46	-4.7808325976035
1416	8.47	-4.7830072600915
1417	8.48	-4.8210359836918
1418	8.49	-4.8609992070692
1419	8.5	-4.8754535484954
1420	8.51	-4.8347987848211
1421	8.52	-4.9528063570474
1422	8.53	-4.9054535484955
1423	8.54	-4.9831471903856
1424	8.55	-4.9531838904406
1425	8.56	-5.0245981914713
1426	8.57	-5.0933761920244
1427	8.58	-5.1161504800609
1428	8.59	-5.0601306800712
1429	8.6	-5.1233761920244
1430	8.61	-5.063740263883
1431	8.62	-5.1309669340426
1432	8.63	-5.1860453087778
1433	8.64	-5.2946551066638
1434	8.65	-5.1993119261189
1435	8.66	-5.3989759923638
1436	8.67	-5.3162219391269
1437	8.68	-5.3432552784257
1438	8.69	-5.3279494131609
1439	8.7	-5.5181572384114
1440	8.71	-5.3909840453861
1441	8.72	-5.4387726062755
1442	8.73	-5.4587568271821
1443	8.74	-5.489441426042
1444	8.75	-5.5807463657194
1445	8.76	-5.4690127689864
1446	8.77	-5.5640235586948
1447	8.78	-5.665104028042
1448	8.79	-5.7050672514195
1449	8.8	-5.7308615186027
1450	8.81	-5.6281572384114
1451	8.82	-5.6770753044418
1452	8.83	-5.7298272848627
1453	8.84	-5.8404974467441
1454	8.85	-5.6681572384114
1455	8.86	-5.9211952870978
1456	8.87	-5.9769527776584
1457	8.88	-5.9200059880278
1458	8.89	-5.9511952870977
1459	8.9	-6.0317763613834
1460	8.91	-6.1260972470835
1461	8.92	-6.0269527776584
1462	8.93	-6.2130440367141
1463	8.94	-6.1560972470835
1464	8.95	-6.1660972470835
1465	8.96	-6.2808325976035
1466	8.97	-6.1860972470835
1467	8.98	-6.1381053001058
1468	8.99	-6.3979827733224
1469	9	-6.2482819304549
1470	9.01	-6.6732552784257
1471	9.02	-6.206134023706
1472	9.03	-6.0304974467441
1473	9.04	-6.4991352957698
1474	9.05	-6.4579827733224
1475	9.06	-6.5771272427474
1476	9.07	-6.4322252827617
1477	9.08	-6.3282819304549
1478	9.09	-6.7532552784257
1479	9.1	-6.5591352957698
1480	9.11	-6.6940740323781
1481	9.12	-6.5791352957698
1482	9.13	-7.1911952870977
1483	9.14	-6.5479827733224
1484	9.15	-6.7340740323781
1485	9.16	-6.4808325976035
1486	9.17	-6.8332552784257
1487	9.18	-7.065104028042
1488	9.19	-6.6491352957698
1489	9.2	-6.7840740323781
1490	9.21	-6.9701652914337
1491	9.22	-6.8832552784257
1492	9.23	-6.6891352957698
1493	9.24	-7.0001652914337
1494	9.25	-6.9132552784257
1495	9.26	-6.9232552784257
1496	9.27	-6.9332552784257
1497	9.28	-6.9432552784257
1498	9.29	-6.9532552784257
1499	9.3	-6.8840740323781
1500	9.31	-7.195104028042
1501	9.32	-6.9040740323781
1502	9.33	-7.215104028042
1503	9.34	-7.4011952870977
1504	9.35	-7.4111952870977
1505	9.36	-6.944074032378
1506	9.37	-7.0332552784257
1507	9.38	-6.8971272427474
1508	9.39	-7.275104028042
1509	9.4	-7.0632552784257
1510	9.41	-7.4711952870977
1511	9.42	-7.1801652914338
1512	9.43	-7.315104028042
1513	9.44	-7.5011952870977
1514	9.45	-7.0340740323781
1515	9.46	-7.345104028042
1516	9.47	-7.355104028042
1517	9.48	-7.5411952870977
1518	9.49	-7.8522252827617
1519	9.5	-7.8622252827617
1520	9.51	-7.3951040280421
1521	9.52	-7.8822252827617
1522	9.53	-7.8922252827617
1523	9.58	-7.9422252827617
1524	9.59	-7.9522252827617
1525	9.6	-7.9622252827617
1526	9.61	-7.9722252827617
1527	9.63	-7.9922252827617
1528	9.64	-7.7011952870977
1529	9.65	-7.535104028042
1530	9.68	-8.0422252827617
1531	9.69	-8.0522252827617
1532	9.7	-8.0622252827617
1533	9.71	-8.0722252827617
1534	9.78	-7.8411952870977
1535	9.82	-8.1822252827617
1536	9.84	-8.2022252827617
1537	9.89	-8.2522252827617
