0	-6.53	8.1677747172384
1	-6.4	8.0377747172384
2	-6.2	7.8377747172384
3	-6.07	7.7077747172384
4	-6.05	7.6877747172384
5	-6.03	7.6677747172384
6	-5.98	7.6177747172384
7	-5.93	7.5677747172384
8	-5.91	7.8488047129024
9	-5.9	7.5377747172384
10	-5.89	7.5277747172384
11	-5.85	7.964895971958
12	-5.84	7.4777747172384
13	-5.83	7.4677747172384
14	-5.82	7.7588047129024
15	-5.81	7.4477747172384
16	-5.8	7.4377747172384
17	-5.79	7.904895971958
18	-5.78	8.0198347085663
19	-5.77	7.4077747172384
20	-5.76	7.6988047129024
21	-5.75	7.864895971958
22	-5.74	7.6788047129024
23	-5.73	7.9698347085663
24	-5.72	7.9598347085663
25	-5.71	7.824895971958
26	-5.7	7.3377747172384
27	-5.69	7.804895971958
28	-5.68	7.3177747172384
29	-5.65	7.764895971958
30	-5.64	7.8798347085663
31	-5.63	7.2677747172384
32	-5.62	7.5588047129024
33	-5.61	7.8498347085663
34	-5.6	7.714895971958
35	-5.59	7.2277747172384
36	-5.58	7.9167447215744
37	-5.57	7.2077747172384
38	-5.56	7.8967447215744
39	-5.55	7.4888047129024
40	-5.54	7.4788047129024
41	-5.53	7.644895971958
42	-5.52	7.7598347085663
43	-5.51	7.7498347085663
44	-5.5	7.915925967622
45	-5.49	7.6048959719581
46	-5.48	7.8167447215744
47	-5.47	7.7098347085663
48	-5.46	7.875925967622
49	-5.45	7.865925967622
50	-5.44	7.8559259676221
51	-5.43	8.0677747172384
52	-5.42	7.835925967622
53	-5.41	8.126955963286
54	-5.4	7.7367447215744
55	-5.39	7.9820172266777
56	-5.38	7.9720172266777
57	-5.37	8.086955963286
58	-5.36	8.0391674023966
59	-5.35	7.9877747172384
60	-5.34	7.9777747172384
61	-5.33	7.9220172266777
62	-5.32	8.0717180695452
63	-5.31	8.1238659762941
64	-5.3	8.016955963286
65	-5.29	7.7728727572526
66	-5.28	7.9177747172384
67	-5.27	8.1630472223417
68	-5.26	8.1018946998943
69	-5.25	8.0017180695452
70	-5.24	7.8777747172384
71	-5.23	8.0139027529166
72	-5.22	8.2727480652092
73	-5.21	8.0782236386166
74	-5.2	7.916955963286
75	-5.19	8.1499940119723
76	-5.18	8.1601973980606
77	-5.17	8.1501973980606
78	-5.16	8.1401973980606
79	-5.15	8.1301973980606
80	-5.14	8.15798595895
81	-5.13	8.2149327485806
82	-5.12	8.2491364110726
83	-5.11	8.2792536342806
84	-5.1	8.2291364110726
85	-5.09	8.1749327485806
86	-5.08	8.2091364110726
87	-5.07	8.3205585739581
88	-5.06	8.3509872310137
89	-5.05	8.4037780608732
90	-5.04	8.3767447215744
91	-5.03	8.2805585739581
92	-5.02	8.3205325489199
93	-5.01	8.281243172818
94	-5	8.319015954614
95	-4.99	8.2905325489199
96	-4.98	8.3659627442446
97	-4.97	8.3559627442446
98	-4.96	8.3381374067326
99	-4.95	8.4510975773589
100	-4.94	8.4410975773588
101	-4.93	8.4002836299446
102	-4.92	8.4270064369694
103	-4.91	8.456259736117
104	-4.9	8.4242654424109
105	-4.89	8.5406119419436
106	-4.88	8.3928359806301
107	-4.87	8.447293969857
108	-4.86	8.4422573893885
109	-4.85	8.4745464515046
110	-4.84	8.5605600875549
111	-4.83	8.4930805825031
112	-4.82	8.5405600875548
113	-4.81	8.5683486484442
114	-4.8	8.5616263582055
115	-4.79	8.6038659762941
116	-4.78	8.5215784381943
117	-4.77	8.6008993155928
118	-4.76	8.5650920519866
119	-4.75	8.5808993155928
120	-4.74	8.5736743696476
121	-4.73	8.6419325665021
122	-4.72	8.6609707746589
123	-4.71	8.6488047129024
124	-4.7	8.6641105781671
125	-4.69	8.6155764471686
126	-4.68	8.6832627021293
127	-4.67	8.654127691689
128	-4.66	8.6869408016029
129	-4.65	8.6733809908367
130	-4.64	8.7042859786029
131	-4.63	8.7055252800588
132	-4.62	8.6859095112672
133	-4.61	8.7161220476505
134	-4.6	8.7305351062652
135	-4.59	8.7730818337042
136	-4.58	8.7788761008874
137	-4.57	8.7724407814905
138	-4.56	8.7718059849661
139	-4.55	8.8202320094231
140	-4.54	8.8300210582417
141	-4.53	8.807261206507
142	-4.52	8.8205325489199
143	-4.51	8.8262930962785
144	-4.5	8.8587604613921
145	-4.49	8.8881972006616
146	-4.48	8.8604998485431
147	-4.47	8.8987631923272
148	-4.46	8.866412818486
149	-4.45	8.9190044111054
150	-4.44	8.915993939146
151	-4.43	8.9542654424109
152	-4.42	8.9187113379385
153	-4.41	8.9486877849761
154	-4.4	8.9359512007361
155	-4.39	8.9795977525543
156	-4.38	8.9749029149152
157	-4.37	8.9781215934685
158	-4.36	8.9681215934685
159	-4.35	9.0187789986019
160	-4.34	9.0207437906316
161	-4.33	9.0196986332845
162	-4.32	9.0237276975522
163	-4.31	9.0387377938341
164	-4.3	9.0432849020084
165	-4.29	9.0707895174925
166	-4.28	9.0889158682668
167	-4.27	9.0916137542948
168	-4.26	9.0692086181814
169	-4.25	9.1026185652861
170	-4.24	9.1203161455368
171	-4.23	9.1022920007511
172	-4.22	9.1270541070103
173	-4.21	9.143121865572
174	-4.2	9.1512200876648
175	-4.19	9.1594044348683
176	-4.18	9.1813866971305
177	-4.17	9.1747576932162
178	-4.16	9.1849865175521
179	-4.15	9.2027480652092
180	-4.14	9.2076884150021
181	-4.13	9.2220096129866
182	-4.12	9.2287728868992
183	-4.11	9.2410933254705
184	-4.1	9.2508590777035
185	-4.09	9.260019360865
186	-4.08	9.2651801769059
187	-4.07	9.2857258449681
188	-4.06	9.307048889643
189	-4.05	9.309573941241
190	-4.04	9.2999887402047
191	-4.03	9.3222400507586
192	-4.02	9.3360198691654
193	-4.01	9.3430812396702
194	-4	9.3424399026929
195	-3.99	9.3645694721627
196	-3.98	9.3718936114638
197	-3.97	9.3824376397762
198	-3.96	9.3838159274809
199	-3.95	9.3898639751201
200	-3.94	9.415993939146
201	-3.93	9.4156557146838
202	-3.92	9.4251832737612
203	-3.91	9.4406481241271
204	-3.9	9.4431927859409
205	-3.89	9.462525591902
206	-3.88	9.4656983370701
207	-3.87	9.4801164335642
208	-3.86	9.4878470519305
209	-3.85	9.5045574297252
210	-3.84	9.5209404374459
211	-3.83	9.5223494725332
212	-3.82	9.5307961715981
213	-3.81	9.5437108194192
214	-3.8	9.5534517823542
215	-3.79	9.562015593185
216	-3.78	9.5707353915426
217	-3.77	9.581048418691
218	-3.76	9.5928159977951
219	-3.75	9.6044946844287
220	-3.74	9.6155697105123
221	-3.73	9.6201179416185
222	-3.72	9.6318863625037
223	-3.71	9.6415349168565
224	-3.7	9.6486591195815
225	-3.69	9.6612219917351
226	-3.68	9.6672659388486
227	-3.67	9.6799500033534
228	-3.66	9.6894682942753
229	-3.65	9.6986194085968
230	-3.64	9.7166175665975
231	-3.63	9.7201592384447
232	-3.62	9.730984234152
233	-3.61	9.7364946064275
234	-3.6	9.7523091885188
235	-3.59	9.7580640835107
236	-3.58	9.7701995629425
237	-3.57	9.7801234579836
238	-3.56	9.7927304905018
239	-3.55	9.8000180177235
240	-3.54	9.8081415629898
241	-3.53	9.820050074721
242	-3.52	9.8311366559505
243	-3.51	9.8393865914528
244	-3.5	9.8490587913488
245	-3.49	9.8577651774778
246	-3.48	9.8695232830549
247	-3.47	9.8798102235168
248	-3.46	9.8919629065878
249	-3.45	9.8973411650692
250	-3.44	9.9121827034722
251	-3.43	9.9204254672665
252	-3.42	9.928751840546
253	-3.41	9.9393511983358
254	-3.4	9.9497947293466
255	-3.39	9.9598779559424
256	-3.38	9.9669694914764
257	-3.37	9.9788788557983
258	-3.36	9.9893020356217
259	-3.35	10.00032512857
260	-3.34	10.010228269733
261	-3.33	10.021110586451
262	-3.32	10.031797150488
263	-3.31	10.039072279558
264	-3.3	10.051804919757
265	-3.29	10.060626513862
266	-3.28	10.071257257285
267	-3.27	10.078828004798
268	-3.26	10.088672030703
269	-3.25	10.101826049632
270	-3.24	10.109929361074
271	-3.23	10.119668329921
272	-3.22	10.130451594967
273	-3.21	10.139108041126
274	-3.2	10.150630921641
275	-3.19	10.158681358284
276	-3.18	10.16863496926
277	-3.17	10.18023194516
278	-3.16	10.189374879987
279	-3.15	10.199234479118
280	-3.14	10.210570896848
281	-3.13	10.22057740889
282	-3.12	10.230285435524
283	-3.11	10.239646057698
284	-3.1	10.250154894085
285	-3.09	10.259724715942
286	-3.08	10.269873232632
287	-3.07	10.27780951561
288	-3.06	10.287732133562
289	-3.05	10.300256581357
290	-3.04	10.310790462696
291	-3.03	10.319552657568
292	-3.02	10.329944643597
293	-3.01	10.339875736439
294	-3	10.349839073676
295	-2.99	10.359936791549
296	-2.98	10.369606348035
297	-2.97	10.379363667811
298	-2.96	10.39014469147
299	-2.95	10.39951724268
300	-2.94	10.409977600004
301	-2.93	10.419669971737
302	-2.92	10.430642765934
303	-2.91	10.440601991088
304	-2.9	10.45082576626
305	-2.89	10.460448333152
306	-2.88	10.470465474086
307	-2.87	10.480634981498
308	-2.86	10.489588907882
309	-2.85	10.499962122538
310	-2.84	10.509902907632
311	-2.83	10.520203154468
312	-2.82	10.52958347718
313	-2.81	10.540762241215
314	-2.8	10.549720068946
315	-2.79	10.560344003445
316	-2.78	10.569298703944
317	-2.77	10.580066117243
318	-2.76	10.590875929876
319	-2.75	10.600176751555
320	-2.74	10.610072347393
321	-2.73	10.619997442738
322	-2.72	10.629956658683
323	-2.71	10.640084407359
324	-2.7	10.649573700206
325	-2.69	10.65993999072
326	-2.68	10.670034050424
327	-2.67	10.680208364886
328	-2.66	10.689981890036
329	-2.65	10.700029072855
330	-2.64	10.710253667745
331	-2.63	10.720068964957
332	-2.62	10.729892708656
333	-2.61	10.739544596098
334	-2.6	10.74971914241
335	-2.59	10.7604705071
336	-2.58	10.770115203271
337	-2.57	10.77999241161
338	-2.56	10.790013226697
339	-2.55	10.799507157014
340	-2.54	10.810041748795
341	-2.53	10.820266863183
342	-2.52	10.83003840704
343	-2.51	10.839973940479
344	-2.5	10.85013159222
345	-2.49	10.859862835326
346	-2.48	10.869810481936
347	-2.47	10.879980572195
348	-2.46	10.89001332598
349	-2.45	10.900013257586
350	-2.44	10.909874881505
351	-2.43	10.91986788237
352	-2.42	10.930082296308
353	-2.41	10.940442655463
354	-2.4	10.949979125215
355	-2.39	10.960070567388
356	-2.38	10.970234364201
357	-2.37	10.979891104818
358	-2.36	10.99021193638
359	-2.35	11.00025850171
360	-2.34	11.009927187173
361	-2.33	11.020237140431
362	-2.32	11.030088301803
363	-2.31	11.040157371781
364	-2.3	11.049973718396
365	-2.29	11.060240839744
366	-2.28	11.070003449083
367	-2.27	11.080242435733
368	-2.26	11.090374002804
369	-2.25	11.100027247811
370	-2.24	11.110210480384
371	-2.23	11.120095277749
372	-2.22	11.130132594983
373	-2.21	11.140114049933
374	-2.2	11.150045525827
375	-2.19	11.159971763535
376	-2.18	11.170167325149
377	-2.17	11.18010938746
378	-2.16	11.190048422817
379	-2.15	11.200098116843
380	-2.14	11.210154634549
381	-2.13	11.220172862134
382	-2.12	11.230164200886
383	-2.11	11.240081345765
384	-2.1	11.250176943809
385	-2.09	11.260088975011
386	-2.08	11.270103893204
387	-2.07	11.280164507946
388	-2.06	11.290096866749
389	-2.05	11.30007612269
390	-2.04	11.310096871187
391	-2.03	11.320153309307
392	-2.02	11.33007968425
393	-2.01	11.339984341924
394	-2	11.350101060539
395	-1.99	11.36009687691
396	-1.98	11.370085852975
397	-1.97	11.380006349869
398	-1.96	11.390024845695
399	-1.95	11.400057869815
400	-1.94	11.41006306731
401	-1.93	11.420025181715
402	-1.92	11.429948915194
403	-1.91	11.44008916205
404	-1.9	11.449987891109
405	-1.89	11.460011660909
406	-1.88	11.469985023888
407	-1.87	11.480017237579
408	-1.86	11.49005703667
409	-1.85	11.500019620122
410	-1.84	11.510014227448
411	-1.83	11.519941377281
412	-1.82	11.529929534036
413	-1.81	11.539998097826
414	-1.8	11.54995601807
415	-1.79	11.559935458988
416	-1.78	11.570014326153
417	-1.77	11.579898682753
418	-1.76	11.590001098787
419	-1.75	11.599969949705
420	-1.74	11.610006312391
421	-1.73	11.619947357844
422	-1.72	11.629917403771
423	-1.71	11.639962574631
424	-1.7	11.649996254333
425	-1.69	11.659963527485
426	-1.68	11.66987910164
427	-1.67	11.679900181979
428	-1.66	11.689899065366
429	-1.65	11.699880913935
430	-1.64	11.709897785937
431	-1.63	11.719849761391
432	-1.62	11.729830524836
433	-1.61	11.73983400271
434	-1.6	11.749785100798
435	-1.59	11.759773901104
436	-1.58	11.769780873172
437	-1.57	11.779808004146
438	-1.56	11.789757977224
439	-1.55	11.799714650178
440	-1.54	11.809713313147
441	-1.53	11.819706796832
442	-1.52	11.829655405061
443	-1.51	11.839655097837
444	-1.5	11.849626613067
445	-1.49	11.859580853239
446	-1.48	11.869574059181
447	-1.47	11.879554455423
448	-1.46	11.889547898222
449	-1.45	11.899498576828
450	-1.44	11.90949178234
451	-1.43	11.919483253422
452	-1.42	11.929406101736
453	-1.41	11.939366525778
454	-1.4	11.949363562327
455	-1.39	11.959314562173
456	-1.38	11.969255923415
457	-1.37	11.979240928509
458	-1.36	11.989204405818
459	-1.35	11.999137929675
460	-1.34	12.009120552922
461	-1.33	12.019076140105
462	-1.32	12.029044690188
463	-1.31	12.038983837715
464	-1.3	12.048923554567
465	-1.29	12.058857257472
466	-1.28	12.068800027055
467	-1.27	12.078750786836
468	-1.26	12.088682511154
469	-1.25	12.098609649903
470	-1.24	12.108541089166
471	-1.23	12.118475224897
472	-1.22	12.128387330186
473	-1.21	12.138320603048
474	-1.2	12.14822087629
475	-1.19	12.158122749663
476	-1.18	12.168034278152
477	-1.17	12.177937415075
478	-1.16	12.187843145014
479	-1.15	12.19774689152
480	-1.14	12.207628849148
481	-1.13	12.217502196875
482	-1.12	12.227377474879
483	-1.11	12.237263150724
484	-1.1	12.247121358531
485	-1.09	12.256993879736
486	-1.08	12.266839846486
487	-1.07	12.276683565431
488	-1.06	12.286537395491
489	-1.05	12.296346177033
490	-1.04	12.30618224011
491	-1.03	12.315978672914
492	-1.02	12.325784903641
493	-1.01	12.335605356235
494	-1	12.345388763464
495	-0.99	12.355163186913
496	-0.98	12.364935201641
497	-0.97	12.374690187439
498	-0.96	12.384429251671
499	-0.95	12.394164292496
500	-0.94	12.403880673941
501	-0.93	12.413588696125
502	-0.92	12.423283440693
503	-0.91	12.432969452842
504	-0.9	12.442635749242
505	-0.89	12.452280993332
506	-0.88	12.461906985472
507	-0.87	12.471516475817
508	-0.86	12.481124562419
509	-0.85	12.490701448823
510	-0.84	12.500247854289
511	-0.83	12.509793795075
512	-0.82	12.519312494204
513	-0.81	12.52879536625
514	-0.8	12.538269102416
515	-0.79	12.547707742657
516	-0.78	12.557126492782
517	-0.77	12.56652147745
518	-0.76	12.57587507681
519	-0.75	12.585201121317
520	-0.74	12.594508266921
521	-0.73	12.603773513885
522	-0.72	12.61299813341
523	-0.71	12.622194243612
524	-0.7	12.631349192897
525	-0.69	12.640465665096
526	-0.68	12.649541536386
527	-0.67	12.658576678939
528	-0.66	12.667563295614
529	-0.65	12.676503506577
530	-0.64	12.685395468726
531	-0.63	12.694227924466
532	-0.62	12.703012676644
533	-0.61	12.711736383048
534	-0.6	12.720407306588
535	-0.59	12.729006961731
536	-0.58	12.737543351196
537	-0.57	12.746012559753
538	-0.56	12.754411983498
539	-0.55	12.76272910121
540	-0.54	12.770970998986
541	-0.53	12.77913325979
542	-0.52	12.787205376238
543	-0.51	12.795189149205
544	-0.5	12.803078377019
545	-0.49	12.810869395437
546	-0.48	12.818555809865
547	-0.47	12.826132612271
548	-0.46	12.833596346519
549	-0.45	12.840941885764
550	-0.44	12.848160835096
551	-0.43	12.855256621139
552	-0.42	12.86221104801
553	-0.41	12.869024083842
554	-0.4	12.875689493436
555	-0.39	12.882195000628
556	-0.38	12.888539177015
557	-0.37	12.894716789887
558	-0.36	12.90071014615
559	-0.35	12.90651643113
560	-0.34	12.912133657021
561	-0.33	12.917541756635
562	-0.32	12.922736698771
563	-0.31	12.92770830418
564	-0.3	12.93244586562
565	-0.29	12.936940908614
566	-0.28	12.94117741697
567	-0.27	12.945145707582
568	-0.26	12.94883500927
569	-0.25	12.952230369704
570	-0.24	12.955324477838
571	-0.23	12.958094131976
572	-0.22	12.960530503003
573	-0.21	12.962615147284
574	-0.2	12.964337889558
575	-0.19	12.965677192709
576	-0.18	12.966618425181
577	-0.17	12.967141402468
578	-0.16	12.967229791934
579	-0.15	12.966859359163
580	-0.14	12.966016106574
581	-0.13	12.964674836019
582	-0.12	12.962816280541
583	-0.11	12.960412203794
584	-0.1	12.957445474999
585	-0.09	12.953887672349
586	-0.08	12.949711711629
587	-0.07	12.944891256134
588	-0.06	12.939398695327
589	-0.05	12.933205325518
590	-0.04	12.926283381016
591	-0.03	12.918594909296
592	-0.02	12.910111694782
593	-0.01	12.900800976012
594	0	12.890620889752
595	0.01	12.879539435417
596	0.02	12.86752269852
597	0.03	12.854524675681
598	0.04	12.840507822101
599	0.05	12.82542764068
600	0.06	12.809243401947
601	0.07	12.791908894016
602	0.08	12.773377644249
603	0.09	12.753598700308
604	0.1	12.732525597698
605	0.11	12.710106853039
606	0.12	12.686290187626
607	0.13	12.661018358932
608	0.14	12.634238812383
609	0.15	12.605891427993
610	0.16	12.575919449048
611	0.17	12.544261887822
612	0.18	12.51085305834
613	0.19	12.475633036238
614	0.2	12.438535670441
615	0.21	12.39949371122
616	0.22	12.358444706565
617	0.23	12.315311592264
618	0.24	12.270025240531
619	0.25	12.222523325661
620	0.26	12.172728784886
621	0.27	12.120563862842
622	0.28	12.065957930012
623	0.29	12.008846793431
624	0.3	11.94914365963
625	0.31	11.886783276815
626	0.32	11.821687311468
627	0.33	11.753799951809
628	0.34	11.683032480988
629	0.35	11.609326846793
630	0.36	11.532616606376
631	0.37	11.452862081443
632	0.38	11.370002700962
633	0.39	11.283996797828
634	0.4	11.19481335368
635	0.41	11.102463546301
636	0.42	11.006949104881
637	0.43	10.908325986012
638	0.44	10.806684171044
639	0.45	10.702144341824
640	0.46	10.594950184542
641	0.47	10.485416958304
642	0.48	10.373972669275
643	0.49	10.261169027305
644	0.5	10.147868018449
645	0.51	10.035021718591
646	0.52	9.9238220062058
647	0.53	9.815785147756
648	0.54	9.7124514370173
649	0.55	9.6155264921331
650	0.56	9.5264214249756
651	0.57	9.4461815347603
652	0.58	9.375358537352
653	0.59	9.3139090890642
654	0.6	9.2610820716735
655	0.61	9.2158361025916
656	0.62	9.1770463904522
657	0.63	9.1432108964078
658	0.64	9.1133161256656
659	0.65	9.0862815650878
660	0.66	9.0613855567923
661	0.67	9.0380548488863
662	0.68	9.0156644518401
663	0.69	8.9941305494172
664	0.7	8.9731472248485
665	0.71	8.9525873701163
666	0.72	8.9322579361484
667	0.73	8.9121610325401
668	0.74	8.8923017281959
669	0.75	8.8724867577142
670	0.76	8.8529371888601
671	0.77	8.8333263853865
672	0.78	8.8139750748712
673	0.79	8.7946195416038
674	0.8	8.775385260563
675	0.81	8.7560961543402
676	0.82	8.7369768954585
677	0.83	8.7178922117584
678	0.84	8.6987616251282
679	0.85	8.6797198579363
680	0.86	8.6607527735148
681	0.87	8.6418451752146
682	0.88	8.6229920617126
683	0.89	8.6040352352285
684	0.9	8.5851035910373
685	0.91	8.5662903432359
686	0.92	8.547521848853
687	0.93	8.5287663005652
688	0.94	8.5101335736473
689	0.95	8.4912119477534
690	0.96	8.4725626511656
691	0.97	8.4539973763304
692	0.98	8.4353726063574
693	0.99	8.4167877035866
694	1	8.3982946722462
695	1.01	8.3797462150948
696	1.02	8.3612527161618
697	1.03	8.342741186358
698	1.04	8.3242146428379
699	1.05	8.3055738006261
700	1.06	8.2871878106403
701	1.07	8.2687912300217
702	1.08	8.2502533078822
703	1.09	8.2316940900207
704	1.1	8.2133815886942
705	1.11	8.1948548107339
706	1.12	8.1764507628355
707	1.13	8.1578455679851
708	1.14	8.1395561954756
709	1.15	8.1211907614214
710	1.16	8.1027441356563
711	1.17	8.0842679386377
712	1.18	8.0659020331269
713	1.19	8.0474570399467
714	1.2	8.0290911643029
715	1.21	8.0106360278443
716	1.22	7.9923525623942
717	1.23	7.9740973212856
718	1.24	7.9556342404536
719	1.25	7.9374055963388
720	1.26	7.9189483929172
721	1.27	7.9006619369105
722	1.28	7.8821956498967
723	1.29	7.8638242690187
724	1.3	7.8455038832457
725	1.31	7.8271639586466
726	1.32	7.8088141010341
727	1.33	7.7903274187146
728	1.34	7.7719851955409
729	1.35	7.753752783603
730	1.36	7.735598441854
731	1.37	7.7170522299875
732	1.38	7.6988786688294
733	1.39	7.6808126084022
734	1.4	7.6624004202457
735	1.41	7.6444489185311
736	1.42	7.6263821505373
737	1.43	7.6084783803876
738	1.44	7.5906818392648
739	1.45	7.572732353456
740	1.46	7.5551091309534
741	1.47	7.5374162714914
742	1.48	7.5197243266902
743	1.49	7.501808608913
744	1.5	7.4841828162017
745	1.51	7.4661460568707
746	1.52	7.4484272260407
747	1.53	7.4308001411344
748	1.54	7.4130804405123
749	1.55	7.395541559213
750	1.56	7.3779471775419
751	1.57	7.3605088697078
752	1.58	7.3431266666722
753	1.59	7.3257051448059
754	1.6	7.3083001143748
755	1.61	7.2910688958489
756	1.62	7.2736768064321
757	1.63	7.2561367607267
758	1.64	7.2385694721734
759	1.65	7.2209423781604
760	1.66	7.2038014912031
761	1.67	7.1864845879277
762	1.68	7.1694655831253
763	1.69	7.1524343011488
764	1.7	7.1355773281114
765	1.71	7.1185280087191
766	1.72	7.1013026117942
767	1.73	7.0841445013487
768	1.74	7.0670596101964
769	1.75	7.0504572095204
770	1.76	7.0333911030263
771	1.77	7.0167426364895
772	1.78	6.9997567316939
773	1.79	6.9830978437153
774	1.8	6.9662031641365
775	1.81	6.9495859395851
776	1.82	6.9331507464412
777	1.83	6.9168704802189
778	1.84	6.9007675685868
779	1.85	6.8846343491644
780	1.86	6.8680335110451
781	1.87	6.851356413031
782	1.88	6.8346901027635
783	1.89	6.8182410118696
784	1.9	6.8013314345392
785	1.91	6.7846726350462
786	1.92	6.7682798323167
787	1.93	6.7519464649181
788	1.94	6.7360311990324
789	1.95	6.7199175884469
790	1.96	6.7041343109599
791	1.97	6.6880189566715
792	1.98	6.6720802816326
793	1.99	6.6561869947083
794	2	6.6397624872048
795	2.01	6.6229273576313
796	2.02	6.6067042269048
797	2.03	6.5907189469189
798	2.04	6.5747257802359
799	2.05	6.5587859183565
800	2.06	6.5425461925318
801	2.07	6.5260713483089
802	2.08	6.5103693345246
803	2.09	6.4938610676897
804	2.1	6.4780646326104
805	2.11	6.4620325734067
806	2.12	6.4463674937782
807	2.13	6.4311286430339
808	2.14	6.4154716522731
809	2.15	6.3998756647403
810	2.16	6.3841524320374
811	2.17	6.3684600480304
812	2.18	6.3526188688072
813	2.19	6.3363978300973
814	2.2	6.3206157251686
815	2.21	6.3044445778447
816	2.22	6.2891344809656
817	2.23	6.2737772785105
818	2.24	6.2574873089695
819	2.25	6.2412702109518
820	2.26	6.2255359204235
821	2.27	6.2093717956566
822	2.28	6.1936989206892
823	2.29	6.1782140835627
824	2.3	6.1627411095057
825	2.31	6.1468153034259
826	2.32	6.1311236198094
827	2.33	6.1150344019284
828	2.34	6.0987974120375
829	2.35	6.083501488455
830	2.36	6.0670816530011
831	2.37	6.0505099886302
832	2.38	6.0349834676067
833	2.39	6.0190920579073
834	2.4	6.0034881144984
835	2.41	5.9883865600228
836	2.42	5.9740185664205
837	2.43	5.9590528201872
838	2.44	5.9440273010253
839	2.45	5.9294467634019
840	2.46	5.9148434967672
841	2.47	5.9007548611155
842	2.48	5.8860409821335
843	2.49	5.8710747049758
844	2.5	5.8558918479129
845	2.51	5.8410110774896
846	2.52	5.8261600904614
847	2.53	5.8105956846576
848	2.54	5.7949382131725
849	2.55	5.7795501719887
850	2.56	5.763753864952
851	2.57	5.7481821235589
852	2.58	5.7334840610806
853	2.59	5.7194136438813
854	2.6	5.7054968492702
855	2.61	5.6914229776963
856	2.62	5.6772652522311
857	2.63	5.6623509919468
858	2.64	5.6477019934162
859	2.65	5.6327631632981
860	2.66	5.6187198165992
861	2.67	5.604632358704
862	2.68	5.5903949658203
863	2.69	5.5761915434265
864	2.7	5.5608708401232
865	2.71	5.5465031289896
866	2.72	5.5324122276482
867	2.73	5.5187399501844
868	2.74	5.504986038247
869	2.75	5.4911365075769
870	2.76	5.4774960445175
871	2.77	5.4640214873222
872	2.78	5.4498478313854
873	2.79	5.4350507211505
874	2.8	5.4209480904736
875	2.81	5.406020362929
876	2.82	5.3912252636407
877	2.83	5.376392108633
878	2.84	5.3617325528308
879	2.85	5.3470949481216
880	2.86	5.332132660511
881	2.87	5.3159649407985
882	2.88	5.3010096065372
883	2.89	5.2855993511045
884	2.9	5.2706013028295
885	2.91	5.2565886137561
886	2.92	5.2422905297271
887	2.93	5.227867274514
888	2.94	5.2129197120032
889	2.95	5.197317818752
890	2.96	5.1808260622856
891	2.97	5.1645212037971
892	2.98	5.1475439773342
893	2.99	5.1315066123345
894	3	5.1169865477821
895	3.01	5.1022552667199
896	3.02	5.0848582453687
897	3.03	5.0669104731544
898	3.04	5.0493207664028
899	3.05	5.0313950094216
900	3.06	5.0137416490459
901	3.07	4.9976847030676
902	3.08	4.9823440720549
903	3.09	4.9669725140236
904	3.1	4.9511742402152
905	3.11	4.9355445079314
906	3.12	4.9173979122789
907	3.13	4.8991793499617
908	3.14	4.8811636551772
909	3.15	4.8645689496526
910	3.16	4.8464207927224
911	3.17	4.8281450574378
912	3.18	4.8097639795684
913	3.19	4.7916112888509
914	3.2	4.774733103019
915	3.21	4.7579972777512
916	3.22	4.7398405341393
917	3.23	4.7208835795814
918	3.24	4.7045039660483
919	3.25	4.6877117395517
920	3.26	4.6716318428292
921	3.27	4.6541501141094
922	3.28	4.6370806636718
923	3.29	4.619547806674
924	3.3	4.602302362937
925	3.31	4.5853301845674
926	3.32	4.5667741099539
927	3.33	4.548281282759
928	3.34	4.5309277548248
929	3.35	4.5143900866623
930	3.36	4.4956801173483
931	3.37	4.47762765296
932	3.38	4.4603779954124
933	3.39	4.4433536478733
934	3.4	4.4258297990277
935	3.41	4.4081813301115
936	3.42	4.3900103275237
937	3.43	4.3691397243287
938	3.44	4.350130647264
939	3.45	4.331227340515
940	3.46	4.3115112484944
941	3.47	4.2933373038795
942	3.48	4.2784795750735
943	3.49	4.2651089976027
944	3.5	4.244495490886
945	3.51	4.2231487841574
946	3.52	4.2012027982861
947	3.53	4.179351507042
948	3.54	4.1580732007574
949	3.55	4.1394503940769
950	3.56	4.1226992143667
951	3.57	4.10509641405
952	3.58	4.0902262546094
953	3.59	4.0722677736277
954	3.6	4.0532912263398
955	3.61	4.034877827742
956	3.62	4.014475038859
957	3.63	3.9946682159788
958	3.64	3.9780622199948
959	3.65	3.9632166361894
960	3.66	3.9460161682869
961	3.67	3.9281803219266
962	3.68	3.912272420332
963	3.69	3.893791978702
964	3.7	3.8733253095856
965	3.71	3.8552323410871
966	3.72	3.8366979010669
967	3.73	3.8205837641789
968	3.74	3.8056201554923
969	3.75	3.7925784104831
970	3.76	3.7773112492191
971	3.77	3.7617266841361
972	3.78	3.7448431772427
973	3.79	3.7281886890829
974	3.8	3.715118414834
975	3.81	3.7010360137502
976	3.82	3.6843910500821
977	3.83	3.6666804876139
978	3.84	3.6502339715986
979	3.85	3.632222069163
980	3.86	3.6167314241432
981	3.87	3.6033188085195
982	3.88	3.5884865361726
983	3.89	3.5740232029977
984	3.9	3.5606224847322
985	3.91	3.5442685639357
986	3.92	3.5279117606276
987	3.93	3.5125484242671
988	3.94	3.4987095753238
989	3.95	3.4861000378434
990	3.96	3.4728075557367
991	3.97	3.4610739738185
992	3.98	3.4500178806482
993	3.99	3.4334703446561
994	4	3.4172290656145
995	4.01	3.4023259872266
996	4.02	3.3900986247723
997	4.03	3.3769134112393
998	4.04	3.3636540361786
999	4.05	3.3532935151495
1000	4.06	3.3424902058226
1001	4.07	3.3310641637402
1002	4.08	3.3189994516271
1003	4.09	3.3045773618362
1004	4.1	3.2900828954026
1005	4.11	3.2779451102868
1006	4.12	3.2678601826447
1007	4.13	3.2566330565506
1008	4.14	3.246081383495
1009	4.15	3.2361317759835
1010	4.16	3.2259821319583
1011	4.17	3.216301516881
1012	4.18	3.2047489025761
1013	4.19	3.1953247936624
1014	4.2	3.1855026137436
1015	4.21	3.1754832046109
1016	4.22	3.1655383242814
1017	4.23	3.1581380659126
1018	4.24	3.1479404782981
1019	4.25	3.1406095633499
1020	4.26	3.131199961459
1021	4.27	3.1252929690613
1022	4.28	3.1166396972458
1023	4.29	3.1093101609357
1024	4.3	3.1002604684268
1025	4.31	3.0915574892726
1026	4.32	3.0841555860113
1027	4.33	3.0774709996581
1028	4.34	3.0695150193713
1029	4.35	3.062079228162
1030	4.36	3.0541947534468
1031	4.37	3.0487469382838
1032	4.38	3.0412516498325
1033	4.39	3.0353853622511
1034	4.4	3.0279148576062
1035	4.41	3.0208803041296
1036	4.42	3.013847171256
1037	4.43	3.0077916875567
1038	4.44	3.0009551893468
1039	4.45	2.996354312507
1040	4.46	2.9898038862637
1041	4.47	2.9831146674063
1042	4.48	2.9779433241591
1043	4.49	2.9710356593653
1044	4.5	2.9654644227409
1045	4.51	2.9597487352671
1046	4.52	2.95414884357
1047	4.53	2.9495026184747
1048	4.54	2.9432467098841
1049	4.55	2.9366606102351
1050	4.56	2.9320048267931
1051	4.57	2.9273590935233
1052	4.58	2.9214858890462
1053	4.59	2.9161928404167
1054	4.6	2.9110581088294
1055	4.61	2.9056998097872
1056	4.62	2.8989721475997
1057	4.63	2.8940346974308
1058	4.64	2.8888743147604
1059	4.65	2.8836583872055
1060	4.66	2.8783215356151
1061	4.67	2.8735134072382
1062	4.68	2.8682283585426
1063	4.69	2.8628583469711
1064	4.7	2.8566041964456
1065	4.71	2.8511601953977
1066	4.72	2.8461582779679
1067	4.73	2.8413116069854
1068	4.74	2.835222895886
1069	4.75	2.8306678285509
1070	4.76	2.8233609694004
1071	4.77	2.8191093212964
1072	4.78	2.8139729323759
1073	4.79	2.8081099052329
1074	4.8	2.8027914626004
1075	4.81	2.7964551548247
1076	4.82	2.7909159690782
1077	4.83	2.7852019868978
1078	4.84	2.7782639539056
1079	4.85	2.7733619448389
1080	4.86	2.7666857825119
1081	4.87	2.7597282912582
1082	4.88	2.7544439676699
1083	4.89	2.7485999607849
1084	4.9	2.7418238191497
1085	4.91	2.7362203037495
1086	4.92	2.7300309481523
1087	4.93	2.7234659358311
1088	4.94	2.7164577439361
1089	4.95	2.7100776899586
1090	4.96	2.7039977773888
1091	4.97	2.6975341797584
1092	4.98	2.6900916231497
1093	4.99	2.6838935760422
1094	5	2.6768047423621
1095	5.01	2.6702659612868
1096	5.02	2.6632068428134
1097	5.03	2.6563676041246
1098	5.04	2.6500537848459
1099	5.05	2.6409803557871
1100	5.06	2.6352487307631
1101	5.07	2.6270362580568
1102	5.08	2.6198574459713
1103	5.09	2.61126795121
1104	5.1	2.6043197848605
1105	5.11	2.596774211307
1106	5.12	2.5890014763469
1107	5.13	2.5811997739844
1108	5.14	2.5729258889091
1109	5.15	2.565339191683
1110	5.16	2.5563978983879
1111	5.17	2.548732569929
1112	5.18	2.5406024381748
1113	5.19	2.5311934800386
1114	5.2	2.5223299054636
1115	5.21	2.514171212211
1116	5.22	2.5046041862825
1117	5.23	2.4966083074315
1118	5.24	2.486576096134
1119	5.25	2.4781763352714
1120	5.26	2.4688529564191
1121	5.27	2.4594335866834
1122	5.28	2.4505079906576
1123	5.29	2.4407405042275
1124	5.3	2.4310927197294
1125	5.31	2.4204364229694
1126	5.32	2.4110643427924
1127	5.33	2.401061189685
1128	5.34	2.3912331757797
1129	5.35	2.380539210121
1130	5.36	2.3707951952165
1131	5.37	2.3611725855986
1132	5.38	2.3500661174333
1133	5.39	2.3391085293775
1134	5.4	2.3285725684815
1135	5.41	2.3177200784963
1136	5.42	2.3078372760195
1137	5.43	2.2959136421386
1138	5.44	2.2847542211758
1139	5.45	2.2739419205162
1140	5.46	2.2615742900823
1141	5.47	2.250486143522
1142	5.48	2.2386482200449
1143	5.49	2.2270272541118
1144	5.5	2.2153021373896
1145	5.51	2.2028915506587
1146	5.52	2.1911693334293
1147	5.53	2.1784858649554
1148	5.54	2.1661368593394
1149	5.55	2.1535485701082
1150	5.56	2.1414060118441
1151	5.57	2.1279049604876
1152	5.58	2.1157981494247
1153	5.59	2.1036722858049
1154	5.6	2.0895926478753
1155	5.61	2.0758088385219
1156	5.62	2.0628593555558
1157	5.63	2.0490647388402
1158	5.64	2.0360323522871
1159	5.65	2.0217908001515
1160	5.66	2.0081744477078
1161	5.67	1.9942679414783
1162	5.68	1.9800236419548
1163	5.69	1.9650531132136
1164	5.7	1.9506262776413
1165	5.71	1.935815481172
1166	5.72	1.9206333690838
1167	5.73	1.9054725110536
1168	5.74	1.8905270019044
1169	5.75	1.8747877089406
1170	5.76	1.8594737524305
1171	5.77	1.8433848026531
1172	5.78	1.8275162283695
1173	5.79	1.8117366995126
1174	5.8	1.7959571711874
1175	5.81	1.7790009763295
1176	5.82	1.7630812734133
1177	5.83	1.7458228668916
1178	5.84	1.7296123024183
1179	5.85	1.7127921932138
1180	5.86	1.6958270828948
1181	5.87	1.6787734996935
1182	5.88	1.6604970269296
1183	5.89	1.6432000259565
1184	5.9	1.6258912816533
1185	5.91	1.607489756281
1186	5.92	1.5900032692277
1187	5.93	1.5713610487321
1188	5.94	1.5533750305396
1189	5.95	1.5334735291756
1190	5.96	1.5158861400551
1191	5.97	1.4965950282479
1192	5.98	1.4767293234684
1193	5.99	1.4589185657141
1194	6	1.4383825209791
1195	6.01	1.4184369976245
1196	6.02	1.3986397735375
1197	6.03	1.378862950268
1198	6.04	1.3581610079467
1199	6.05	1.3369929707288
1200	6.06	1.3171983160683
1201	6.07	1.2964895847065
1202	6.08	1.27699492998
1203	6.09	1.2547526570347
1204	6.1	1.2333395671664
1205	6.11	1.2117461246426
1206	6.12	1.1908739931579
1207	6.13	1.1683869410078
1208	6.14	1.1464303382152
1209	6.15	1.1244050147615
1210	6.16	1.1009402427657
1211	6.17	1.0794767878325
1212	6.18	1.0563266794151
1213	6.19	1.033450848505
1214	6.2	1.0097186797154
1215	6.21	0.98720730786478
1216	6.22	0.96342195969082
1217	6.23	0.9389175647289
1218	6.24	0.91643866021097
1219	6.25	0.89143196017603
1220	6.26	0.86585563406926
1221	6.27	0.84088050877907
1222	6.28	0.81774136070955
1223	6.29	0.79145067493055
1224	6.3	0.76752053928229
1225	6.31	0.74210282585517
1226	6.32	0.71623730193894
1227	6.33	0.69004037178798
1228	6.34	0.66384636095673
1229	6.35	0.63917093350602
1230	6.36	0.6098009067701
1231	6.37	0.58321183307005
1232	6.38	0.55648809858615
1233	6.39	0.53039909560078
1234	6.4	0.50356860517047
1235	6.41	0.47681156045428
1236	6.42	0.44980720024128
1237	6.43	0.42097095076752
1238	6.44	0.39322878182888
1239	6.45	0.36397887818274
1240	6.46	0.33558192265358
1241	6.47	0.30841786706437
1242	6.48	0.27997748453649
1243	6.49	0.24950804747101
1244	6.5	0.22246178868474
1245	6.51	0.19212037440054
1246	6.52	0.16127060377675
1247	6.53	0.13182916032848
1248	6.54	0.10446747475961
1249	6.55	0.073286514843702
1250	6.56	0.045126093272372
1251	6.57	0.013838694879192
1252	6.58	-0.018049412459706
1253	6.59	-0.044765550295601
1254	6.6	-0.077939820421952
1255	6.61	-0.10717463540993
1256	6.62	-0.13804022012148
1257	6.63	-0.17394659059652
1258	6.64	-0.20205829256027
1259	6.65	-0.23233311022507
1260	6.66	-0.26526224571308
1261	6.67	-0.29872307501032
1262	6.68	-0.3290624742213
1263	6.69	-0.36370757754245
1264	6.7	-0.39563243030209
1265	6.71	-0.42768822498322
1266	6.72	-0.45680993060722
1267	6.73	-0.48857218475649
1268	6.74	-0.5217450881754
1269	6.75	-0.55560923807909
1270	6.76	-0.59012092131046
1271	6.77	-0.61632495848643
1272	6.78	-0.65528500205693
1273	6.79	-0.68584707519692
1274	6.8	-0.7249980905709
1275	6.81	-0.75897582597412
1276	6.82	-0.78728354604827
1277	6.83	-0.82526096244571
1278	6.84	-0.85600926960659
1279	6.85	-0.88818988984771
1280	6.86	-0.92564783762251
1281	6.87	-0.96458430041571
1282	6.88	-0.99577594449459
1283	6.89	-1.0317249371469
1284	6.9	-1.0662703097381
1285	6.91	-1.0954686155164
1286	6.92	-1.1337151721506
1287	6.93	-1.1745563421992
1288	6.94	-1.2088736507461
1289	6.95	-1.2519808558634
1290	6.96	-1.2787451127391
1291	6.97	-1.3233271679907
1292	6.98	-1.3580131160001
1293	6.99	-1.3932793502677
1294	7	-1.43092000134
1295	7.01	-1.4736646378219
1296	7.02	-1.5141689209386
1297	7.03	-1.5410281065874
1298	7.04	-1.5756322288276
1299	7.05	-1.6139200007396
1300	7.06	-1.653513202384
1301	7.07	-1.6780298945718
1302	7.08	-1.7263054653281
1303	7.09	-1.7673799211172
1304	7.1	-1.7991843078677
1305	7.11	-1.8484592826277
1306	7.12	-1.8821240270702
1307	7.13	-1.9115283430492
1308	7.14	-1.958405477619
1309	7.15	-2.0010105816252
1310	7.16	-2.03650385628
1311	7.17	-2.0886494030114
1312	7.18	-2.1250858730343
1313	7.19	-2.1666190091633
1314	7.2	-2.2125592986649
1315	7.21	-2.2679502322845
1316	7.22	-2.2888627280502
1317	7.23	-2.3116469123935
1318	7.24	-2.3881766033497
1319	7.25	-2.4078339508423
1320	7.26	-2.4720831209131
1321	7.27	-2.5169476913657
1322	7.28	-2.5623208150949
1323	7.29	-2.6120186551869
1324	7.3	-2.6426935982303
1325	7.31	-2.6899540497221
1326	7.32	-2.7447073907443
1327	7.33	-2.7984635207037
1328	7.34	-2.8893119261188
1329	7.35	-2.8913672933219
1330	7.36	-2.947708317033
1331	7.37	-2.9879322996389
1332	7.38	-3.0287347396677
1333	7.39	-3.1469202366205
1334	7.4	-3.2035167122285
1335	7.41	-3.1993536805611
1336	7.42	-3.240646038815
1337	7.43	-3.2843694110658
1338	7.44	-3.31650385628
1339	7.45	-3.3528327950024
1340	7.46	-3.433059198397
1341	7.47	-3.4430591983971
1342	7.48	-3.4900427646503
1343	7.49	-3.5921538947766
1344	7.5	-3.5974074597521
1345	7.51	-3.6417763613834
1346	7.52	-3.7032483354685
1347	7.53	-3.7816355724624
1348	7.54	-3.8088035975994
1349	7.55	-3.8993880580565
1350	7.56	-3.9010359836917
1351	7.57	-4.0401306800712
1352	7.58	-4.0179459966997
1353	7.59	-4.0657345575891
1354	7.6	-4.1233761920244
1355	7.61	-4.1798335932634
1356	7.62	-4.182884733308
1357	7.63	-4.2140740323779
1358	7.64	-4.2098335932634
1359	7.65	-4.4807463657194
1360	7.66	-4.4540235586946
1361	7.67	-4.3694674510801
1362	7.68	-4.5237113428837
1363	7.69	-4.5898272848627
1364	7.7	-4.5998272848627
1365	7.71	-4.595104028042
1366	7.72	-4.5637113428837
1367	7.73	-4.5481572384114
1368	7.74	-4.72201404105
1369	7.75	-4.635104028042
1370	7.76	-4.760497446744
1371	7.77	-4.6408635889274
1372	7.78	-4.6950672514194
1373	7.79	-4.9481053001056
1374	7.8	-4.9317763613834
1375	7.81	-4.6407463657194
1376	7.82	-4.9517763613834
1377	7.83	-5.0782819304548
1378	7.84	-4.9981053001056
1379	7.85	-5.0982819304548
1380	7.86	-5.0181053001057
1381	7.87	-5.0561340237059
1382	7.88	-5.2879827733223
1383	7.89	-5.3491352957696
1384	7.9	-5.1160972470833
1385	7.91	-5.6701652914337
1386	7.92	-5.4371272427474
1387	7.93	-5.4471272427474
1388	7.94	-5.2608325976034
1389	7.95	-5.4091352957696
1390	7.96	-5.7201652914337
1391	7.97	-6.0311952870976
1392	7.98	-5.4971272427474
1393	7.99	-6.3522252827616
1394	8	-6.0611952870977
1395	8.01	-6.0711952870977
1396	8.02	-5.905104028042
1397	8.03	-5.5471272427474
1398	8.05	-5.8101652914337
1399	8.06	-6.4222252827617
1400	8.08	-5.965104028042
1401	8.09	-6.4522252827617
1402	8.1	-6.1611952870977
1403	8.11	-6.4722252827617
1404	8.12	-6.1811952870977

