0	-6.53	8.14781914021
1	-6.4	8.0007487714926
2	-6.2	7.7379904725193
3	-6.07	7.5046661067697
4	-6.05	7.4589346301512
5	-6.03	7.4088496574229
6	-5.98	7.2558844840941
7	-5.93	7.0275121292874
8	-5.91	7.6339773285372
9	-5.9	6.7996970896729
10	-5.89	6.6869291686886
11	-5.85	7.7825004806191
12	-5.84	6.3660062754456
13	-5.83	6.5752604070357
14	-5.82	7.3709280871142
15	-5.81	6.8223700930348
16	-5.8	6.9079066902355
17	-5.79	7.6436099511711
18	-5.78	7.82936577206
19	-5.77	7.0953935252436
20	-5.76	7.0439963931874
21	-5.75	7.5243134259844
22	-5.74	6.8440191684771
23	-5.73	7.7125817591047
24	-5.72	7.6857159437096
25	-5.71	7.3646490927895
26	-5.7	7.3601084201624
27	-5.69	7.2574415885719
28	-5.68	7.4149688688577
29	-5.65	6.9065704805736
30	-5.64	7.3896826359001
31	-5.63	7.5310821795553
32	-5.62	7.243271295624
33	-5.61	7.1986291592877
34	-5.6	6.6416189896031
35	-5.59	7.6092058835142
36	-5.58	7.3739280807756
37	-5.57	7.6448000408161
38	-5.56	7.2346137107406
39	-5.55	7.5091277859981
40	-5.54	7.5373911846164
41	-5.53	7.3412443508803
42	-5.52	7.0044986336509
43	-5.51	7.1135657868773
44	-5.5	7.0639492068783
45	-5.49	7.5078658807714
46	-5.48	6.9332192386363
47	-5.47	7.3911335681426
48	-5.46	6.3972117857055
49	-5.45	6.7792366144614
50	-5.44	6.9794302222897
51	-5.43	7.527512129302
52	-5.42	7.2200879025087
53	-5.41	7.6705671652507
54	-5.4	7.5391389083057
55	-5.39	6.6738139079581
56	-5.38	5.6125186565063
57	-5.37	7.4255831743235
58	-5.36	7.0677470493996
59	-5.35	6.4475043047867
60	-5.34	6.866006275322
61	-5.33	7.3258643760023
62	-5.32	7.0324225170525
63	-5.31	7.3678682673205
64	-5.3	6.916460098297
65	-5.29	7.7448453659121
66	-5.28	7.5411999660105
67	-5.27	7.403179224305
68	-5.26	6.5293639652908
69	-5.25	7.4070428317339
70	-5.24	7.7274521273598
71	-5.23	7.4564814593999
72	-5.22	7.7198172373977
73	-5.21	7.2633833388651
74	-5.2	7.7686068805727
75	-5.19	6.5225078418498
76	-5.18	6.523793005333
77	-5.17	7.0033862355548
78	-5.16	7.2258656789373
79	-5.15	7.3724280761158
80	-5.14	7.2636075860572
81	-5.13	6.2942701501429
82	-5.12	6.881116312503
83	-5.11	7.2146514298225
84	-5.1	6.923662287722
85	-5.09	7.5107852390382
86	-5.08	7.3873763150996
87	-5.07	7.2695577618959
88	-5.06	7.4675407166242
89	-5.05	7.7308163242808
90	-5.04	7.5297387148662
91	-5.03	7.2599209296104
92	-5.02	6.6690300635453
93	-5.01	7.443135652251
94	-5	7.1896226454047
95	-4.99	7.530504369747
96	-4.98	6.3485521896462
97	-4.97	7.1132703132366
98	-4.96	7.4424182306166
99	-4.95	7.4954922004208
100	-4.94	7.279030083493
101	-4.93	7.0698079856229
102	-4.92	6.2833528578825
103	-4.91	7.0184560307404
104	-4.9	7.2119250861395
105	-4.89	7.7689794835327
106	-4.88	7.6823262880365
107	-4.87	7.3421772787604
108	-4.86	7.5085736945439
109	-4.85	7.2573171846262
110	-4.84	7.6006153096877
111	-4.83	7.3008024856026
112	-4.82	6.9164711431014
113	-4.81	7.3672893094024
114	-4.8	6.9792214435711
115	-4.79	7.5853764895476
116	-4.78	7.5943584790931
117	-4.77	7.2704977151523
118	-4.76	7.3382197771961
119	-4.75	7.2364167381807
120	-4.74	7.5158250519878
121	-4.73	7.3320892561235
122	-4.72	7.4971848363412
123	-4.71	6.9456826312611
124	-4.7	7.1653346671897
125	-4.69	7.6489889719996
126	-4.68	7.1577673079723
127	-4.67	7.4441650675918
128	-4.66	6.5523941218758
129	-4.65	7.4760982345225
130	-4.64	6.8350235508721
131	-4.63	7.2391066211947
132	-4.62	7.7158927711271
133	-4.61	7.4704752309268
134	-4.6	7.3943904113025
135	-4.59	7.2416604570133
136	-4.58	7.0792717512835
137	-4.57	7.0235398273482
138	-4.56	7.4058760540296
139	-4.55	7.475989061503
140	-4.54	7.4813046015734
141	-4.53	7.2849548251056
142	-4.52	7.1690300457885
143	-4.51	7.3360095249177
144	-4.5	7.1534431651747
145	-4.49	7.684876899186
146	-4.48	7.2104932532913
147	-4.47	7.5223223227974
148	-4.46	7.6153239337603
149	-4.45	7.5480255145237
150	-4.44	7.0445641869506
151	-4.43	7.8329127555241
152	-4.42	7.3436900101323
153	-4.41	7.2397404262247
154	-4.4	7.4564513000257
155	-4.39	7.6217563485048
156	-4.38	7.0148631423172
157	-4.37	6.6409547493714
158	-4.36	7.6836751658367
159	-4.35	7.642698247487
160	-4.34	7.4041352502317
161	-4.33	6.0017154444765
162	-4.32	7.1944661043549
163	-4.31	6.5406765844159
164	-4.3	7.2433542211633
165	-4.29	7.456022637947
166	-4.28	7.7159404145415
167	-4.27	7.5087393812075
168	-4.26	7.7622006841672
169	-4.25	6.8621226910342
170	-4.24	7.4860854965928
171	-4.23	7.7244332257859
172	-4.22	6.9766651452157
173	-4.21	6.9819329825052
174	-4.2	6.5562364307846
175	-4.19	6.3736473118028
176	-4.18	7.589963814923
177	-4.17	7.2686103535832
178	-4.16	7.2597672848308
179	-4.15	6.9840912941982
180	-4.14	6.9561333202397
181	-4.13	6.8607735764248
182	-4.12	6.719484688689
183	-4.11	6.5932544182724
184	-4.1	6.484256856024
185	-4.09	5.6034176326819
186	-4.08	7.3231469217384
187	-4.07	7.3941589667596
188	-4.06	7.889579116064
189	-4.05	7.6429063053619
190	-4.04	7.6727311983108
191	-4.03	7.0107407383139
192	-4.02	7.4664888014426
193	-4.01	7.1760050483801
194	-4	7.5935888680366
195	-3.99	7.373345588114
196	-3.98	6.9832750893887
197	-3.97	7.1094543071384
198	-3.96	7.5484690266962
199	-3.95	7.7679871385557
200	-3.94	7.544564597942
201	-3.93	7.4293786464365
202	-3.92	7.4828755305403
203	-3.91	6.5293393587698
204	-3.9	7.6491258823082
205	-3.89	7.2056413255326
206	-3.88	7.4752288503563
207	-3.87	3.9658791025971
208	-3.86	7.2068502982338
209	-3.85	7.5121642805848
210	-3.84	7.9121960158405
211	-3.83	7.2326035034216
212	-3.82	6.7258626922015
213	-3.81	7.4599154726323
214	-3.8	7.437314903564
215	-3.79	7.2021475460889
216	-3.78	6.7252367732377
217	-3.77	6.9128277412031
218	-3.76	7.3851902756035
219	-3.75	7.6059555060219
220	-3.74	7.7118248951375
221	-3.73	4.4363995845973
222	-3.72	7.2415006423162
223	-3.71	7.1552747036213
224	-3.7	7.1747568302494
225	-3.69	7.066992081062
226	-3.68	7.4856228505989
227	-3.67	6.2599641470803
228	-3.66	6.8627748903432
229	-3.65	7.2364220790112
230	-3.64	7.8886649835112
231	-3.63	5.7272963780364
232	-3.62	7.0318592728414
233	-3.61	7.6592877299354
234	-3.6	7.4546857373311
235	-3.59	7.4332709930264
236	-3.58	6.0591398631726
237	-3.57	5.0655322743212
238	-3.56	7.5711794449647
239	-3.55	6.1493129545741
240	-3.54	7.4665838943065
241	-3.53	5.995193217822
242	-3.52	7.2021165510531
243	-3.51	7.064382143805
244	-3.5	7.2355795306061
245	-3.49	7.5922031647544
246	-3.48	7.0041939050349
247	-3.47	6.7262436868502
248	-3.46	7.5199217735463
249	-3.45	7.7040335491511
250	-3.44	7.5888425525392
251	-3.43	6.7744347401915
252	-3.42	7.4262102568931
253	-3.41	7.1849531347313
254	-3.4	6.8177396090789
255	-3.39	6.6971048973253
256	-3.38	7.8284540516437
257	-3.37	7.4337914606981
258	-3.36	7.2620081529116
259	-3.35	6.6848818313487
260	-3.34	6.4264458079663
261	-3.33	7.3809032844276
262	-3.32	7.619035610269
263	-3.31	7.4199772518933
264	-3.3	7.6410434171019
265	-3.29	7.1314532888231
266	-3.28	7.4906723122841
267	-3.27	7.5512564809797
268	-3.26	7.6108576043321
269	-3.25	7.6964582735573
270	-3.24	6.7408057207915
271	-3.23	7.1320449976161
272	-3.22	7.0196818339355
273	-3.21	7.5048103663691
274	-3.2	7.2252353969335
275	-3.19	7.6780292903764
276	-3.18	7.7018342832791
277	-3.17	6.6107526186292
278	-3.16	7.4211965317464
279	-3.15	7.5065691695888
280	-3.14	7.231553458074
281	-3.13	7.2477254510524
282	-3.12	6.8243798554136
283	-3.11	7.2730568114408
284	-3.1	6.2152661039159
285	-3.09	7.2132949640801
286	-3.08	7.0152236432389
287	-3.07	8.0038974022319
288	-3.06	8.0281947148652
289	-3.05	6.8142101125556
290	-3.04	7.5024494238
291	-3.03	7.4318199701764
292	-3.02	6.9227936982977
293	-3.01	7.0804739219415
294	-3	7.1524202407204
295	-2.99	6.97223953958
296	-2.98	7.4381513475781
297	-2.97	7.6175388314788
298	-2.96	6.2315747194231
299	-2.95	7.5382067110072
300	-2.94	6.9086357581919
301	-2.93	7.4299695878069
302	-2.92	7.5155039003464
303	-2.91	7.4906309802828
304	-2.9	7.6648005255479
305	-2.89	7.3462481359359
306	-2.88	7.3780371222304
307	-2.87	7.5592008493189
308	-2.86	7.5724793265887
309	-2.85	7.044236184147
310	-2.84	7.1969573654581
311	-2.83	6.8321264230288
312	-2.82	7.6167943686332
313	-2.81	7.7144034885885
314	-2.8	7.5074726625417
315	-2.79	7.2844218784021
316	-2.78	7.8431376210627
317	-2.77	6.6202251743883
318	-2.76	7.8348037287562
319	-2.75	6.7626062926353
320	-2.74	6.5872311709726
321	-2.73	7.0468540985594
322	-2.72	7.1874313636501
323	-2.71	6.4633751058478
324	-2.7	7.7440775115387
325	-2.69	7.2606755395258
326	-2.68	6.9299264646013
327	-2.67	7.0219690687865
328	-2.66	7.1694130273372
329	-2.65	6.9848776238991
330	-2.64	7.2217174536433
331	-2.63	6.721331608869
332	-2.62	7.4340240716584
333	-2.61	7.8561418295622
334	-2.6	7.7065149273439
335	-2.59	7.6770120878869
336	-2.58	5.6581980017565
337	-2.57	7.2188403582742
338	-2.56	7.1448541063954
339	-2.55	7.9432100167847
340	-2.54	7.0138861251064
341	-2.53	7.3751447830786
342	-2.52	7.052031179904
343	-2.51	7.3379121803097
344	-2.5	6.5386765548265
345	-2.49	7.6154863719834
346	-2.48	7.7085069073312
347	-2.47	7.3532556408956
348	-2.46	7.2350508075932
349	-2.45	7.2441500086423
350	-2.44	7.6414383015713
351	-2.43	7.6637049882181
352	-2.42	6.7071635125467
353	-2.41	7.8271311432892
354	-2.4	7.4211807571178
355	-2.39	6.8870971142556
356	-2.38	7.437744498071
357	-2.37	7.675495182372
358	-2.36	7.376938743572
359	-2.35	7.5465449620562
360	-2.34	7.6228036867892
361	-2.33	7.5041299679232
362	-2.32	6.5963221816039
363	-2.31	7.131379231647
364	-2.3	7.524644389909
365	-2.29	7.5627204776386
366	-2.28	7.4264145065106
367	-2.27	7.5914167999483
368	-2.26	7.8888497123107
369	-2.25	7.3252211549854
370	-2.24	7.5176944419876
371	-2.23	6.0221007580329
372	-2.22	7.0316961124261
373	-2.21	6.7298435075037
374	-2.2	7.2180851239917
375	-2.19	7.6145097532431
376	-2.18	7.3945987383116
377	-2.17	6.7424502144755
378	-2.16	7.1966641590718
379	-2.15	6.3861181012897
380	-2.14	7.3805352770245
381	-2.13	7.5050369366946
382	-2.12	7.4746082288327
383	-2.11	6.3282204787768
384	-2.1	7.5743305121951
385	-2.09	6.3259090073702
386	-2.08	6.9635717969646
387	-2.07	7.5645235202312
388	-2.06	6.8969909147477
389	-2.05	5.8353828173023
390	-2.04	6.9950624322619
391	-2.03	7.5816843845756
392	-2.02	6.5746884355714
393	-2.01	7.6351495705749
394	-2	7.232889398919
395	-1.99	7.2164433078471
396	-1.98	7.0845750873566
397	-1.97	7.4791091791799
398	-1.96	7.2774025146131
399	-1.95	6.1029886983517
400	-1.94	6.7804451003089
401	-1.93	7.1760491547819
402	-1.92	7.7832525644402
403	-1.91	7.4603423772462
404	-1.9	7.5315461011013
405	-1.89	7.2219492187088
406	-1.88	7.5138869575121
407	-1.87	6.9201991623194
408	-1.86	7.3557963058682
409	-1.85	5.974640744777
410	-1.84	6.2241591464968
411	-1.83	7.7300747241083
412	-1.82	7.7810695160222
413	-1.81	6.4779669976285
414	-1.8	7.5197253843382
415	-1.79	7.6662959866926
416	-1.78	7.3982209606173
417	-1.77	7.8467263348143
418	-1.76	7.4079528003554
419	-1.75	6.5781013382867
420	-1.74	7.6491509332188
421	-1.73	6.5905457726259
422	-1.72	7.4120678197144
423	-1.71	7.4327444744163
424	-1.7	7.8515931707207
425	-1.69	7.6774967633919
426	-1.68	7.5082111907888
427	-1.67	5.9781460470261
428	-1.66	7.0484678428339
429	-1.65	6.4449092438953
430	-1.64	7.5555098346254
431	-1.63	6.8536608357065
432	-1.62	7.2032988996125
433	-1.61	6.6286085423687
434	-1.6	7.6189741273136
435	-1.59	7.5887909231742
436	-1.58	7.0140839265259
437	-1.57	7.6848532427961
438	-1.56	6.1490441140329
439	-1.55	7.5677274434418
440	-1.54	7.1318876930193
441	-1.53	6.6399565354956
442	-1.52	7.656406455548
443	-1.51	7.1636462805125
444	-1.5	7.4265318782754
445	-1.49	7.8228331087075
446	-1.48	7.6010136382551
447	-1.47	7.5114622020509
448	-1.46	5.8333408005344
449	-1.45	7.6078792510101
450	-1.44	6.2601012865305
451	-1.43	7.5789731934937
452	-1.42	7.7166855351154
453	-1.41	7.8334066840194
454	-1.4	6.831793420449
455	-1.39	7.5532561003716
456	-1.38	7.9199107022966
457	-1.37	7.520228393252
458	-1.36	7.3978248254027
459	-1.35	7.9080100582774
460	-1.34	7.2846563733012
461	-1.33	7.1678517158958
462	-1.32	7.4369616589677
463	-1.31	6.4905420350859
464	-1.3	7.1656035812518
465	-1.29	7.6276346553414
466	-1.28	7.6012177705684
467	-1.27	6.8814413679682
468	-1.26	7.2874880759499
469	-1.25	7.5588673862609
470	-1.24	7.5015044091815
471	-1.23	6.9464000723285
472	-1.22	7.6263486812291
473	-1.21	6.0887996744829
474	-1.2	7.6791873991854
475	-1.19	7.9059106781389
476	-1.18	7.8316553491658
477	-1.17	7.8358739857121
478	-1.16	7.6408856913399
479	-1.15	6.8792364312631
480	-1.14	7.5051358677711
481	-1.13	7.8468973509029
482	-1.12	7.9108054836418
483	-1.11	7.4593100453345
484	-1.1	7.784453547766
485	-1.09	6.9328527722408
486	-1.08	7.5876250201118
487	-1.07	7.6973658135701
488	-1.06	7.2018824388302
489	-1.05	7.9341955594835
490	-1.04	7.4512345269059
491	-1.03	8.0685672233024
492	-1.02	8.0780672272305
493	-1.01	6.7690025949845
494	-1	7.4309065848429
495	-0.99	7.6399981956326
496	-0.98	7.254836771772
497	-0.97	7.3825033539627
498	-0.96	7.7421556912676
499	-0.95	7.6230411320284
500	-0.94	7.802250529185
501	-0.93	7.7552628809598
502	-0.92	7.6698624640898
503	-0.91	5.4432445323021
504	-0.9	7.2840546516496
505	-0.89	6.7649295922057
506	-0.88	7.4110476504312
507	-0.87	7.721216054264
508	-0.86	7.5632167433507
509	-0.85	7.6376656111266
510	-0.84	7.4143081304933
511	-0.83	7.7316973763117
512	-0.82	7.9856075987483
513	-0.81	7.6145429092598
514	-0.8	8.0063193773865
515	-0.79	7.9221895295961
516	-0.78	8.0735415345797
517	-0.77	8.2722239034846
518	-0.76	8.1771711424334
519	-0.75	8.1325437419484
520	-0.74	8.3726487541143
521	-0.73	8.4140757715207
522	-0.72	8.3582747530858
523	-0.71	8.4331923552478
524	-0.7	8.4554129031752
525	-0.69	8.4969884366278
526	-0.68	8.5508700115775
527	-0.67	8.6333491657085
528	-0.66	8.6791271651298
529	-0.65	8.7354973649437
530	-0.64	8.8022270311659
531	-0.63	8.8120928633592
532	-0.62	8.8743316848162
533	-0.61	8.9094735908452
534	-0.6	8.9860957658391
535	-0.59	9.0133497788035
536	-0.58	9.0539753135966
537	-0.57	9.1016771401327
538	-0.56	9.1571135555125
539	-0.55	9.1844992684736
540	-0.54	9.2264247287057
541	-0.53	9.2776003215902
542	-0.52	9.3162392837456
543	-0.51	9.3609659855611
544	-0.5	9.4054546941908
545	-0.49	9.4514358455519
546	-0.48	9.494761223356
547	-0.47	9.5356413049613
548	-0.46	9.5774870660471
549	-0.45	9.6203588875428
550	-0.44	9.6596118855071
551	-0.43	9.709096777884
552	-0.42	9.7506442682563
553	-0.41	9.7935029509675
554	-0.4	9.8377670754294
555	-0.39	9.8776707097748
556	-0.38	9.9195688407321
557	-0.37	9.9649907719027
558	-0.36	10.005379105341
559	-0.35	10.045772160015
560	-0.34	10.090594127773
561	-0.33	10.132012997482
562	-0.32	10.173786579814
563	-0.31	10.215622917732
564	-0.3	10.25726094089
565	-0.29	10.299681694778
566	-0.28	10.34072632942
567	-0.27	10.381399985744
568	-0.26	10.422229172258
569	-0.25	10.462446671938
570	-0.24	10.503841719579
571	-0.23	10.543647621562
572	-0.22	10.583517797837
573	-0.21	10.622642971527
574	-0.2	10.662252253338
575	-0.19	10.701215528213
576	-0.18	10.740023256481
577	-0.17	10.778263868121
578	-0.16	10.816301139747
579	-0.15	10.853454962638
580	-0.14	10.890571817389
581	-0.13	10.927097977844
582	-0.12	10.963320568018
583	-0.11	10.998689060728
584	-0.1	11.033830707806
585	-0.09	11.068373802884
586	-0.08	11.102213140482
587	-0.07	11.135384082631
588	-0.06	11.167891035729
589	-0.05	11.199727336603
590	-0.04	11.230979270185
591	-0.03	11.261280694003
592	-0.02	11.29082396556
593	-0.01	11.319604052113
594	0	11.347327393452
595	0.01	11.374137281051
596	0.02	11.400102948926
597	0.03	11.42496492494
598	0.04	11.448770517151
599	0.05	11.471411464496
600	0.06	11.492904231524
601	0.07	11.513165896098
602	0.08	11.532141309259
603	0.09	11.549725258451
604	0.1	11.565913801335
605	0.11	11.580636829902
606	0.12	11.593832957639
607	0.13	11.605397951698
608	0.14	11.615301515654
609	0.15	11.623440823349
610	0.16	11.629762569579
611	0.17	11.634181906091
612	0.18	11.636588836368
613	0.19	11.636929196845
614	0.2	11.63510679997
615	0.21	11.631026796135
616	0.22	11.624626117584
617	0.23	11.615763036501
618	0.24	11.604348217364
619	0.25	11.590321099224
620	0.26	11.573551982326
621	0.27	11.553915665473
622	0.28	11.531316313683
623	0.29	11.50567445654
624	0.3	11.476833598525
625	0.31	11.444706187462
626	0.32	11.409161799133
627	0.33	11.370125527503
628	0.34	11.327434674221
629	0.35	11.280999600147
630	0.36	11.230704628857
631	0.37	11.176481648215
632	0.38	11.118212421763
633	0.39	11.055809653414
634	0.4	10.989197303798
635	0.41	10.918357835731
636	0.42	10.843245853946
637	0.43	10.763886201832
638	0.44	10.680336517917
639	0.45	10.592681973069
640	0.46	10.50115147164
641	0.47	10.406040106012
642	0.48	10.307757994781
643	0.49	10.20683985597
644	0.5	10.104151581252
645	0.51	10.000634291991
646	0.52	9.8974805016047
647	0.53	9.7962258463965
648	0.54	9.6984403990951
649	0.55	9.6058945093049
650	0.56	9.5200963521462
651	0.57	9.442229567528
652	0.58	9.3730159187746
653	0.59	9.3125937671489
654	0.6	9.2603825699544
655	0.61	9.2154835469299
656	0.62	9.1768778622195
657	0.63	9.1431343707482
658	0.64	9.1132831037298
659	0.65	9.0862680172968
660	0.66	9.0613802745182
661	0.67	9.0380528932489
662	0.68	9.0156637649169
663	0.69	8.9941303209988
664	0.7	8.973147153072
665	0.71	8.9525873488518
666	0.72	8.9322579302225
667	0.73	8.9121610309911
668	0.74	8.8923017278173
669	0.75	8.8724867576278
670	0.76	8.8529371888418
671	0.77	8.8333263853829
672	0.78	8.8139750748705
673	0.79	8.7946195416037
674	0.8	8.775385260563
675	0.81	8.7560961543402
676	0.82	8.7369768954585
677	0.83	8.7178922117584
678	0.84	8.6987616251282
679	0.85	8.6797198579363
680	0.86	8.6607527735148
681	0.87	8.6418451752146
682	0.88	8.6229920617126
683	0.89	8.6040352352285
684	0.9	8.5851035910373
685	0.91	8.5662903432359
686	0.92	8.547521848853
687	0.93	8.5287663005652
688	0.94	8.5101335736473
689	0.95	8.4912119477534
690	0.96	8.4725626511656
691	0.97	8.4539973763304
692	0.98	8.4353726063574
693	0.99	8.4167877035866
694	1	8.3982946722462
695	1.01	8.3797462150948
696	1.02	8.3612527161618
697	1.03	8.342741186358
698	1.04	8.3242146428379
699	1.05	8.3055738006261
700	1.06	8.2871878106403
701	1.07	8.2687912300217
702	1.08	8.2502533078822
703	1.09	8.2316940900207
704	1.1	8.2133815886942
705	1.11	8.1948548107339
706	1.12	8.1764507628355
707	1.13	8.1578455679851
708	1.14	8.1395561954756
709	1.15	8.1211907614214
710	1.16	8.1027441356563
711	1.17	8.0842679386377
712	1.18	8.0659020331269
713	1.19	8.0474570399467
714	1.2	8.0290911643029
715	1.21	8.0106360278443
716	1.22	7.9923525623942
717	1.23	7.9740973212856
718	1.24	7.9556342404536
719	1.25	7.9374055963388
720	1.26	7.9189483929172
721	1.27	7.9006619369105
722	1.28	7.8821956498967
723	1.29	7.8638242690187
724	1.3	7.8455038832457
725	1.31	7.8271639586466
726	1.32	7.8088141010341
727	1.33	7.7903274187146
728	1.34	7.7719851955409
729	1.35	7.753752783603
730	1.36	7.735598441854
731	1.37	7.7170522299875
732	1.38	7.6988786688294
733	1.39	7.6808126084022
734	1.4	7.6624004202457
735	1.41	7.6444489185311
736	1.42	7.6263821505373
737	1.43	7.6084783803876
738	1.44	7.5906818392648
739	1.45	7.572732353456
740	1.46	7.5551091309534
741	1.47	7.5374162714914
742	1.48	7.5197243266902
743	1.49	7.501808608913
744	1.5	7.4841828162017
745	1.51	7.4661460568707
746	1.52	7.4484272260407
747	1.53	7.4308001411344
748	1.54	7.4130804405123
749	1.55	7.395541559213
750	1.56	7.3779471775419
751	1.57	7.3605088697078
752	1.58	7.3431266666722
753	1.59	7.3257051448059
754	1.6	7.3083001143748
755	1.61	7.2910688958489
756	1.62	7.2736768064321
757	1.63	7.2561367607267
758	1.64	7.2385694721734
759	1.65	7.2209423781604
760	1.66	7.2038014912031
761	1.67	7.1864845879277
762	1.68	7.1694655831253
763	1.69	7.1524343011488
764	1.7	7.1355773281114
765	1.71	7.1185280087191
766	1.72	7.1013026117942
767	1.73	7.0841445013487
768	1.74	7.0670596101964
769	1.75	7.0504572095204
770	1.76	7.0333911030263
771	1.77	7.0167426364895
772	1.78	6.9997567316939
773	1.79	6.9830978437153
774	1.8	6.9662031641365
775	1.81	6.9495859395851
776	1.82	6.9331507464412
777	1.83	6.9168704802189
778	1.84	6.9007675685868
779	1.85	6.8846343491644
780	1.86	6.8680335110451
781	1.87	6.851356413031
782	1.88	6.8346901027635
783	1.89	6.8182410118696
784	1.9	6.8013314345392
785	1.91	6.7846726350462
786	1.92	6.7682798323167
787	1.93	6.7519464649181
788	1.94	6.7360311990324
789	1.95	6.7199175884469
790	1.96	6.7041343109599
791	1.97	6.6880189566715
792	1.98	6.6720802816326
793	1.99	6.6561869947083
794	2	6.6397624872048
795	2.01	6.6229273576313
796	2.02	6.6067042269048
797	2.03	6.5907189469189
798	2.04	6.5747257802359
799	2.05	6.5587859183565
800	2.06	6.5425461925318
801	2.07	6.5260713483089
802	2.08	6.5103693345246
803	2.09	6.4938610676897
804	2.1	6.4780646326104
805	2.11	6.4620325734067
806	2.12	6.4463674937782
807	2.13	6.4311286430339
808	2.14	6.4154716522731
809	2.15	6.3998756647403
810	2.16	6.3841524320374
811	2.17	6.3684600480304
812	2.18	6.3526188688072
813	2.19	6.3363978300973
814	2.2	6.3206157251686
815	2.21	6.3044445778447
816	2.22	6.2891344809656
817	2.23	6.2737772785105
818	2.24	6.2574873089695
819	2.25	6.2412702109518
820	2.26	6.2255359204235
821	2.27	6.2093717956566
822	2.28	6.1936989206892
823	2.29	6.1782140835627
824	2.3	6.1627411095057
825	2.31	6.1468153034259
826	2.32	6.1311236198094
827	2.33	6.1150344019284
828	2.34	6.0987974120375
829	2.35	6.083501488455
830	2.36	6.0670816530011
831	2.37	6.0505099886302
832	2.38	6.0349834676067
833	2.39	6.0190920579073
834	2.4	6.0034881144984
835	2.41	5.9883865600228
836	2.42	5.9740185664205
837	2.43	5.9590528201872
838	2.44	5.9440273010253
839	2.45	5.9294467634019
840	2.46	5.9148434967672
841	2.47	5.9007548611155
842	2.48	5.8860409821335
843	2.49	5.8710747049758
844	2.5	5.8558918479129
845	2.51	5.8410110774896
846	2.52	5.8261600904614
847	2.53	5.8105956846576
848	2.54	5.7949382131725
849	2.55	5.7795501719887
850	2.56	5.763753864952
851	2.57	5.7481821235589
852	2.58	5.7334840610806
853	2.59	5.7194136438813
854	2.6	5.7054968492702
855	2.61	5.6914229776963
856	2.62	5.6772652522311
857	2.63	5.6623509919468
858	2.64	5.6477019934162
859	2.65	5.6327631632981
860	2.66	5.6187198165992
861	2.67	5.604632358704
862	2.68	5.5903949658203
863	2.69	5.5761915434265
864	2.7	5.5608708401232
865	2.71	5.5465031289896
866	2.72	5.5324122276482
867	2.73	5.5187399501844
868	2.74	5.504986038247
869	2.75	5.4911365075769
870	2.76	5.4774960445175
871	2.77	5.4640214873222
872	2.78	5.4498478313854
873	2.79	5.4350507211505
874	2.8	5.4209480904736
875	2.81	5.406020362929
876	2.82	5.3912252636407
877	2.83	5.376392108633
878	2.84	5.3617325528308
879	2.85	5.3470949481216
880	2.86	5.332132660511
881	2.87	5.3159649407985
882	2.88	5.3010096065372
883	2.89	5.2855993511045
884	2.9	5.2706013028295
885	2.91	5.2565886137561
886	2.92	5.2422905297271
887	2.93	5.227867274514
888	2.94	5.2129197120032
889	2.95	5.197317818752
890	2.96	5.1808260622856
891	2.97	5.1645212037971
892	2.98	5.1475439773342
893	2.99	5.1315066123345
894	3	5.1169865477821
895	3.01	5.1022552667199
896	3.02	5.0848582453687
897	3.03	5.0669104731544
898	3.04	5.0493207664028
899	3.05	5.0313950094216
900	3.06	5.0137416490459
901	3.07	4.9976847030676
902	3.08	4.9823440720549
903	3.09	4.9669725140236
904	3.1	4.9511742402152
905	3.11	4.9355445079314
906	3.12	4.9173979122789
907	3.13	4.8991793499617
908	3.14	4.8811636551772
909	3.15	4.8645689496526
910	3.16	4.8464207927224
911	3.17	4.8281450574378
912	3.18	4.8097639795684
913	3.19	4.7916112888509
914	3.2	4.774733103019
915	3.21	4.7579972777512
916	3.22	4.7398405341393
917	3.23	4.7208835795814
918	3.24	4.7045039660483
919	3.25	4.6877117395517
920	3.26	4.6716318428292
921	3.27	4.6541501141094
922	3.28	4.6370806636718
923	3.29	4.619547806674
924	3.3	4.602302362937
925	3.31	4.5853301845674
926	3.32	4.5667741099539
927	3.33	4.548281282759
928	3.34	4.5309277548248
929	3.35	4.5143900866623
930	3.36	4.4956801173483
931	3.37	4.47762765296
932	3.38	4.4603779954124
933	3.39	4.4433536478733
934	3.4	4.4258297990277
935	3.41	4.4081813301115
936	3.42	4.3900103275237
937	3.43	4.3691397243287
938	3.44	4.350130647264
939	3.45	4.331227340515
940	3.46	4.3115112484944
941	3.47	4.2933373038795
942	3.48	4.2784795750735
943	3.49	4.2651089976027
944	3.5	4.244495490886
945	3.51	4.2231487841574
946	3.52	4.2012027982861
947	3.53	4.179351507042
948	3.54	4.1580732007574
949	3.55	4.1394503940769
950	3.56	4.1226992143667
951	3.57	4.10509641405
952	3.58	4.0902262546094
953	3.59	4.0722677736277
954	3.6	4.0532912263398
955	3.61	4.034877827742
956	3.62	4.014475038859
957	3.63	3.9946682159788
958	3.64	3.9780622199948
959	3.65	3.9632166361894
960	3.66	3.9460161682869
961	3.67	3.9281803219266
962	3.68	3.912272420332
963	3.69	3.893791978702
964	3.7	3.8733253095856
965	3.71	3.8552323410871
966	3.72	3.8366979010669
967	3.73	3.8205837641789
968	3.74	3.8056201554923
969	3.75	3.7925784104831
970	3.76	3.7773112492191
971	3.77	3.7617266841361
972	3.78	3.7448431772427
973	3.79	3.7281886890829
974	3.8	3.715118414834
975	3.81	3.7010360137502
976	3.82	3.6843910500821
977	3.83	3.6666804876139
978	3.84	3.6502339715986
979	3.85	3.632222069163
980	3.86	3.6167314241432
981	3.87	3.6033188085195
982	3.88	3.5884865361726
983	3.89	3.5740232029977
984	3.9	3.5606224847322
985	3.91	3.5442685639357
986	3.92	3.5279117606276
987	3.93	3.5125484242671
988	3.94	3.4987095753238
989	3.95	3.4861000378434
990	3.96	3.4728075557367
991	3.97	3.4610739738185
992	3.98	3.4500178806482
993	3.99	3.4334703446561
994	4	3.4172290656145
995	4.01	3.4023259872266
996	4.02	3.3900986247723
997	4.03	3.3769134112393
998	4.04	3.3636540361786
999	4.05	3.3532935151495
1000	4.06	3.3424902058226
1001	4.07	3.3310641637402
1002	4.08	3.3189994516271
1003	4.09	3.3045773618362
1004	4.1	3.2900828954026
1005	4.11	3.2779451102868
1006	4.12	3.2678601826447
1007	4.13	3.2566330565506
1008	4.14	3.246081383495
1009	4.15	3.2361317759835
1010	4.16	3.2259821319583
1011	4.17	3.216301516881
1012	4.18	3.2047489025761
1013	4.19	3.1953247936624
1014	4.2	3.1855026137436
1015	4.21	3.1754832046109
1016	4.22	3.1655383242814
1017	4.23	3.1581380659126
1018	4.24	3.1479404782981
1019	4.25	3.1406095633499
1020	4.26	3.131199961459
1021	4.27	3.1252929690613
1022	4.28	3.1166396972458
1023	4.29	3.1093101609357
1024	4.3	3.1002604684268
1025	4.31	3.0915574892726
1026	4.32	3.0841555860113
1027	4.33	3.0774709996581
1028	4.34	3.0695150193713
1029	4.35	3.062079228162
1030	4.36	3.0541947534468
1031	4.37	3.0487469382838
1032	4.38	3.0412516498325
1033	4.39	3.0353853622511
1034	4.4	3.0279148576062
1035	4.41	3.0208803041296
1036	4.42	3.013847171256
1037	4.43	3.0077916875567
1038	4.44	3.0009551893468
1039	4.45	2.996354312507
1040	4.46	2.9898038862637
1041	4.47	2.9831146674063
1042	4.48	2.9779433241591
1043	4.49	2.9710356593653
1044	4.5	2.9654644227409
1045	4.51	2.9597487352671
1046	4.52	2.95414884357
1047	4.53	2.9495026184747
1048	4.54	2.9432467098841
1049	4.55	2.9366606102351
1050	4.56	2.9320048267931
1051	4.57	2.9273590935233
1052	4.58	2.9214858890462
1053	4.59	2.9161928404167
1054	4.6	2.9110581088294
1055	4.61	2.9056998097872
1056	4.62	2.8989721475997
1057	4.63	2.8940346974308
1058	4.64	2.8888743147604
1059	4.65	2.8836583872055
1060	4.66	2.8783215356151
1061	4.67	2.8735134072382
1062	4.68	2.8682283585426
1063	4.69	2.8628583469711
1064	4.7	2.8566041964456
1065	4.71	2.8511601953977
1066	4.72	2.8461582779679
1067	4.73	2.8413116069854
1068	4.74	2.835222895886
1069	4.75	2.8306678285509
1070	4.76	2.8233609694004
1071	4.77	2.8191093212964
1072	4.78	2.8139729323759
1073	4.79	2.8081099052329
1074	4.8	2.8027914626004
1075	4.81	2.7964551548247
1076	4.82	2.7909159690782
1077	4.83	2.7852019868978
1078	4.84	2.7782639539056
1079	4.85	2.7733619448389
1080	4.86	2.7666857825119
1081	4.87	2.7597282912582
1082	4.88	2.7544439676699
1083	4.89	2.7485999607849
1084	4.9	2.7418238191497
1085	4.91	2.7362203037495
1086	4.92	2.7300309481523
1087	4.93	2.7234659358311
1088	4.94	2.7164577439361
1089	4.95	2.7100776899586
1090	4.96	2.7039977773888
1091	4.97	2.6975341797584
1092	4.98	2.6900916231497
1093	4.99	2.6838935760422
1094	5	2.6768047423621
1095	5.01	2.6702659612868
1096	5.02	2.6632068428134
1097	5.03	2.6563676041246
1098	5.04	2.6500537848459
1099	5.05	2.6409803557871
1100	5.06	2.6352487307631
1101	5.07	2.6270362580568
1102	5.08	2.6198574459713
1103	5.09	2.61126795121
1104	5.1	2.6043197848605
1105	5.11	2.596774211307
1106	5.12	2.5890014763469
1107	5.13	2.5811997739844
1108	5.14	2.5729258889091
1109	5.15	2.565339191683
1110	5.16	2.5563978983879
1111	5.17	2.548732569929
1112	5.18	2.5406024381748
1113	5.19	2.5311934800386
1114	5.2	2.5223299054636
1115	5.21	2.514171212211
1116	5.22	2.5046041862825
1117	5.23	2.4966083074315
1118	5.24	2.486576096134
1119	5.25	2.4781763352714
1120	5.26	2.4688529564191
1121	5.27	2.4594335866834
1122	5.28	2.4505079906576
1123	5.29	2.4407405042275
1124	5.3	2.4310927197294
1125	5.31	2.4204364229694
1126	5.32	2.4110643427924
1127	5.33	2.401061189685
1128	5.34	2.3912331757797
1129	5.35	2.380539210121
1130	5.36	2.3707951952165
1131	5.37	2.3611725855986
1132	5.38	2.3500661174333
1133	5.39	2.3391085293775
1134	5.4	2.3285725684815
1135	5.41	2.3177200784963
1136	5.42	2.3078372760195
1137	5.43	2.2959136421386
1138	5.44	2.2847542211758
1139	5.45	2.2739419205162
1140	5.46	2.2615742900823
1141	5.47	2.250486143522
1142	5.48	2.2386482200449
1143	5.49	2.2270272541118
1144	5.5	2.2153021373896
1145	5.51	2.2028915506587
1146	5.52	2.1911693334293
1147	5.53	2.1784858649554
1148	5.54	2.1661368593394
1149	5.55	2.1535485701082
1150	5.56	2.1414060118441
1151	5.57	2.1279049604876
1152	5.58	2.1157981494247
1153	5.59	2.1036722858049
1154	5.6	2.0895926478753
1155	5.61	2.0758088385219
1156	5.62	2.0628593555558
1157	5.63	2.0490647388402
1158	5.64	2.0360323522871
1159	5.65	2.0217908001515
1160	5.66	2.0081744477078
1161	5.67	1.9942679414783
1162	5.68	1.9800236419548
1163	5.69	1.9650531132136
1164	5.7	1.9506262776413
1165	5.71	1.935815481172
1166	5.72	1.9206333690838
1167	5.73	1.9054725110536
1168	5.74	1.8905270019044
1169	5.75	1.8747877089406
1170	5.76	1.8594737524305
1171	5.77	1.8433848026531
1172	5.78	1.8275162283695
1173	5.79	1.8117366995126
1174	5.8	1.7959571711874
1175	5.81	1.7790009763295
1176	5.82	1.7630812734133
1177	5.83	1.7458228668916
1178	5.84	1.7296123024183
1179	5.85	1.7127921932138
1180	5.86	1.6958270828948
1181	5.87	1.6787734996935
1182	5.88	1.6604970269296
1183	5.89	1.6432000259565
1184	5.9	1.6258912816533
1185	5.91	1.607489756281
1186	5.92	1.5900032692277
1187	5.93	1.5713610487321
1188	5.94	1.5533750305396
1189	5.95	1.5334735291756
1190	5.96	1.5158861400551
1191	5.97	1.4965950282479
1192	5.98	1.4767293234684
1193	5.99	1.4589185657141
1194	6	1.4383825209791
1195	6.01	1.4184369976245
1196	6.02	1.3986397735375
1197	6.03	1.378862950268
1198	6.04	1.3581610079467
1199	6.05	1.3369929707288
1200	6.06	1.3171983160683
1201	6.07	1.2964895847065
1202	6.08	1.27699492998
1203	6.09	1.2547526570347
1204	6.1	1.2333395671664
1205	6.11	1.2117461246426
1206	6.12	1.1908739931579
1207	6.13	1.1683869410078
1208	6.14	1.1464303382152
1209	6.15	1.1244050147615
1210	6.16	1.1009402427657
1211	6.17	1.0794767878325
1212	6.18	1.0563266794151
1213	6.19	1.033450848505
1214	6.2	1.0097186797154
1215	6.21	0.98720730786478
1216	6.22	0.96342195969082
1217	6.23	0.9389175647289
1218	6.24	0.91643866021097
1219	6.25	0.89143196017603
1220	6.26	0.86585563406926
1221	6.27	0.84088050877907
1222	6.28	0.81774136070955
1223	6.29	0.79145067493055
1224	6.3	0.76752053928229
1225	6.31	0.74210282585517
1226	6.32	0.71623730193894
1227	6.33	0.69004037178798
1228	6.34	0.66384636095673
1229	6.35	0.63917093350602
1230	6.36	0.6098009067701
1231	6.37	0.58321183307005
1232	6.38	0.55648809858615
1233	6.39	0.53039909560078
1234	6.4	0.50356860517047
1235	6.41	0.47681156045428
1236	6.42	0.44980720024128
1237	6.43	0.42097095076752
1238	6.44	0.39322878182888
1239	6.45	0.36397887818274
1240	6.46	0.33558192265358
1241	6.47	0.30841786706437
1242	6.48	0.27997748453649
1243	6.49	0.24950804747101
1244	6.5	0.22246178868474
1245	6.51	0.19212037440054
1246	6.52	0.16127060377675
1247	6.53	0.13182916032848
1248	6.54	0.10446747475961
1249	6.55	0.073286514843702
1250	6.56	0.045126093272372
1251	6.57	0.013838694879192
1252	6.58	-0.018049412459706
1253	6.59	-0.044765550295601
1254	6.6	-0.077939820421952
1255	6.61	-0.10717463540993
1256	6.62	-0.13804022012148
1257	6.63	-0.17394659059652
1258	6.64	-0.20205829256027
1259	6.65	-0.23233311022507
1260	6.66	-0.26526224571308
1261	6.67	-0.29872307501032
1262	6.68	-0.3290624742213
1263	6.69	-0.36370757754245
1264	6.7	-0.39563243030209
1265	6.71	-0.42768822498322
1266	6.72	-0.45680993060722
1267	6.73	-0.48857218475649
1268	6.74	-0.5217450881754
1269	6.75	-0.55560923807909
1270	6.76	-0.59012092131046
1271	6.77	-0.61632495848643
1272	6.78	-0.65528500205693
1273	6.79	-0.68584707519692
1274	6.8	-0.7249980905709
1275	6.81	-0.75897582597412
1276	6.82	-0.78728354604827
1277	6.83	-0.82526096244571
1278	6.84	-0.85600926960659
1279	6.85	-0.88818988984771
1280	6.86	-0.92564783762251
1281	6.87	-0.96458430041571
1282	6.88	-0.99577594449459
1283	6.89	-1.0317249371469
1284	6.9	-1.0662703097381
1285	6.91	-1.0954686155164
1286	6.92	-1.1337151721506
1287	6.93	-1.1745563421992
1288	6.94	-1.2088736507461
1289	6.95	-1.2519808558634
1290	6.96	-1.2787451127391
1291	6.97	-1.3233271679907
1292	6.98	-1.3580131160001
1293	6.99	-1.3932793502677
1294	7	-1.43092000134
1295	7.01	-1.4736646378219
1296	7.02	-1.5141689209386
1297	7.03	-1.5410281065874
1298	7.04	-1.5756322288276
1299	7.05	-1.6139200007396
1300	7.06	-1.653513202384
1301	7.07	-1.6780298945718
1302	7.08	-1.7263054653281
1303	7.09	-1.7673799211172
1304	7.1	-1.7991843078677
1305	7.11	-1.8484592826277
1306	7.12	-1.8821240270702
1307	7.13	-1.9115283430492
1308	7.14	-1.958405477619
1309	7.15	-2.0010105816252
1310	7.16	-2.03650385628
1311	7.17	-2.0886494030114
1312	7.18	-2.1250858730343
1313	7.19	-2.1666190091633
1314	7.2	-2.2125592986649
1315	7.21	-2.2679502322845
1316	7.22	-2.2888627280502
1317	7.23	-2.3116469123935
1318	7.24	-2.3881766033497
1319	7.25	-2.4078339508423
1320	7.26	-2.4720831209131
1321	7.27	-2.5169476913657
1322	7.28	-2.5623208150949
1323	7.29	-2.6120186551869
1324	7.3	-2.6426935982303
1325	7.31	-2.6899540497221
1326	7.32	-2.7447073907443
1327	7.33	-2.7984635207037
1328	7.34	-2.8893119261188
1329	7.35	-2.8913672933219
1330	7.36	-2.947708317033
1331	7.37	-2.9879322996389
1332	7.38	-3.0287347396677
1333	7.39	-3.1469202366205
1334	7.4	-3.2035167122285
1335	7.41	-3.1993536805611
1336	7.42	-3.240646038815
1337	7.43	-3.2843694110658
1338	7.44	-3.31650385628
1339	7.45	-3.3528327950024
1340	7.46	-3.433059198397
1341	7.47	-3.4430591983971
1342	7.48	-3.4900427646503
1343	7.49	-3.5921538947766
1344	7.5	-3.5974074597521
1345	7.51	-3.6417763613834
1346	7.52	-3.7032483354685
1347	7.53	-3.7816355724624
1348	7.54	-3.8088035975994
1349	7.55	-3.8993880580565
1350	7.56	-3.9010359836917
1351	7.57	-4.0401306800712
1352	7.58	-4.0179459966997
1353	7.59	-4.0657345575891
1354	7.6	-4.1233761920244
1355	7.61	-4.1798335932634
1356	7.62	-4.182884733308
1357	7.63	-4.2140740323779
1358	7.64	-4.2098335932634
1359	7.65	-4.4807463657194
1360	7.66	-4.4540235586946
1361	7.67	-4.3694674510801
1362	7.68	-4.5237113428837
1363	7.69	-4.5898272848627
1364	7.7	-4.5998272848627
1365	7.71	-4.595104028042
1366	7.72	-4.5637113428837
1367	7.73	-4.5481572384114
1368	7.74	-4.72201404105
1369	7.75	-4.635104028042
1370	7.76	-4.760497446744
1371	7.77	-4.6408635889274
1372	7.78	-4.6950672514194
1373	7.79	-4.9481053001056
1374	7.8	-4.9317763613834
1375	7.81	-4.6407463657194
1376	7.82	-4.9517763613834
1377	7.83	-5.0782819304548
1378	7.84	-4.9981053001056
1379	7.85	-5.0982819304548
1380	7.86	-5.0181053001057
1381	7.87	-5.0561340237059
1382	7.88	-5.2879827733223
1383	7.89	-5.3491352957696
1384	7.9	-5.1160972470833
1385	7.91	-5.6701652914337
1386	7.92	-5.4371272427474
1387	7.93	-5.4471272427474
1388	7.94	-5.2608325976034
1389	7.95	-5.4091352957696
1390	7.96	-5.7201652914337
1391	7.97	-6.0311952870976
1392	7.98	-5.4971272427474
1393	7.99	-6.3522252827616
1394	8	-6.0611952870977
1395	8.01	-6.0711952870977
1396	8.02	-5.905104028042
1397	8.03	-5.5471272427474
1398	8.05	-5.8101652914337
1399	8.06	-6.4222252827617
1400	8.08	-5.965104028042
1401	8.09	-6.4522252827617
1402	8.1	-6.1611952870977
1403	8.11	-6.4722252827617
1404	8.12	-6.1811952870977

