0	-6.53	6.8201151130857
1	-6.5088107009301	6.8413044121556
2	-6.4876214018601	6.8624937112255
3	-6.4664321027902	6.8836830102955
4	-6.4452428037202	6.9048723093654
5	-6.4240535046503	6.9260616084353
6	-6.4028642055804	6.9472509075053
7	-6.3816749065104	6.9684402065752
8	-6.3604856074405	6.9896295056451
9	-6.3392963083706	7.0108188047151
10	-6.3181070093006	7.032008103785
11	-6.2969177102307	7.0531974028549
12	-6.2757284111607	7.0743867019248
13	-6.2545391120908	7.0955760009948
14	-6.2333498130209	7.1167653000647
15	-6.2121605139509	7.1379545991346
16	-6.190971214881	7.1591438982045
17	-6.1697819158111	7.1803331972745
18	-6.1485926167411	7.2015224963444
19	-6.1274033176712	7.2227117954143
20	-6.1062140186012	7.2439010944842
21	-6.0850247195313	7.2650903935541
22	-6.0638354204614	7.286279692624
23	-6.0426461213914	7.3074689916939
24	-6.0214568223215	7.3286582907638
25	-6.0002675232515	7.3498475898337
26	-5.9790782241816	7.3710368889036
27	-5.9578889251117	7.3922261879735
28	-5.9366996260417	7.4134154870434
29	-5.9155103269718	7.4346047861132
30	-5.8943210279019	7.4557940851831
31	-5.8731317288319	7.476983384253
32	-5.851942429762	7.4981726833228
33	-5.830753130692	7.5193619823926
34	-5.8095638316221	7.5405512814625
35	-5.7883745325522	7.5617405805323
36	-5.7671852334822	7.5829298796021
37	-5.7459959344123	7.6041191786719
38	-5.7248066353424	7.6253084777417
39	-5.7036173362724	7.6464977768115
40	-5.6824280372025	7.6676870758812
41	-5.6612387381325	7.6888763749509
42	-5.6400494390626	7.7100656740206
43	-5.6188601399927	7.7312549730903
44	-5.5976708409227	7.75244427216
45	-5.5764815418528	7.7736335712296
46	-5.5552922427828	7.7948228702992
47	-5.5341029437129	7.8160121693688
48	-5.512913644643	7.8372014684383
49	-5.491724345573	7.8583907675078
50	-5.4705350465031	7.8795800665772
51	-5.4493457474332	7.9007693656466
52	-5.4281564483632	7.9219586647159
53	-5.4069671492933	7.9431479637852
54	-5.3857778502233	7.9643372628544
55	-5.3645885511534	7.9855265619235
56	-5.3433992520835	8.0067158609925
57	-5.3222099530135	8.0279051600615
58	-5.3010206539436	8.0490944591303
59	-5.2798313548737	8.0702837581991
60	-5.2586420558037	8.0914730572677
61	-5.2374527567338	8.1126623563361
62	-5.2162634576638	8.1338516554044
63	-5.1950741585939	8.1550409544726
64	-5.173884859524	8.1762302535406
65	-5.152695560454	8.1974195526083
66	-5.1315062613841	8.2186088516759
67	-5.1103169623141	8.2397981507432
68	-5.0891276632442	8.2609874498102
69	-5.0679383641743	8.2821767488769
70	-5.0467490651043	8.3033660479433
71	-5.0255597660344	8.3245553470094
72	-5.0043704669645	8.345744646075
73	-4.9831811678945	8.3669339451402
74	-4.9619918688246	8.3881232442049
75	-4.9408025697546	8.4093125432691
76	-4.9196132706847	8.4305018423327
77	-4.8984239716148	8.4516911413956
78	-4.8772346725448	8.4728804404578
79	-4.8560453734749	8.4940697395192
80	-4.834856074405	8.5152590385798
81	-4.813666775335	8.5364483376394
82	-4.7924774762651	8.5576376366979
83	-4.7712881771951	8.5788269357552
84	-4.7500988781252	8.6000162348113
85	-4.7289095790553	8.6212055338659
86	-4.7077202799853	8.642394832919
87	-4.6865309809154	8.6635841319704
88	-4.6653416818454	8.6847734310198
89	-4.6441523827755	8.7059627300671
90	-4.6229630837056	8.7271520291122
91	-4.6017737846356	8.7483413281546
92	-4.5805844855657	8.7695306271943
93	-4.5593951864958	8.7907199262308
94	-4.5382058874258	8.811909225264
95	-4.5170165883559	8.8330985242933
96	-4.4958272892859	8.8542878233185
97	-4.474637990216	8.8754771223391
98	-4.4534486911461	8.8966664213547
99	-4.4322593920761	8.9178557203646
100	-4.4110700930062	8.9390450193685
101	-4.3898807939363	8.9602343183655
102	-4.3686914948663	8.9814236173551
103	-4.3475021957964	9.0026129163365
104	-4.3263128967264	9.0238022153087
105	-4.3051235976565	9.044991514271
106	-4.2839342985866	9.0661808132222
107	-4.2627449995166	9.0873701121613
108	-4.2415557004467	9.1085594110869
109	-4.2203664013767	9.1297487099977
110	-4.1991771023068	9.1509380088923
111	-4.1779878032369	9.1721273077688
112	-4.1567985041669	9.1933166066256
113	-4.135609205097	9.2145059054605
114	-4.1144199060271	9.2356952042713
115	-4.0932306069571	9.2568845030555
116	-4.0720413078872	9.2780738018104
117	-4.0508520088172	9.2992631005331
118	-4.0296627097473	9.3204523992201
119	-4.0084734106774	9.341641697868
120	-3.9872841116074	9.3628309964725
121	-3.9660948125375	9.3840202950294
122	-3.9449055134676	9.4052095935336
123	-3.9237162143976	9.4263988919799
124	-3.9025269153277	9.4475881903622
125	-3.8813376162577	9.4687774886741
126	-3.8601483171878	9.4899667869083
127	-3.8389590181179	9.5111560850568
128	-3.8177697190479	9.5323453831108
129	-3.796580419978	9.5535346810607
130	-3.775391120908	9.5747239788959
131	-3.7542018218381	9.5959132766044
132	-3.7330125227682	9.6171025741734
133	-3.7118232236982	9.6382918715886
134	-3.6906339246283	9.6594811688341
135	-3.6694446255584	9.6806704658927
136	-3.6482553264884	9.7018597627451
137	-3.6270660274185	9.7230490593702
138	-3.6058767283485	9.7442383557446
139	-3.5846874292786	9.7654276518428
140	-3.5634981302087	9.7866169476364
141	-3.5423088311387	9.8078062430942
142	-3.5211195320688	9.8289955381817
143	-3.4999302329989	9.8501848328611
144	-3.4787409339289	9.8713741270904
145	-3.457551634859	9.8925634208235
146	-3.436362335789	9.9137527140096
147	-3.4151730367191	9.9349420065926
148	-3.3939837376492	9.9561312985107
149	-3.3727944385792	9.9773205896958
150	-3.3516051395093	9.9985098800726
151	-3.3304158404393	10.019699169558
152	-3.3092265413694	10.040888458062
153	-3.2880372422995	10.062077745482
154	-3.2668479432295	10.083267031708
155	-3.2456586441596	10.104456316618
156	-3.2244693450897	10.125645600077
157	-3.2032800460197	10.146834881935
158	-3.1820907469498	10.168024162029
159	-3.1609014478798	10.189213440178
160	-3.1397121488099	10.210402716182
161	-3.11852284974	10.231591989823
162	-3.09733355067	10.252781260857
163	-3.0761442516001	10.273970529017
164	-3.0549549525302	10.295159794008
165	-3.0337656534602	10.316349055507
166	-3.0125763543903	10.337538313155
167	-2.9913870553203	10.358727566557
168	-2.9701977562504	10.379916815278
169	-2.9490084571805	10.401106058839
170	-2.9278191581105	10.422295296709
171	-2.9066298590406	10.443484528307
172	-2.8854405599706	10.464673752989
173	-2.8642512609007	10.485862970046
174	-2.8430619618308	10.507052178696
175	-2.8218726627608	10.528241378079
176	-2.8006833636909	10.549430567244
177	-2.779494064621	10.570619745143
178	-2.758304765551	10.591808910623
179	-2.7371154664811	10.612998062409
180	-2.7159261674111	10.634187199099
181	-2.6947368683412	10.655376319145
182	-2.6735475692713	10.676565420841
183	-2.6523582702013	10.697754502306
184	-2.6311689711314	10.718943561467
185	-2.6099796720615	10.740132596037
186	-2.5887903729915	10.761321603496
187	-2.5676010739216	10.782510581064
188	-2.5464117748516	10.803699525679
189	-2.5252224757817	10.824888433962
190	-2.5040331767118	10.84607730219
191	-2.4828438776418	10.867266126256
192	-2.4616545785719	10.888454901634
193	-2.4404652795019	10.909643623334
194	-2.419275980432	10.930832285853
195	-2.3980866813621	10.952020883126
196	-2.3768973822921	10.973209408464
197	-2.3557080832222	10.994397854495
198	-2.3345187841523	11.01558621309
199	-2.3133294850823	11.036774475286
200	-2.2921401860124	11.057962631203
201	-2.2709508869424	11.079150669946
202	-2.2497615878725	11.100338579506
203	-2.2285722888026	11.12152634664
204	-2.2073829897326	11.142713956752
205	-2.1861936906627	11.163901393745
206	-2.1650043915928	11.185088639876
207	-2.1438150925228	11.20627567558
208	-2.1226257934529	11.227462479289
209	-2.1014364943829	11.248649027224
210	-2.080247195313	11.269835293167
211	-2.0590578962431	11.291021248215
212	-2.0378685971731	11.312206860501
213	-2.0166792981032	11.333392094891
214	-1.9954899990332	11.354576912651
215	-1.9743006999633	11.375761271078
216	-1.9531114008934	11.396945123088
217	-1.9319221018234	11.418128416775
218	-1.9107328027535	11.43931109491
219	-1.8895435036836	11.460493094399
220	-1.8683542046136	11.481674345681
221	-1.8471649055437	11.502854772065
222	-1.8259756064737	11.524034288998
223	-1.8047863074038	11.545212803263
224	-1.7835970083339	11.566390212085
225	-1.7624077092639	11.587566402157
226	-1.741218410194	11.608741248556
227	-1.7200291111241	11.629914613556
228	-1.6988398120541	11.651086345315
229	-1.6776505129842	11.672256276424
230	-1.6564612139142	11.693424222317
231	-1.6352719148443	11.714589979509
232	-1.6140826157744	11.735753323659
233	-1.5928933167044	11.756914007429
234	-1.5717040176345	11.778071758132
235	-1.5505147185645	11.799226275127
236	-1.5293254194946	11.820377226958
237	-1.5081361204247	11.841524248199
238	-1.4869468213547	11.862666935961
239	-1.4657575222848	11.883804846065
240	-1.4445682232149	11.904937488799
241	-1.4233789241449	11.926064324259
242	-1.402189625075	11.947184757199
243	-1.381000326005	11.968298131361
244	-1.3598110269351	11.98940372322
245	-1.3386217278652	12.010500735089
246	-1.3174324287952	12.031588287521
247	-1.2962431297253	12.052665410922
248	-1.2750538306554	12.073731036317
249	-1.2538645315854	12.09478398516
250	-1.2326752325155	12.115822958105
251	-1.2114859334455	12.136846522622
252	-1.1902966343756	12.157853099348
253	-1.1691073353057	12.178840947033
254	-1.1479180362357	12.199808145952
255	-1.1267287371658	12.220752579604
256	-1.1055394380958	12.241671914552
257	-1.0843501390259	12.262563578177
258	-1.063160839956	12.283424734169
259	-1.041971540886	12.304252255496
260	-1.0207822418161	12.325042694603
261	-0.99959294274616	12.345792250565
262	-0.97840364367622	12.366496732858
263	-0.95721434460628	12.387151521431
264	-0.93602504553634	12.407751522679
265	-0.91483574646641	12.4282911209
266	-0.89364644739647	12.448764124783
267	-0.87245714832653	12.46916370841
268	-0.85126784925659	12.489482346205
269	-0.83007855018665	12.509711741218
270	-0.80888925111672	12.529842746066
271	-0.78769995204678	12.549865275756
272	-0.76651065297684	12.569768211584
273	-0.7453213539069	12.58953929518
274	-0.72413205483696	12.60916501169
275	-0.70294275576703	12.628630460988
276	-0.68175345669709	12.647919215684
277	-0.66056415762715	12.667013164582
278	-0.63937485855721	12.685892340087
279	-0.61818555948727	12.704534727926
280	-0.59699626041733	12.722916057365
281	-0.5758069613474	12.741009569916
282	-0.55461766227746	12.758785764349
283	-0.53342836320752	12.776212115557
284	-0.51223906413758	12.793252764609
285	-0.49104976506764	12.809868177035
286	-0.46986046599771	12.826014766079
287	-0.44867116692777	12.841644477345
288	-0.42748186785783	12.856704330862
289	-0.40629256878789	12.871135916209
290	-0.38510326971795	12.8848748359
291	-0.36391397064802	12.897850091705
292	-0.34272467157808	12.909983408074
293	-0.32153537250814	12.921188486217
294	-0.3003460734382	12.931370181715
295	-0.27915677436826	12.940423597847
296	-0.25796747529832	12.948233085978
297	-0.23677817622839	12.954671143488
298	-0.21558887715845	12.959597198737
299	-0.19439957808851	12.962856271495
300	-0.17321027901857	12.964277496056
301	-0.15202097994863	12.96367249298
302	-0.1308316808787	12.960833573934
303	-0.10964238180876	12.955531762531
304	-0.08845308273882	12.947514612304
305	-0.067263783668882	12.936503801025
306	-0.046074484598944	12.922192478434
307	-0.024885185529006	12.904242342124
308	-0.0036958864590679	12.882280413687
309	0.01749341261087	12.855895484431
310	0.038682711680808	12.824634196771
311	0.059872010750746	12.787996723971
312	0.081061309820684	12.745432007055
313	0.10225060889062	12.6963325035
314	0.12343990796056	12.640028397676
315	0.1446292070305	12.575781217851
316	0.16581850610044	12.502776798938
317	0.18700780517037	12.420117523933
318	0.20819710424031	12.326813770085
319	0.22938640331025	12.221774478313
320	0.25057570238019	12.103796755979
321	0.27176500145013	11.971554413951
322	0.29295430052007	11.823585328712
323	0.31414359959	11.65827750908
324	0.33533289865994	11.473853734781
325	0.35652219772988	11.268354620462
326	0.37771149679982	11.039619943771
327	0.39890079586976	10.785268059564
328	0.42009009493969	10.502673204071
329	0.44127939400963	10.188940472736
330	0.46246869307957	9.8408782332842
331	0.48365799214951	9.4549677111338
332	0.50484729121945	9.0273294573084
333	0.52603659028938	8.5536863793111

