0	-7.12	8.7577747172384
1	-7.1	8.7377747172384
2	-7.09	8.7277747172384
3	-7.02	8.6577747172384
4	-6.93	8.5677747172384
5	-6.92	8.5577747172384
6	-6.85	8.4877747172384
7	-6.82	8.4577747172384
8	-6.76	8.3977747172384
9	-6.75	8.3877747172384
10	-6.74	8.3777747172384
11	-6.7	8.3377747172384
12	-6.63	8.5688047129024
13	-6.62	8.2577747172384
14	-6.61	8.5488047129024
15	-6.6	8.2377747172384
16	-6.56	8.1977747172384
17	-6.55	8.1877747172384
18	-6.54	8.1777747172384
19	-6.53	8.4688047129024
20	-6.52	8.1577747172384
21	-6.49	8.1277747172384
22	-6.47	8.1077747172384
23	-6.45	8.3888047129024
24	-6.44	8.0777747172384
25	-6.43	8.3688047129024
26	-6.42	8.3588047129024
27	-6.41	8.5248959719581
28	-6.4	8.514895971958
29	-6.38	8.494895971958
30	-6.37	8.0077747172384
31	-6.36	8.4748959719581
32	-6.35	7.9877747172384
33	-6.34	8.5798347085663
34	-6.32	8.434895971958
35	-6.31	8.424895971958
36	-6.29	8.5298347085663
37	-6.28	8.2188047129024
38	-6.27	8.5098347085663
39	-6.26	8.5967447215744
40	-6.25	8.364895971958
41	-6.24	8.354895971958
42	-6.23	8.4698347085663
43	-6.22	8.635925967622
44	-6.21	8.6928727572526
45	-6.2	8.1388047129024
46	-6.19	8.5267447215744
47	-6.18	8.8177747172384
48	-6.17	8.8077747172384
49	-6.16	8.7977747172384
50	-6.15	8.4867447215744
51	-6.14	8.4767447215744
52	-6.13	8.6128727572526
53	-6.12	8.6608647042303
54	-6.11	8.7477747172384
55	-6.1	8.4367447215744
56	-6.09	8.806955963286
57	-6.08	8.6720172266777
58	-6.07	8.6108647042303
59	-6.06	8.174895971958
60	-6.05	8.6877747172384
61	-6.04	8.8818946998943
62	-6.03	8.6677747172384
63	-6.02	8.8618946998943
64	-6.01	8.8238659762941
65	-6	8.716955963286
66	-5.99	8.6691674023966
67	-5.98	8.9399940119723
68	-5.97	8.7217180695452
69	-5.96	8.9199940119723
70	-5.95	8.7339027529166
71	-5.94	8.656955963286
72	-5.93	8.6817180695452
73	-5.92	8.8799940119723
74	-5.91	8.6617180695452
75	-5.9	8.899502553256
76	-5.89	8.9591384813974
77	-5.88	8.9327480652092
78	-5.87	8.7382236386167
79	-5.86	8.8401973980606
80	-5.85	9.0192536342806
81	-5.84	8.8927480652092
82	-5.83	8.944895971958
83	-5.82	8.9049327485806
84	-5.81	8.8949327485806
85	-5.8	8.9818427615887
86	-5.79	8.8427480652092
87	-5.78	9.0088393242649
88	-5.77	8.9759764413054
89	-5.76	9.0210240076363
90	-5.75	9.0110240076363
91	-5.74	8.9575583138552
92	-5.73	9.1159627442446
93	-5.72	9.0479707972669
94	-5.71	8.9388393242649
95	-5.7	9.115925967622
96	-5.69	9.105925967622
97	-5.68	8.9709872310137
98	-5.67	9.0153448933363
99	-5.66	9.1106880738812
100	-5.65	8.9867447215744
101	-5.64	9.0101684770613
102	-5.63	9.1066238079756
103	-5.62	9.2168161095595
104	-5.61	9.0866238079756
105	-5.6	9.1722731684819
106	-5.59	9.1915625445839
107	-5.58	9.0870064369694
108	-5.57	9.1215885696221
109	-5.56	9.1662576657923
110	-5.55	9.1877747172384
111	-5.54	9.2191674023966
112	-5.53	9.228472557592
113	-5.52	9.2259605789845
114	-5.51	9.2196567245445
115	-5.5	9.2483644275376
116	-5.49	9.2548795156032
117	-5.48	9.2761372093336
118	-5.47	9.3036743696476
119	-5.46	9.3230839989642
120	-5.45	9.2521275730228
121	-5.44	9.2681064154087
122	-5.43	9.2930839989643
123	-5.42	9.3609707746589
124	-5.41	9.3196163237749
125	-5.4	9.3278093286009
126	-5.39	9.4097917598132
127	-5.38	9.3542344510869
128	-5.37	9.3788425795101
129	-5.36	9.3518831563858
130	-5.35	9.380471670498
131	-5.34	9.3977304657281
132	-5.33	9.3975269972408
133	-5.32	9.4669772395695
134	-5.31	9.458319727445
135	-5.3	9.4615211840499
136	-5.29	9.4592536342806
137	-5.28	9.4492536342806
138	-5.27	9.4771486268535
139	-5.26	9.4648010833974
140	-5.25	9.4865652240015
141	-5.24	9.5092184862515
142	-5.23	9.5267395599028
143	-5.22	9.5022133067062
144	-5.21	9.5527826765717
145	-5.2	9.5261945392411
146	-5.19	9.5617740037768
147	-5.18	9.5651865251248
148	-5.17	9.5590538212217
149	-5.16	9.5831045522491
150	-5.15	9.5666491892411
151	-5.14	9.5631045522491
152	-5.13	9.5719141495737
153	-5.12	9.6299309899867
154	-5.11	9.6099060965514
155	-5.1	9.6435705976062
156	-5.09	9.6592325879274
157	-5.08	9.6497408319665
158	-5.07	9.6799775556174
159	-5.06	9.6777780888221
160	-5.05	9.7010333825219
161	-5.04	9.6901900920008
162	-5.03	9.6780746738782
163	-5.02	9.7042698815731
164	-5.01	9.7218594062666
165	-5	9.7473532641428
166	-4.99	9.7600344067694
167	-4.98	9.7654510414795
168	-4.97	9.7721275730228
169	-4.96	9.7813292508572
170	-4.95	9.7738830970516
171	-4.94	9.8105167799591
172	-4.93	9.7959183248361
173	-4.92	9.8209371822006
174	-4.91	9.828580645632
175	-4.9	9.8355352283375
176	-4.89	9.8472971663039
177	-4.88	9.856231210843
178	-4.87	9.8511833110422
179	-4.86	9.8805119829997
180	-4.85	9.8886579327867
181	-4.84	9.9041232910259
182	-4.83	9.91150695864
183	-4.82	9.9052428481881
184	-4.81	9.9290739905712
185	-4.8	9.9568147558867
186	-4.79	9.9479961531204
187	-4.78	9.9604756866865
188	-4.77	9.9646799862938
189	-4.76	9.9814268257804
190	-4.75	9.9828298069977
191	-4.74	9.9968680478651
192	-4.73	10.014570406017
193	-4.72	10.025134263421
194	-4.71	10.019317802501
195	-4.7	10.050676842286
196	-4.69	10.057991557807
197	-4.68	10.060735387453
198	-4.67	10.06479095197
199	-4.66	10.081463953586
200	-4.65	10.078341342384
201	-4.64	10.097976176724
202	-4.63	10.104098832945
203	-4.62	10.122819438931
204	-4.61	10.131152206987
205	-4.6	10.137595219665
206	-4.59	10.148054611871
207	-4.58	10.161021842376
208	-4.57	10.16259590029
209	-4.56	10.180000708913
210	-4.55	10.192354011141
211	-4.54	10.196724738739
212	-4.53	10.202844061659
213	-4.52	10.219641689377
214	-4.51	10.230703632254
215	-4.5	10.230775913923
216	-4.49	10.255333019243
217	-4.48	10.259318551459
218	-4.47	10.272840895628
219	-4.46	10.282693170791
220	-4.45	10.285881716112
221	-4.44	10.302385464217
222	-4.43	10.307074196365
223	-4.42	10.319750908636
224	-4.41	10.324994152133
225	-4.4	10.333451751256
226	-4.39	10.34980784587
227	-4.38	10.356529934561
228	-4.37	10.365385627397
229	-4.36	10.382933955818
230	-4.35	10.391735548638
231	-4.34	10.395030455104
232	-4.33	10.40573128332
233	-4.32	10.420307475273
234	-4.31	10.428672344173
235	-4.3	10.443507887024
236	-4.29	10.445010214703
237	-4.28	10.456524344899
238	-4.27	10.46553448237
239	-4.26	10.47921233647
240	-4.25	10.488006830506
241	-4.24	10.502283701033
242	-4.23	10.504924082711
243	-4.22	10.517329646949
244	-4.21	10.5282099528
245	-4.2	10.535692455172
246	-4.19	10.54699824604
247	-4.18	10.561480419025
248	-4.17	10.570865627404
249	-4.16	10.579630578161
250	-4.15	10.589349915701
251	-4.14	10.601653056505
252	-4.13	10.610334035074
253	-4.12	10.619374834809
254	-4.11	10.629364773542
255	-4.1	10.63550075043
256	-4.09	10.648456212446
257	-4.08	10.658355943082
258	-4.07	10.669352413863
259	-4.06	10.678518713501
260	-4.05	10.689556009506
261	-4.04	10.698434267694
262	-4.03	10.708618265069
263	-4.02	10.717935966964
264	-4.01	10.727802012895
265	-4	10.736653694266
266	-3.99	10.748170946169
267	-3.98	10.756960897655
268	-3.97	10.767798822121
269	-3.96	10.776875320189
270	-3.95	10.78506079018
271	-3.94	10.797456149985
272	-3.93	10.806866386182
273	-3.92	10.817710068615
274	-3.91	10.828589745473
275	-3.9	10.838491908252
276	-3.89	10.848873743031
277	-3.88	10.857114837684
278	-3.87	10.869283462525
279	-3.86	10.877551447176
280	-3.85	10.887282302284
281	-3.84	10.898210731236
282	-3.83	10.906029022999
283	-3.82	10.916800614351
284	-3.81	10.92771694262
285	-3.8	10.936323722841
286	-3.79	10.945328199865
287	-3.78	10.957175787685
288	-3.77	10.96695212065
289	-3.76	10.976748399929
290	-3.75	10.987639238649
291	-3.74	10.996365604339
292	-3.73	11.005006194921
293	-3.72	11.015554110049
294	-3.71	11.025875900417
295	-3.7	11.03590572333
296	-3.69	11.046112788266
297	-3.68	11.054324191728
298	-3.67	11.065110001296
299	-3.66	11.07663184602
300	-3.65	11.085393984178
301	-3.64	11.095444516446
302	-3.63	11.104740304459
303	-3.62	11.114425681314
304	-3.61	11.123767844713
305	-3.6	11.134487178461
306	-3.59	11.144472328749
307	-3.58	11.154102437293
308	-3.57	11.163423509157
309	-3.56	11.172961045533
310	-3.55	11.183319534086
311	-3.54	11.192490938431
312	-3.53	11.202019638424
313	-3.52	11.211784549255
314	-3.51	11.221212609723
315	-3.5	11.231077305327
316	-3.49	11.240987506617
317	-3.48	11.250724054048
318	-3.47	11.260615976208
319	-3.46	11.270310806318
320	-3.45	11.279302858237
321	-3.44	11.288552174607
322	-3.43	11.298221339404
323	-3.42	11.30790012896
324	-3.41	11.317034249089
325	-3.4	11.327265563438
326	-3.39	11.335859327921
327	-3.38	11.345882648751
328	-3.37	11.355342212057
329	-3.36	11.363879448871
330	-3.35	11.373887729428
331	-3.34	11.383192457743
332	-3.33	11.391961743858
333	-3.32	11.401865127304
334	-3.31	11.411078247847
335	-3.3	11.42012025502
336	-3.29	11.428962330813
337	-3.28	11.438418444308
338	-3.27	11.447463040766
339	-3.26	11.456391020386
340	-3.25	11.465023450966
341	-3.24	11.473666473915
342	-3.23	11.482990369394
343	-3.22	11.491311341601
344	-3.21	11.500269473267
345	-3.2	11.509103470537
346	-3.19	11.517291259783
347	-3.18	11.525861056293
348	-3.17	11.534564254865
349	-3.16	11.542510298623
350	-3.15	11.550884585925
351	-3.14	11.559283083972
352	-3.13	11.567536052682
353	-3.12	11.575641872772
354	-3.11	11.583472896743
355	-3.1	11.591460337942
356	-3.09	11.599323602478
357	-3.08	11.607115756637
358	-3.07	11.614761950117
359	-3.06	11.622270476161
360	-3.05	11.629397938983
361	-3.04	11.636451483243
362	-3.03	11.643726632251
363	-3.02	11.650816067335
364	-3.01	11.657453876352
365	-3	11.664140605185
366	-2.99	11.670777895571
367	-2.98	11.677247859145
368	-2.97	11.683451509623
369	-2.96	11.689461718732
370	-2.95	11.695364155506
371	-2.94	11.701173541658
372	-2.93	11.706444657429
373	-2.92	11.71167295812
374	-2.91	11.716959662505
375	-2.9	11.721466063373
376	-2.89	11.726202722164
377	-2.88	11.730800659509
378	-2.87	11.734783671754
379	-2.86	11.738705028978
380	-2.85	11.742150299026
381	-2.84	11.745586452552
382	-2.83	11.748575071885
383	-2.82	11.751327502098
384	-2.81	11.753735477196
385	-2.8	11.755696591145
386	-2.79	11.757368788291
387	-2.78	11.758894952173
388	-2.77	11.759861448378
389	-2.76	11.760387310043
390	-2.75	11.76072516093
391	-2.74	11.760466104399
392	-2.73	11.759835288338
393	-2.72	11.758701204789
394	-2.71	11.757076708879
395	-2.7	11.755214638521
396	-2.69	11.75273980876
397	-2.68	11.749529026013
398	-2.67	11.745881794068
399	-2.66	11.741820466104
400	-2.65	11.737200565928
401	-2.64	11.732167675956
402	-2.63	11.72627600261
403	-2.62	11.719779830438
404	-2.61	11.712683840185
405	-2.6	11.705126091493
406	-2.59	11.696713481773
407	-2.58	11.687565742623
408	-2.57	11.677770430991
409	-2.56	11.667326856816
410	-2.55	11.656191543979
411	-2.54	11.644360354858
412	-2.53	11.631567493524
413	-2.52	11.618117555859
414	-2.51	11.603887540587
415	-2.5	11.588791032506
416	-2.49	11.572832315162
417	-2.48	11.555977139126
418	-2.47	11.53834505705
419	-2.46	11.519937257883
420	-2.45	11.500621640035
421	-2.44	11.480224499628
422	-2.43	11.458978862337
423	-2.42	11.437153378889
424	-2.41	11.413854941624
425	-2.4	11.389933531875
426	-2.39	11.365120388181
427	-2.38	11.338938366427
428	-2.37	11.312178442069
429	-2.36	11.284375216828
430	-2.35	11.255176560742
431	-2.34	11.225037810249
432	-2.33	11.194039558104
433	-2.32	11.161979786134
434	-2.31	11.128612062939
435	-2.3	11.094163143818
436	-2.29	11.058709551375
437	-2.28	11.02234161259
438	-2.27	10.984568465646
439	-2.26	10.945757666608
440	-2.25	10.905725202676
441	-2.24	10.864401319173
442	-2.23	10.822366307365
443	-2.22	10.779029544424
444	-2.21	10.734750058895
445	-2.2	10.689248752761
446	-2.19	10.642631363393
447	-2.18	10.595021984462
448	-2.17	10.546413948522
449	-2.16	10.496488586032
450	-2.15	10.44602657964
451	-2.14	10.394882779403
452	-2.13	10.342576261035
453	-2.12	10.289131887029
454	-2.11	10.23476127531
455	-2.1	10.179046032325
456	-2.09	10.123407891711
457	-2.08	10.066783423598
458	-2.07	10.009330325326
459	-2.06	9.9513058340337
460	-2.05	9.8924648798149
461	-2.04	9.8334981062177
462	-2.03	9.7735283792786
463	-2.02	9.7136806863066
464	-2.01	9.6537334298202
465	-2	9.5950069222201
466	-1.99	9.536814313717
467	-1.98	9.477488088826
468	-1.97	9.4228694262573
469	-1.96	9.3647434623148
470	-1.95	9.3107909467055
471	-1.94	9.2581981686485
472	-1.93	9.2080215519587
473	-1.92	9.1577505307432
474	-1.91	9.1115404925689
475	-1.9	9.0654303914982
476	-1.89	9.0238806380726
477	-1.88	8.9849534951814
478	-1.87	8.9446431156183
479	-1.86	8.9073409856594
480	-1.85	8.8717713005404
481	-1.84	8.8391795446601
482	-1.83	8.8064781705022
483	-1.82	8.7746651274038
484	-1.81	8.7443499685223
485	-1.8	8.7144432790837
486	-1.79	8.6848145777318
487	-1.78	8.6546594767801
488	-1.77	8.6275818343553
489	-1.76	8.5992920070537
490	-1.75	8.57409524123
491	-1.74	8.5473198427577
492	-1.73	8.520982669276
493	-1.72	8.4926750464342
494	-1.71	8.4705114364474
495	-1.7	8.4413561045898
496	-1.69	8.4146824099927
497	-1.68	8.3886471053966
498	-1.67	8.3668077222022
499	-1.66	8.3393489784894
500	-1.65	8.3152792569078
501	-1.64	8.2900339036093
502	-1.63	8.2645314864582
503	-1.62	8.2398785336817
504	-1.61	8.2154069234425
505	-1.6	8.1903734517682
506	-1.59	8.1680470919545
507	-1.58	8.1452323410871
508	-1.57	8.1208570680821
509	-1.56	8.0941576159491
510	-1.55	8.0723661923786
511	-1.54	8.045701595281
512	-1.53	8.0260230911561
513	-1.52	7.9989338904537
514	-1.51	7.9769948401138
515	-1.5	7.9560138110919
516	-1.49	7.9293567738305
517	-1.48	7.9100613227787
518	-1.47	7.8822332865056
519	-1.46	7.8589806364204
520	-1.45	7.83688464085
521	-1.44	7.8141552818104
522	-1.43	7.7915012257493
523	-1.42	7.7662381098619
524	-1.41	7.7436589801824
525	-1.4	7.7239728966937
526	-1.39	7.6935995200765
527	-1.38	7.6719705178681
528	-1.37	7.6478882891677
529	-1.36	7.6268069483094
530	-1.35	7.6025770527542
531	-1.34	7.580366393716
532	-1.33	7.5536751587432
533	-1.32	7.5274177825977
534	-1.31	7.5100437840849
535	-1.3	7.4812467489399
536	-1.29	7.4588574792725
537	-1.28	7.4362360121702
538	-1.27	7.412286356643
539	-1.26	7.3833116003251
540	-1.25	7.3628790647402
541	-1.24	7.3307718052544
542	-1.23	7.3037305081276
543	-1.22	7.2808894636132
544	-1.21	7.2510153823229
545	-1.2	7.2233273709241
546	-1.19	7.1970091338452
547	-1.18	7.1661964151028
548	-1.17	7.1433329053042
549	-1.16	7.1106921983547
550	-1.15	7.0825935267211
551	-1.14	7.0522096873124
552	-1.13	7.0253093032191
553	-1.12	6.9928484319379
554	-1.11	6.9647319245995
555	-1.1	6.9285264971586
556	-1.09	6.9043289768517
557	-1.08	6.8709185737521
558	-1.07	6.835171108015
559	-1.06	6.8053238469831
560	-1.05	6.7743836618113
561	-1.04	6.7391894955155
562	-1.03	6.7040042613247
563	-1.02	6.6735115917158
564	-1.01	6.6330215080412
565	-1	6.6077959830667
566	-0.99	6.5727013272246
567	-0.98	6.5306341924007
568	-0.97	6.4953357581684
569	-0.96	6.4501327009062
570	-0.95	6.4159833317063
571	-0.94	6.3854450184688
572	-0.93	6.343603531703
573	-0.92	6.2940118161431
574	-0.91	6.2585688171687
575	-0.9	6.2194681092429
576	-0.89	6.17992432264
577	-0.88	6.1308762342053
578	-0.87	6.0955978885573
579	-0.86	6.0648010833974
580	-0.85	6.01848655522
581	-0.84	5.9597902936891
582	-0.83	5.9313691194254
583	-0.82	5.8860715312212
584	-0.81	5.8630820094639
585	-0.8	5.8205119829997
586	-0.79	5.7686152670507
587	-0.78	5.7408204527201
588	-0.77	5.7004737202823
589	-0.76	5.6803968301164
590	-0.75	5.6275745356855
591	-0.74	5.6100082383531
592	-0.73	5.5409609856506
593	-0.72	5.5179430101969
594	-0.71	5.4920374910004
595	-0.7	5.4510494097027
596	-0.69	5.4211964024006
597	-0.68	5.3646599080761
598	-0.67	5.3243902647956
599	-0.66	5.3156424362019
600	-0.65	5.2576563609849
601	-0.64	5.2207743106044
602	-0.63	5.1961705694951
603	-0.62	5.1825707130363
604	-0.61	5.1026877395462
605	-0.6	5.0828727572526
606	-0.59	5.0869130145329
607	-0.58	4.9797025556589
608	-0.57	5.0015651019292
609	-0.56	4.9389263160902
610	-0.55	4.9136863495334
611	-0.54	4.8635164558406
612	-0.53	4.8238729192512
613	-0.52	4.7841150846134
614	-0.51	4.7076813422745
615	-0.5	4.7048010833974
616	-0.49	4.6618008232945
617	-0.48	4.6229246955583
618	-0.47	4.5977331966632
619	-0.46	4.6123224698987
620	-0.45	4.5763254337388
621	-0.44	4.5401727151373
622	-0.43	4.5619293112568
623	-0.42	4.5290664282973
624	-0.41	4.4886837993036
625	-0.4	4.4215900832188
626	-0.39	4.4222263980646
627	-0.38	4.3997917598132
628	-0.37	4.369502553256
629	-0.36	4.3241105781671
630	-0.35	4.2952707551516
631	-0.34	4.2306277482183
632	-0.33	4.2132873850525
633	-0.32	4.2249464456414
634	-0.31	4.1546005932702
635	-0.3	4.0869938298938
636	-0.29	3.9846795685748
637	-0.28	3.996955963286
638	-0.27	3.945201215179
639	-0.26	3.9189640163083
640	-0.25	3.8068528096144
641	-0.24	3.8863748890003
642	-0.23	3.8889640163083
643	-0.22	3.8400459502779
644	-0.21	3.8434099118359
645	-0.2	3.8377747172384
646	-0.19	3.8769927399086
647	-0.18	3.8348080565371
648	-0.17	3.8077747172384
649	-0.16	3.7845464515046
650	-0.15	3.7700459502779
651	-0.14	3.7415625445839
652	-0.13	3.6251072136696
653	-0.12	3.7262576657923
654	-0.11	3.7209025708381
655	-0.1	3.677293969857
656	-0.09	3.7571584949236
657	-0.08	3.722096091021
658	-0.07	3.6522573893885
659	-0.06	3.702096091021
660	-0.05	3.6068528096144
661	-0.04	3.6734099118359
662	-0.03	3.607293969857
663	-0.02	3.6445464515046
664	-0.01	3.7122327064653
665	0	3.6711984727253
666	0.01	3.632096091021
667	0.02	3.5420540033003
668	0.03	3.5809025708381
669	0.04	3.5422573893885
670	0.05	3.3281374067326
671	0.06	3.4102836299446
672	0.07	3.4190330659574
673	0.08	3.4028727572526
674	0.09	3.3186267288805
675	0.1	3.3702836299446
676	0.11	3.305925967622
677	0.12	3.2812027108013
678	0.13	3.3590330659574
679	0.14	3.3490330659574
680	0.15	3.2359627442446
681	0.16	3.3585883095192
682	0.17	3.2873186527802
683	0.18	3.2639546912223
684	0.19	3.2866238079756
685	0.2	3.2573186527802
686	0.21	3.1986267288805
687	0.22	3.1886267288805
688	0.23	3.0705325489199
689	0.24	3.1381374067326
690	0.25	3.0598725751741
691	0.26	2.9459764413054
692	0.27	2.8149327485806
693	0.28	2.991243172818
694	0.29	2.824895971958
695	0.3	3.019015954614
696	0.31	2.9510240076363
697	0.32	2.8618427615886
698	0.33	2.9512273937246
699	0.34	3.0220505868392
700	0.35	3.0586267288805
701	0.36	3.0839546912223
702	0.37	3.1654018085288
703	0.38	3.0706880738812
704	0.39	2.9467447215744
705	0.4	2.9936495729109
706	0.41	2.8405585739581
707	0.42	2.7229246955583
708	0.43	2.7988393242649
709	0.44	2.7418427615887
710	0.45	2.6929246955583
711	0.46	2.6091384813974
712	0.47	2.7240772180057
713	0.48	2.6201727151373
714	0.49	2.6529246955583
715	0.5	2.6429246955583
716	0.51	2.7998725751741
717	0.52	2.799015954614
718	0.53	2.7310240076363
719	0.54	2.7210240076363
720	0.55	2.7598725751741
721	0.56	2.554895971958
722	0.57	2.6475583138552
723	0.58	2.5892536342806
724	0.59	2.4791384813974
725	0.6	2.6398347085663
726	0.61	2.6809872310137
727	0.62	2.6898725751741
728	0.63	2.6512273937246
729	0.64	2.6210240076363
730	0.65	2.6505325489199
731	0.66	2.659015954614
732	0.67	2.5359764413054
733	0.68	2.3557147259104
734	0.69	2.32798595895
735	0.7	2.3527480652092
736	0.71	2.1318946998943
737	0.72	2.3157147259104
738	0.73	2.3701727151373
739	0.74	2.259502553256
740	0.75	2.3501727151373
741	0.76	2.4688393242649
742	0.77	2.549015954614
743	0.78	2.5205325489199
744	0.79	2.5009872310137
745	0.8	2.4398347085663
746	0.81	2.4712273937246
747	0.82	2.3362886571163
748	0.83	2.2549327485806
749	0.84	2.2291384813974
750	0.85	2.1099940119723
751	0.86	2.0330472223417
752	0.87	1.846955963286
753	0.88	2.1001973980606
754	0.89	2.2391364110726
755	0.9	1.9418946998943
756	0.91	2.0701973980606
757	0.92	1.7591674023966
758	0.93	1.8838659762941
759	0.94	1.7391674023966
760	0.95	1.5328727572526
761	0.96	1.6320172266777
762	0.97	1.445925967622
763	0.98	0.65777471723836
764	0.99	1.425925967622
765	1	1.2398347085663
766	1.01	1.2298347085663
767	1.02	1.2198347085663
768	1.03	1.2098347085663
769	1.04	1.375925967622
770	1.05	1.2867447215744
771	1.06	1.5320172266777
772	1.07	1.5677747172384
773	1.08	1.5577747172384
774	1.09	1.8699940119723
775	1.1	1.8388047129024
776	1.11	1.8065283181912
777	1.12	1.6639027529166
778	1.13	1.9701727151373
779	1.14	1.7988047129024
780	1.15	1.9501727151373
781	1.16	1.8757147259104
782	1.17	1.84798595895
783	1.18	2.0810240076363
784	1.19	1.82798595895
785	1.2	1.9429246955583
786	1.21	1.9329246955583
787	1.22	2.051243172818
788	1.23	1.8227480652092
789	1.24	1.6988047129024
790	1.25	1.5339027529166
791	1.26	1.2228727572526
792	1.27	0.66880471290236
793	1.28	0.35777471723838
794	1.29	0.94983470856634
795	1.3	0.33777471723837
796	1.31	0.32777471723838
797	1.32	1.0167447215744
798	1.33	1.4217180695452
799	1.34	1.1428727572526
800	1.35	1.366955963286
801	1.36	1.5999940119723
802	1.37	1.6991384813974
803	1.38	1.6727480652092
804	1.39	1.5488047129024
805	1.4	1.1920172266777
806	1.41	0.9267447215744
807	1.42	0.21777471723837
808	1.43	0.9067447215744
809	1.44	0.67489597195804
810	1.45	0.18777471723838
811	1.46	0.47880471290236
812	1.47	0.46880471290236
813	1.48	0.45880471290236
814	1.49	0.14777471723838
815	1.52	0.11777471723838
816	1.53	0.10777471723838
817	1.54	0.87592596762202
818	1.55	1.2918946998943
819	1.56	1.156955963286
820	1.57	1.2438659762941
821	1.58	1.4891384813974
822	1.59	1.4791384813974
823	1.6	1.3165283181912
824	1.61	1.0277747172384
825	1.62	0.61983470856634
826	1.64	0.29880471290236
827	1.65	0.28880471290235
828	1.66	-0.02222528276162
829	1.69	-0.052225282761629
830	1.74	-0.10222528276161
831	1.75	0.36489597195804
832	1.76	0.17880471290237
833	1.77	0.16880471290237
834	1.78	0.45983470856633
835	1.79	-0.15222528276161
836	1.8	0.31489597195805
837	1.81	-0.17222528276161
838	1.82	0.41983470856634
839	1.83	-0.19222528276161
840	1.84	0.098804712902372
841	1.87	-0.23222528276161
842	1.88	0.23489597195805
843	1.89	0.59287275725265
844	1.9	1.0165283181912
845	1.91	1.0065283181912
846	1.92	0.99652831819122
847	1.93	1.1848959719581
848	1.94	1.1601727151373
849	1.95	0.80171806954523
850	1.96	0.45592596762203
851	1.97	0.26983470856634
852	1.98	-0.34222528276161
853	2.01	-0.37222528276161
854	2.03	-0.39222528276163
855	2.05	-0.41222528276163
856	2.06	-0.42222528276163
857	2.07	-0.13119528709763
858	2.1	-0.16119528709763
859	2.12	-0.18119528709764
860	2.13	-0.49222528276163
861	2.2	-0.56222528276163
862	2.22	-0.58222528276163
863	2.23	-0.59222528276161
864	2.24	-0.60222528276163
865	2.25	-0.61222528276163
866	2.4	-0.76222528276161
867	2.41	-0.77222528276163
868	2.43	-0.49119528709765
869	2.45	-0.81222528276161
