0.000588844	1698.24	-0.856162
0.000724436	1380.38	-0.450944
0.000851138	3524.69	-0.317591
0.001	2000	-0.829182
0.00112202	891.251	-1.0905
0.00114815	870.964	-0.958888
0.00123027	812.831	-1.13995
0.00131826	2275.73	-1.13765
0.00134896	1482.62	-1.19054
0.00141254	1415.89	-1.07105
0.00154882	1291.31	-0.890246
0.00158489	1892.87	-0.787391
0.00165959	1205.12	-0.736046
0.0017378	575.44	-0.460481
0.00177828	562.341	-0.460481
0.00194984	1025.72	-0.257957
0.00199526	501.187	-0.23004
0.00204174	489.779	-0.106342
0.00213796	467.735	-0.0253604
0.00218776	457.088	-0.0479298
0.00229087	1309.55	-0.0214249
0.00239883	833.739	-0.0224893
0.00245471	407.38	-0.00968368
0.0025704	389.045	-0.0454737
0.00263027	760.379	0.00136325
0.00269153	371.535	0.180871
0.00281838	1064.44	0.317168
0.00288403	1040.21	0.442544
0.00295121	1016.53	0.463358
0.00301995	662.262	0.431275
0.0030903	970.781	0.454557
0.00316228	1264.91	0.566547
0.00323594	927.089	0.661226
0.00331131	603.99	0.688222
0.00338844	1475.6	0.754274
0.00363078	275.423	0.751016
0.00371535	1614.92	0.729831
0.00380189	1578.16	0.761005
0.00389045	1799.28	0.742358
0.00398107	1004.75	0.824966
0.0040738	981.884	0.812971
0.00416869	959.533	0.758754
0.0042658	1640.96	0.776795
0.00436516	687.26	0.753714
0.00446684	2462.59	0.726639
0.00457088	437.552	0.713129
0.00467735	641.389	0.801703
0.0047863	1253.58	0.82182
0.00489779	1020.87	0.861373
0.00501187	1596.21	0.830642
0.00512861	389.969	0.856581
0.00524807	1524.37	0.802683
0.00537032	2048.3	0.799449
0.00549541	2365.61	0.75382
0.00562341	889.14	0.757449
0.0057544	1737.8	0.791428
0.00588844	1528.42	0.813017
0.0060256	829.793	0.838556
0.00616595	1621.81	0.855132
0.00630957	2060.36	0.895836
0.00645654	929.29	0.919744
0.00660693	1967.63	0.938039
0.00676083	1183.29	0.9255
0.00691831	2457.25	0.977538
0.00707946	1553.79	0.962709
0.00724436	828.231	0.975952
0.0074131	1214.07	0.892689
0.00758578	2372.86	0.928101
0.00776247	1288.25	0.966852
0.00794328	2517.85	1.02842
0.00812831	1722.38	1.01696
0.00831764	1082.04	1.00136
0.00851138	2232.31	1.00454
0.00870964	1837.05	1.04604
0.00891251	1907.43	1.01993
0.00912011	1535.07	1.07909
0.00933254	2785.95	1.01456
0.00954993	2617.82	0.980474
0.00977237	2660.56	0.982037
0.01	2400	0.982304
0.0102329	3127.16	0.999395
0.0104713	2005.48	0.922865
0.0107152	2053.16	0.940126
0.0109648	2644.83	0.970785
0.0112202	2406.38	1.02792
0.0114815	2787.08	1.02223
0.011749	2468.3	1.04318
0.0120226	2744.82	1.04744
0.0123027	3982.87	1.00948
0.0125893	3892.21	1.02334
0.0128825	2406.37	1.05458
0.0131826	3186.03	1.0267
0.0134896	3484.16	1.04284
0.0138038	3332.41	1.02502
0.0141254	2619.4	1.06218
0.0144544	3943.44	1.05602
0.0147911	3245.2	1.01643
0.0151356	3171.33	0.988796
0.0154882	3486.53	1.00345
0.0158489	4353.61	0.985092
0.0162181	2836.34	1.01215
0.0165959	2832.03	0.995752
0.0169824	3945.25	0.957631
0.017378	4143.17	0.961479
0.0177828	3936.39	0.956787
0.018197	3846.79	0.954991
0.0186209	3866.63	0.930218
0.0190546	4355.9	0.952587
0.0194984	3897.75	0.961308
0.0199526	4911.63	0.970607
0.0204174	4163.12	0.976894
0.020893	4738.44	1.00348
0.0213796	4911.22	0.9965
0.0218776	4570.88	0.984413
0.0223872	5940.89	0.986248
0.0229087	6766	0.982583
0.0234423	5332.24	0.980719
0.0239883	4960.75	0.97919
0.0245471	5255.21	0.981323
0.0251189	5931.8	1.00947
0.025704	6224.72	1.02833
0.0263027	6235.11	1.01169
0.0269153	5795.95	1.02249
0.0275423	6208.63	1.0347
0.0281838	6847.9	1.04058
0.0288403	6067.89	1.02786
0.0295121	7488.46	1.0442
0.0301995	6457.06	1.04375
0.030903	6310.08	1.0373
0.0316228	7589.47	1.03613
0.0323594	7787.54	1.0509
0.0331131	6372.1	1.03715
0.0338844	7850.22	1.01924
0.0346737	7296.6	1.02066
0.0354813	8201.49	1.02654
0.0363078	8648.28	1.02292
0.0371535	8155.35	1.01838
0.0380189	9232.24	1.0109
0.0389045	8405.19	1.00961
0.0398107	8666.01	1.00083
0.040738	9597.91	1.00435
0.0416869	10267	0.996802
0.042658	10384.9	0.994225
0.0436516	9942.37	0.996311
0.0446684	9872.76	0.990949
0.0457088	10501.3	0.99911
0.0467735	9727.73	1.01752
0.047863	11553.8	1.01624
0.0489779	11495	1.01062
0.0501187	11971.6	1.00686
0.0512861	11114.1	1.00619
0.0524807	11299.4	1.00934
0.0537032	13258.1	1.01211
0.0549541	12938.1	1.00644
0.0562341	12910.3	1.00537
0.057544	13224.7	1.00916
0.0588844	13942.6	1.00346
0.060256	13940.5	1.01194
0.0616595	13736.7	1.00651
0.0630957	14121.4	0.999169
0.0645654	14822.2	1.00309
0.0660693	15892.4	1.00564
0.0676083	15870.8	0.993006
0.0691831	15798.7	0.992165
0.0707946	16780.9	0.985456
0.0724436	16150.5	0.983757
0.074131	17104.8	0.986217
0.0758578	17137.3	0.98348
0.0776247	17417.1	0.985979
0.0794328	18355.1	0.980958
0.0812831	18195.7	0.977331
0.0831764	19200.2	0.979029
0.0851138	18998.1	0.982954
0.0870964	20517.5	0.987701
0.0891251	20802.2	0.986987
0.0912011	20306.8	0.983466
0.0933254	21462.5	0.984085
0.0954993	21434.7	0.975926
0.0977237	22717.1	0.979683
0.1	23130	0.980762
0.102329	22427.6	0.984033
0.104713	23578.8	0.979947
0.107152	24469.9	0.975705
0.109648	24432.8	0.980795
0.112202	25525.4	0.981682
0.114815	25946	0.980801
0.11749	26776.8	0.981406
0.120226	27814.2	0.983542
0.123027	27676.9	0.9835
0.125893	28937.4	0.980843
0.128825	29621.6	0.978825
0.131826	29592.1	0.978618
0.134896	30534.6	0.982886
0.138038	30774	0.983647
0.141254	31900	0.982804
0.144544	31934.9	0.985019
0.147911	33601.3	0.982082
0.151356	34640.2	0.981574
0.154882	34503.8	0.978765
0.158489	35617.5	0.976112
0.162181	36952.5	0.975793
0.165959	37702.2	0.9726
0.169824	38015.7	0.97167
0.17378	39716.9	0.969045
0.177828	40134.3	0.969626
0.18197	40660.5	0.970105
0.186209	42468.5	0.966875
0.190546	42393.9	0.965887
0.194984	44311.2	0.961907
0.199526	44811.2	0.961314
0.204174	46416.3	0.960682
0.20893	47125.9	0.955608
0.213796	48504.1	0.952062
0.218776	49424.9	0.949161
0.223872	49827.6	0.944643
0.229087	50910.8	0.942026
0.234423	53117.7	0.938325
0.239883	53863.7	0.935359
0.245471	54601.2	0.933294
0.251189	55858.4	0.929382
0.25704	57415.3	0.92626
0.263027	58750.7	0.923205
0.269153	61076.7	0.918993
0.275423	60793.8	0.914899
0.281838	62408.1	0.908963
0.288403	64170.6	0.903708
0.295121	64783.6	0.896988
0.301995	66239.5	0.891986
0.30903	66890	0.887059
0.316228	68991.4	0.880392
0.323594	70777	0.874002
0.331131	71651.4	0.868015
0.338844	73319.8	0.861804
0.346737	75628	0.854511
0.354813	76623.4	0.847902
0.363078	78815	0.840655
0.371535	80043.6	0.832346
0.380189	81748.7	0.825143
0.389045	81951.9	0.815869
0.398107	84771.1	0.807604
0.40738	86891.8	0.798498
0.416869	87898	0.789404
0.42658	89315.1	0.779763
0.436516	90702.3	0.77007
0.446684	92698.7	0.759055
0.457088	95220.1	0.746893
0.467735	96298.1	0.734544
0.47863	98422.6	0.722951
0.489779	100129	0.710082
0.501187	102253	0.695914
0.512861	103180	0.681214
0.524807	105180	0.666321
0.537032	108001	0.650846
0.549541	109357	0.635951
0.562341	110204	0.618263
0.57544	111900	0.600467
0.588844	114096	0.582144
0.60256	115799	0.562083
0.616595	117065	0.540887
0.630957	119361	0.518197
0.645654	120868	0.495113
0.660693	121908	0.471468
0.676083	123847	0.446037
0.691831	125766	0.419478
0.707946	126343	0.392335
0.724436	128704	0.363951
0.74131	129991	0.334346
0.758578	131279	0.303172
0.776247	132516	0.270801
0.794328	133435	0.235675
0.812831	135175	0.199868
0.831764	135257	0.162656
0.851138	136896	0.123056
0.870964	137582	0.0817362
0.891251	137050	0.0378473
0.912011	138285	-0.00790034
0.933254	139548	-0.0551097
0.954993	139649	-0.104936
0.977237	139551	-0.156876
1	139386	-0.21179
1.02329	139387	-0.268897
1.04713	139285	-0.329307
1.07152	138914	-0.391848
1.09648	138494	-0.457359
1.12202	137331	-0.52611
1.14815	137125	-0.598221
1.1749	135735	-0.673454
1.20226	134376	-0.752017
1.23027	132361	-0.834484
1.25893	131210	-0.921102
1.28825	129230	-1.01182
1.31826	127480	-1.10617
1.34896	125081	-1.2056
1.38038	122410	-1.31039
1.41254	119577	-1.41887
1.44544	117649	-1.53296
1.47911	113879	-1.65169
1.51356	110903	-1.77667
1.54882	107809	-1.90641
1.58489	104276	-2.04297
1.62181	100507	-2.18592
1.65959	96543.3	-2.33709
1.69824	92475	-2.49413
1.7378	88866.9	-2.65879
1.77828	84247.7	-2.83142
1.8197	79984	-3.01267
1.86209	75789.7	-3.20135
1.90546	71574.3	-3.39875
1.94984	67196.6	-3.60608
1.99526	62425.9	-3.82365
2.04174	58247.4	-4.05097
2.0893	53984.2	-4.28989
2.13796	50215.1	-4.53833
2.18776	45659.9	-4.80032
2.23872	41788.1	-5.06962
2.29087	38237	-5.3654
2.34423	34723.6	-5.65977
2.39883	31186.8	-5.98997
2.45471	27793.1	-6.30201
2.51189	24673.5	-6.63769
2.5704	21633.6	-7.01665
2.63027	19136.8	-7.38061
2.69153	16572	-7.81658
2.75423	14112.1	-8.22623
2.81838	12244.6	-8.60972
2.88403	10395.9	-8.77381
2.95121	8772.68	-8.94102
3.01995	7251.11	-9.11247
3.0903	6083.88	-9.28764
3.16228	4926.2	-9.46657
3.23594	3994.52	-9.64954
3.31131	3111.76	-9.83673
3.38844	2518.86	-10.0283
3.46737	1950.18	-10.2244
3.54813	1499.94	-10.4245
3.63078	1143	-10.6298
3.71535	866.674	-10.8398
3.80189	638.892	-11.0546
3.89045	461.9	-11.2743
3.98107	329.308	-11.4992
4.0738	233.934	-11.7302
4.16869	159.762	-11.9666
4.2658	111.116	-12.2087
4.36516	72.1623	-12.4555
4.46684	50.5951	-12.7097
4.57088	26.6907	-12.97
4.67735	20.5244	-13.2355
4.7863	9.1929	-13.5067
4.89779	8.77947	-13.7843
5.01187	4.5891	-14.0691
5.12861	1.75486	-14.3608
5.24807	1.52437	-14.6607
5.37032	0.372417	-14.9656
5.49541	0.36394	-15.2786
5.62341	0.355656	-15.6026
