0.000616595	1621.81	-1
0.000707946	1412.54	-0.453776
0.000891251	1122.02	-0.646693
0.00128825	776.247	-0.732544
0.00141254	1415.89	-0.629219
0.00144544	2767.32	-0.691705
0.00147911	676.083	-0.691705
0.00165959	602.56	-0.850979
0.0017378	575.44	-0.706512
0.00194984	512.861	-0.759333
0.00204174	489.779	-0.471238
0.0020893	478.63	-0.559375
0.00213796	467.735	-0.553975
0.00223872	446.684	-0.471165
0.00229087	436.516	-0.358953
0.00234423	426.58	-0.332671
0.00239883	416.869	-0.259998
0.00245471	407.38	-0.196926
0.00251189	1990.54	-0.142348
0.0025704	1556.18	-0.0532157
0.00263027	1140.57	-0.0769182
0.00269153	743.07	-0.0835661
0.00275423	726.156	-0.0466971
0.00281838	354.813	-0.0154646
0.00288403	346.737	0.139735
0.00301995	331.131	0.535266
0.0030903	323.594	0.591854
0.00323594	618.059	0.627555
0.00331131	301.995	0.644795
0.00338844	885.363	0.735122
0.00346737	576.806	0.701595
0.00354813	281.838	0.762478
0.00363078	275.423	0.760193
0.00371535	807.46	0.718432
0.00380189	789.08	0.760433
0.00389045	257.04	0.772843
0.00398107	1255.94	0.826474
0.0040738	1227.35	0.835214
0.00416869	239.883	0.840411
0.0042658	468.846	0.858852
0.00436516	458.174	0.871183
0.00446684	895.488	0.905074
0.00457088	1312.66	0.913475
0.00467735	641.389	0.915476
0.0047863	1044.65	0.911001
0.00489779	1020.87	0.908794
0.00501187	997.631	0.895392
0.00512861	1559.88	1.02205
0.00524807	381.092	1.1293
0.00537032	558.626	1.2204
0.00549541	909.85	1.26296
0.00562341	889.14	1.31
0.0057544	1216.46	1.2791
0.00588844	1698.24	1.21263
0.0060256	1327.67	1.21048
0.00616595	1621.81	1.16982
0.00630957	950.936	1.13861
0.00645654	1393.93	1.13187
0.00660693	1210.85	1.16539
0.00676083	1774.93	1.13746
0.00691831	722.72	1.16571
0.00707946	1412.54	1.15965
0.00724436	1104.31	1.11325
0.0074131	674.481	1.05664
0.00758578	1977.39	1.09096
0.00776247	1417.07	1.09204
0.00794328	2014.28	1.02756
0.00812831	1476.32	1.06883
0.00831764	1202.26	1.11322
0.00851138	1527.37	1.02786
0.00870964	1492.6	1.00471
0.00891251	2356.24	0.97473
0.00912011	1644.72	0.986137
0.00933254	1607.28	1.02911
0.00954993	1570.69	1.00348
0.00977237	1739.6	1.02802
0.01	1600	1.03708
0.0102329	2149.92	1.05484
0.0104713	2100.98	1.09204
0.0107152	2333.14	1.0335
0.0109648	1915.22	0.993541
0.0112202	2139	0.978974
0.0114815	1654.83	0.965048
0.011749	1106.48	0.968389
0.0120226	2245.76	1.00598
0.0123027	1788.23	1.0227
0.0125893	2224.12	1.03955
0.0128825	2173.49	1.02788
0.0131826	3186.03	1.0492
0.0134896	2891.11	1.05772
0.0138038	2318.2	1.08796
0.0141254	2265.43	1.05062
0.0144544	2767.32	1.06657
0.0147911	2636.72	1.05557
0.0151356	3501.68	1.01145
0.0154882	2324.36	1.04068
0.0158489	2965.5	1.05121
0.0162181	2898	1.07382
0.0165959	3193.57	1.07702
0.0169824	2708.68	1.06828
0.017378	3625.27	1.05998
0.0177828	3598.98	1.05123
0.018197	3517.06	1.08288
0.0186209	3920.33	1.09117
0.0190546	3148.84	1.08851
0.0194984	4154.18	1.08235
0.0199526	3558.43	1.08975
0.0204174	4310.05	1.0757
0.020893	3781.18	1.08971
0.0213796	4162.84	1.09495
0.0218776	3976.67	1.10282
0.0223872	3707.47	1.10151
0.0229087	4015.95	1.11457
0.0234423	3924.53	1.10018
0.0239883	4752.31	1.05399
0.0245471	4684.87	1.05463
0.0251189	3981.07	1.03521
0.025704	4707.45	1.03487
0.0263027	5398.69	1.02526
0.0269153	5424.41	1.04348
0.0275423	5264.63	1.0557
0.0281838	5180.28	1.04935
0.0288403	5998.55	1.03586
0.0295121	5489.28	1.03517
0.0301995	5960.36	1.02785
0.030903	6115.92	1.0433
0.0316228	6830.52	1.0227
0.0323594	5964.27	1.02248
0.0331131	6432.5	1.02011
0.0338844	7023.88	1.01857
0.0346737	5854.58	1.00689
0.0354813	6228.63	1.01481
0.0363078	7326.25	1.01627
0.0371535	7859.28	1.0193
0.0380189	7233.24	1.02215
0.0389045	7402.74	1.01155
0.0398107	8540.41	1.01769
0.040738	7192.3	1.01241
0.0416869	8371.93	1.01975
0.042658	7900.05	1.01749
0.0436516	7697.32	1.01803
0.0446684	8596.69	1.01744
0.0457088	9932.44	1.00539
0.0467735	9150.48	0.997534
0.047863	9255.58	0.987091
0.0489779	9432.83	0.989123
0.0501187	9357.78	0.989135
0.0512861	10412.2	0.97415
0.0524807	9813.12	0.97192
0.0537032	10409.1	0.976204
0.0549541	10972.8	0.981144
0.0562341	11007.5	0.978412
0.057544	10704.9	0.974421
0.0588844	11038.6	0.979732
0.060256	11036.3	0.977535
0.0616595	12017.6	0.980079
0.0630957	11332	0.984677
0.0645654	12483.5	0.993049
0.0660693	13001.5	0.988439
0.0676083	12513.3	0.989159
0.0691831	13399.2	0.994014
0.0707946	13899.4	0.985364
0.0724436	13334.5	0.979219
0.074131	14595.8	0.980326
0.0758578	13644	0.985693
0.0776247	14673.2	0.983937
0.0794328	14792.4	0.98279
0.0812831	15341.5	0.991066
0.0831764	15869.9	0.986301
0.0851138	16507.3	0.990312
0.0870964	16349.7	0.986785
0.0891251	17649.4	0.979749
0.0912011	16885.8	0.980032
0.0933254	17380	0.988169
0.0954993	18000.1	0.989807
0.0977237	18623.9	0.990294
0.1	19210	0.991867
0.102329	19163.6	0.989841
0.104713	20436.8	0.993871
0.107152	20475.6	0.991036
0.109648	21505.2	0.991307
0.112202	20775.1	0.994666
0.114815	21713.1	0.996489
0.11749	22402	0.994268
0.120226	23006.6	0.993352
0.123027	23742.8	0.989899
0.125893	24941.9	0.990423
0.128825	24630.3	0.984412
0.131826	24494.5	0.985308
0.134896	25656.7	0.986469
0.138038	26050.7	0.983261
0.141254	27001.1	0.983935
0.144544	27638.6	0.985146
0.147911	27286.7	0.980413
0.151356	28205	0.981419
0.154882	28918.9	0.976309
0.158489	29831.7	0.975102
0.162181	30909.9	0.972824
0.165959	31887.5	0.971393
0.169824	32533.6	0.96934
0.17378	32397.3	0.969107
0.177828	33150	0.966947
0.18197	34527.7	0.967763
0.186209	34912.4	0.964119
0.190546	36059.5	0.960721
0.194984	36685	0.957732
0.199526	38260.6	0.955938
0.204174	38364.4	0.954504
0.20893	39319.5	0.950728
0.213796	39551.7	0.949784
0.218776	40781.4	0.9474
0.223872	42269.7	0.947176
0.229087	43097.2	0.942241
0.234423	43775.6	0.938756
0.239883	45297	0.936505
0.245471	45773.2	0.934576
0.251189	46562.6	0.932286
0.25704	47078.4	0.931814
0.263027	49379	0.929194
0.269153	49759.7	0.925083
0.275423	50809.1	0.921369
0.281838	52480.4	0.916774
0.288403	53296.9	0.912884
0.295121	53371.3	0.908669
0.301995	55335.3	0.902011
0.30903	56755.1	0.896367
0.316228	58426.2	0.890567
0.323594	59735.4	0.884847
0.331131	61012.1	0.879576
0.338844	61134.3	0.875077
0.346737	63039.2	0.870282
0.354813	64738.3	0.862896
0.363078	65390.9	0.855784
0.371535	67021.9	0.849279
0.380189	68355.4	0.841322
0.389045	69413.5	0.833797
0.398107	71322.5	0.825802
0.40738	72615.2	0.81875
0.416869	73553	0.810453
0.42658	74998.9	0.801225
0.436516	76551.6	0.79071
0.446684	78458.2	0.780509
0.457088	79282.3	0.770992
0.467735	80889.8	0.760561
0.47863	83308.6	0.749143
0.489779	85071.1	0.738203
0.501187	85566.8	0.725933
0.512861	87138.6	0.712896
0.524807	89211.8	0.698207
0.537032	91650.1	0.684804
0.549541	91820.3	0.669847
0.562341	93110.7	0.65397
0.57544	94581.5	0.638474
0.588844	95814.9	0.621677
0.60256	97675	0.602689
0.616595	99948.9	0.583858
0.630957	101367	0.564467
0.645654	102473	0.544848
0.660693	103602	0.524448
0.676083	105626	0.50305
0.691831	107211	0.479307
0.707946	107909	0.455058
0.724436	110127	0.43045
0.74131	110874	0.403755
0.758578	111583	0.376314
0.776247	112882	0.347044
0.794328	114412	0.316812
0.812831	115346	0.285591
0.831764	117198	0.25257
0.851138	116999	0.217609
0.870964	118361	0.180926
0.891251	119486	0.142999
0.912011	120534	0.103557
0.933254	120728	0.0614723
0.954993	121199	0.0179588
0.977237	121875	-0.0265381
1	122228	-0.072758
1.02329	122709	-0.121913
1.04713	122336	-0.173497
1.07152	122482	-0.227072
1.09648	122456	-0.28187
1.12202	121857	-0.340009
1.14815	122007	-0.400825
1.1749	121193	-0.464199
1.20226	120484	-0.53066
1.23027	119535	-0.59939
1.25893	118505	-0.669925
1.28825	117473	-0.743526
1.31826	116194	-0.820496
1.34896	114560	-0.900177
1.38038	112844	-0.982569
1.41254	110760	-1.06743
1.44544	109232	-1.15567
1.47911	106725	-1.24584
1.51356	104616	-1.33924
1.54882	101316	-1.43617
1.58489	99635.7	-1.53595
1.62181	96656.8	-1.63659
1.65959	93375.6	-1.73982
1.69824	90340.4	-1.84395
1.7378	86949.5	-1.95083
1.77828	84017.2	-2.05828
1.8197	80376.9	-2.16539
1.86209	76582.9	-2.27229
1.90546	73386.5	-2.37954
1.94984	69949.7	-2.48612
1.99526	66374.2	-2.59204
2.04174	62703.9	-2.69624
2.0893	58792	-2.79642
2.13796	55020.2	-2.89452
2.18776	51726.8	-2.98751
2.23872	48254.8	-3.07612
2.29087	44780.4	-3.16285
2.34423	41432.4	-3.24588
2.39883	38028.9	-3.32333
2.45471	34978.5	-3.39666
2.51189	32153.9	-3.46436
2.5704	29185.8	-3.52674
2.63027	26365.8	-3.58525
2.69153	23954	-3.63801
2.75423	21498.6	-3.68411
2.81838	19369.6	-3.72513
2.88403	17304.2	-3.76011
2.95121	15500.1	-3.78989
3.01995	13757.8	-3.81468
3.0903	12113.4	-3.83303
3.16228	10664.5	-3.84673
3.23594	9600.93	-3.85473
3.31131	8442.28	-3.86013
3.38844	7513.19	-3.86045
3.46737	6598.38	-3.8561
3.54813	5875.48	-3.84386
3.63078	5290.6	-3.82945
3.71535	4739.52	-3.80897
3.80189	4226.31	-3.78425
3.89045	3801.36	-3.75415
3.98107	3399.84	-3.72267
4.0738	3084.59	-3.68577
4.16869	2881	-3.64566
4.2658	2628.11	-3.60197
4.36516	2487.42	-3.55469
4.46684	2328.49	-3.50438
4.57088	2107.25	-3.45305
4.67735	1939.77	-3.39914
4.7863	1845.06	-3.34234
4.89779	1714.04	-3.28276
5.01187	1627.34	-3.22338
5.12861	1537.06	-3.1627
5.24807	1419.38	-3.10239
5.37032	1347.03	-3.03984
5.49541	1297.63	-2.97685
5.62341	1222.03	-2.91865
5.7544	1169.54	-2.8574
5.88844	1099.44	-2.79993
6.0256	1038.57	-2.74234
6.16595	997.575	-2.68567
6.30957	944.596	-2.63463
6.45654	893.357	-2.58631
6.60693	818.08	-2.53797
6.76083	778.455	-2.49216
6.91831	734.862	-2.45022
7.07946	730.141	-2.41078
7.24436	665.759	-2.37445
7.4131	647.772	-2.34135
7.58578	616.681	-2.31116
7.76247	593.368	-2.28455
7.94328	541.716	-2.26181
8.12831	526.186	-2.24057
8.31764	497.617	-2.22189
8.51138	476.773	-2.2058
8.70964	458.113	-2.19167
8.91251	435.007	-2.17832
9.12011	404.491	-2.16421
9.33254	386.818	-2.15431
9.54993	373.092	-2.14651
9.77237	362.757	-2.13654
10	337.7	-2.12908
10.2329	321.609	-2.121
10.4713	303.21	-2.11256
10.7152	298.828	-2.10713
10.9648	286.007	-2.1003
11.2202	257.393	-2.09138
11.4815	258.589	-2.08632
11.749	238.148	-2.07894
12.0226	231.729	-2.07691
12.3027	224.829	-2.07576
12.5893	206.049	-2.07078
12.8825	197.244	-2.06778
13.1826	192.527	-2.06339
13.4896	186.069	-2.06293
13.8038	174.734	-2.06247
14.1254	169.978	-2.05923
14.4544	162.165	-2.05437
14.7911	152.998	-2.05128
15.1356	146.013	-2.04758
15.4882	138.945	-2.04241
15.8489	130.797	-2.0397
16.2181	128.375	-2.04057
16.5959	122.621	-2.03562
16.9824	113.823	-2.03254
17.378	109.219	-2.03086
17.7828	102.796	-2.02972
18.197	100.071	-2.02624
18.6209	93.9806	-2.02877
19.0546	89.5322	-2.02369
19.4984	87.8019	-2.02096
19.9526	82.5455	-2.01997
20.4174	79.4421	-2.02032
20.893	76.5808	-2.01875
21.3796	72.0312	-2.02084
21.8776	70.2545	-2.01756
22.3872	68.2086	-2.01531
22.9087	62.2035	-2.01541
23.4423	60.9582	-2.01114
23.9883	54.4848	-2.01217
24.5471	51.6151	-2.007
25.1189	51.4753	-2.0034
25.704	47.9304	-2.00567
26.3027	46.9154	-2.01057
26.9153	43.9898	-2.01104
27.5423	42.0081	-2.01015
28.1838	42.1163	-2.0109
28.8403	39.4587	-2.01051
29.5121	38.391	-2.00738
30.1995	36.2257	-2.00865
30.903	35.3688	-2.01588
31.6228	32.2869	-2.01319
32.3594	30.563	-2.00878
33.1131	31.1357	-2.01263
33.8844	29.217	-2.00718
34.6737	27.2253	-2.00904
35.4813	25.5909	-2.00771
36.3078	25.3664	-2.00948
37.1535	22.7973	-2.0146
38.0189	24.2248	-2.02047
38.9045	22.1568	-2.01861
39.8107	20.2458	-2.01529
40.738	19.4167	-2.01417
41.6869	19.0947	-2.01844
42.658	17.5114	-2.01291
43.6516	17.4793	-2.01429
44.6684	16.3874	-2.00936
45.7088	16.0582	-2.00259
46.7735	15.5216	-2.00227
47.863	14.249	-2.00363
48.9779	14.5984	-2.0103
50.1187	13.4281	-2.01659
51.2861	12.284	-2.01865
52.4807	11.2613	-2.01635
53.7032	11.1911	-2.01793
54.9541	10.7544	-2.01783
56.2341	10.1895	-2.02141
57.544	9.69693	-2.0242
58.8844	9.62904	-2.03308
60.256	8.72943	-2.02916
61.6595	7.63873	-2.02912
63.0957	8.41578	-2.03135
64.5654	8.36361	-2.02998
66.0693	6.90184	-2.03099
67.6083	7.51387	-2.0231
69.1831	6.64902	-2.02725
70.7946	6.61068	-2.03389
72.4436	6.12891	-2.03044
74.131	5.4633	-2.02679
75.8578	5.23348	-2.03334
77.6247	5.591	-2.02959
79.4328	5.31267	-2.03422
81.2831	4.99489	-2.03361
83.1764	4.37624	-2.04149
85.1138	4.75834	-2.03013
87.0964	4.17928	-2.03024
89.1251	4.27489	-2.02455
91.2011	4.12276	-2.02159
93.3254	3.76103	-2.02035
95.4993	3.41364	-2.00917
97.7237	3.22337	-2.00792
100	3.12	-2.0169
102.329	3.02944	-2.01111
104.713	3.16103	-2.01487
107.152	2.79043	-2.02027
109.648	2.78163	-2.02939
112.202	2.52224	-2.02893
114.815	2.31676	-2.03244
117.49	2.05975	-2.03937
120.226	2.3123	-2.03071
123.027	2.11336	-2.02424
125.893	1.90639	-2.0241
128.825	2.00272	-2.02442
131.826	1.8661	-2.02879
134.896	1.89775	-2.0401
138.038	1.55029	-2.01974
141.254	1.45837	-2.01915
144.544	1.63272	-2.01474
147.911	1.50767	-2.01393
151.356	1.32139	-2.00635
154.882	1.31068	-2.0095
158.489	1.15465	-2.01161
162.181	1.23936	-2.00382
165.959	1.04243	-2.00545
169.824	1.2719	-2.03049
173.78	1.07607	-2.02354
177.828	1.06845	-2.02384
181.97	1.00016	-2.01244
186.209	0.907584	-2.00719
190.546	0.986638	-2.01487
194.984	0.85135	-2.00804
199.526	0.651543	-2.01404
204.174	0.793442	-2.00335
208.93	0.689227	-1.99658
213.796	0.668861	-1.99671
218.776	0.580502	-2.00146
223.872	0.629824	-2.00034
229.087	0.571836	-1.99527
234.423	0.520427	-2.01855
239.883	0.596123	-2.01587
245.471	0.582554	-2.01581
251.189	0.55735	-2.00854
257.04	0.459073	-2.01129
263.027	0.395397	-2.00253
269.153	0.393827	-2.00304
275.423	0.519202	-1.99982
281.838	0.404487	-2.00969
288.403	0.391813	-2.00259
295.121	0.365952	-1.99331
301.995	0.413914	-1.97681
309.03	0.339773	-1.97564
316.228	0.294092	-2.00358
323.594	0.324481	-2.00166
331.131	0.274816	-2.00114
338.844	0.203633	-1.99347
346.737	0.268215	-1.97114
354.813	0.250836	-1.96976
363.078	0.264406	-1.97562
371.535	0.22878	-1.97732
380.189	0.189379	-1.96683
389.045	0.233906	-1.9691
398.107	0.188391	-1.9606
407.38	0.225833	-2.0054
416.869	0.201502	-2.02294
426.58	0.159408	-2.01214
436.516	0.153488	-2.00729
446.684	0.152233	-2.01333
457.088	0.161894	-2.02354
467.735	0.106898	-2.0045
478.63	0.158787	-2.00849
489.779	0.124546	-2.00235
501.187	0.137673	-2.01479
512.861	0.12089	-2.02757
524.807	0.123855	-2.0235
537.032	0.106139	-2.03682
549.541	0.100084	-2.02845
562.341	0.0924705	-2.00659
575.44	0.114695	-2.01217
588.844	0.0967999	-2.01489
602.56	0.106214	-2.02939
616.595	0.0891996	-2.02651
630.957	0.0538864	-2.01795
645.654	0.0851849	-2.04284
660.693	0.0711374	-2.01568
676.083	0.0857883	-2.03562
691.831	0.0794992	-2.04361
707.946	0.0635642	-2.05613
724.436	0.0524546	-2.04818
741.31	0.0539585	-2.03476
758.578	0.0645946	-2.04362
776.247	0.0450887	-2.03539
794.328	0.0553927	-2.03349
812.831	0.0307567	-2.05895
831.764	0.0336634	-2.02335
851.138	0.0528704	-2.0506
870.964	0.0459261	-2.04047
891.251	0.0415147	-2.04262
912.011	0.0328943	-2.02688
933.254	0.0503614	-2.02891
954.993	0.0366495	-2.04263
977.237	0.0337687	-2.0323
1000	0.024	-2.05987
1023.29	0.0224765	-2.06322
1047.13	0.0315148	-2.0442
1071.52	0.0261311	-2.04014
1096.48	0.0328324	-2.04702
1122.02	0.0276288	-2.05304
1148.15	0.0217741	-2.04544
1174.9	0.0212785	-2.01815
1202.26	0.017467	-1.99388
1230.27	0.0178823	-1.97706
1258.93	0.0214469	-1.97288
1288.25	0.0139724	-2.00545
1318.26	0.0242745	-1.99518
1348.96	0.0133436	-2.00517
1380.38	0.0195598	-1.98408
1412.54	0.012743	-2.0109
1445.44	0.0166039	-2.00516
1479.11	0.0155499	-2.01479
1513.56	0.0118925	-2.03308
1548.82	0.016787	-1.99977
1584.89	0.0113572	-2.00544
1621.81	0.00863233	-2.00732
1659.59	0.0156665	-2.04553
1698.24	0.00647728	-2.05769
1737.8	0.0126597	-2.06889
1778.28	0.0101221	-2.03609
1819.7	0.0120899	-2.00608
1862.09	0.00805548	-2.01636
1905.46	0.00944653	-1.98351
1949.84	0.00820578	-2.04356
1995.26	0.00551306	-2.02645
2041.74	0.00636712	-2.01521
2089.3	0.00909397	-2.03635
2137.96	0.00654829	-2.03968
2187.76	0.00594215	-2.03096
2238.72	0.00580689	-2.03386
2290.87	0.00698425	-2.01049
2344.23	0.00682527	-1.99121
2398.83	0.00708678	-1.95576
2454.71	0.00529594	-1.95277
2511.89	0.00477729	-1.95346
2570.4	0.0042795	-1.92773
2630.27	0.00456227	-1.96046
2691.53	0.00371535	-1.94929
2754.23	0.00435694	-1.96226
2818.38	0.00212888	-1.97177
2884.03	0.00381411	-1.9672
2951.21	0.00338844	-1.96317
3019.95	0.00264905	-1.92618
3090.3	0.00420672	-1.95198
3162.28	0.00316228	-1.94814
3235.94	0.00247224	-1.95081
3311.31	0.00241596	-1.94525
3388.44	0.00295121	-1.90464
3467.37	0.00173042	-1.89397
3548.13	0.00338206	-1.88936
3630.78	0.00330507	-1.86719
3715.35	0.00215323	-1.9039
3801.89	0.00236724	-1.91462
3890.45	0.000771119	-1.92914
3981.07	0.0022607	-1.94793
4073.8	0.00270018	-1.9418
4168.69	0.00167918	-1.97014
4265.8	0.00140654	-1.99602
4365.16	0.00183269	-2.01055
4466.84	0.00111936	-2.00699
4570.88	0.00175021	-1.97279
4677.35	0.00192417	-1.96978
4786.3	0.00229823	-1.99087
4897.79	0.00163339	-2.00287
5011.87	0.00139668	-2.00111
5128.61	0.00155988	-2.00168
5248.07	0.00095273	-2.03321
5370.32	0.000931044	-2.02668
5495.41	0.00109182	-2.01013
5623.41	0.000711312	-1.99832
5754.4	0.00121646	-2.01285
5888.44	0.000849122	-2.03106
6025.6	0.00132767	-2.05213
6165.95	0.000648724	-2.02226
6309.57	0.000633957	-2.00523
6456.54	0.000774408	-2.06937
6606.93	0.00105949	-2.04256
6760.83	0.000887465	-2.11524
6918.31	0.0013009	-2.08654
7079.46	0.000565015	-2.12161
7244.36	0.000828231	-2.0537
7413.1	0.000269793	-1.98359
7585.78	0.000527303	-1.98685
7762.47	0.000386475	-2.03448
7943.28	0.000377678	-2.10502
8128.31	0.000738161	-2.0408
8317.64	0.000360679	-2.06419
8511.38	0.00023498	-2.07285
8709.64	0.000344446	-2.13416
8912.51	0.000448807	-2.16831
9120.11	0.000657887	-2.17798
9332.54	0.000321456	-2.11947
9549.93	0.000209426	-2.08171
9772.37	0.000204659	-2.07838
10000	0.0003	-2.06385
10232.9	0.000293171	-1.99751
10471.3	0.000190999	-1.95243
10715.2	0.000279976	-1.93957
10964.8	0.000364804	-1.89359
11220.2	0.000267375	-1.9177
11481.5	0.000348385	-1.86186
11749	0.000170228	-1.87023
12022.6	0.000166353	-1.86972
12302.7	0.000406415	-1.83103
12882.5	7.76247e-05	-1.90853
13182.6	0.000303431	-1.83431
13489.6	7.4131e-05	-1.82343
13803.8	0.000217331	-1.81897
14125.4	0.000141589	-1.77964
14454.4	0.000276732	-1.79492
14791.1	0.000270433	-1.77654
15488.2	6.45654e-05	-1.7598
15848.9	0.000126191	-1.78557
16218.1	0.000246638	-1.80846
16595.9	6.0256e-05	-1.76778
17378	5.7544e-05	-1.76819
17782.8	5.62341e-05	-1.77527
18197	0.000109908	-1.76559
18620.9	0.00016111	-1.71136
19054.6	0.000104961	-1.71702
19498.4	5.12861e-05	-1.74909
20417.4	0.000146934	-1.78312
20893	9.5726e-05	-1.78041
21379.6	9.3547e-05	-1.69221
21877.6	0.000137126	-1.68348
22387.2	4.46684e-05	-1.64336
22908.7	0.000174606	-1.62625
23442.3	4.2658e-05	-1.57362
25118.9	3.98107e-05	-1.52947
25704	3.89045e-05	-1.52947
26302.7	0.000114057	-1.51715
26915.3	3.71535e-05	-1.45303
27542.3	3.63078e-05	-1.53423
28183.8	3.54813e-05	-1.5025
28840.3	3.46737e-05	-1.5072
29512.1	3.38844e-05	-1.36576
30199.5	9.93393e-05	-1.28905
30903	3.23594e-05	-1.28905
31622.8	3.16228e-05	-1.3425
32359.4	3.0903e-05	-1.32977
33884.4	5.90242e-05	-1.2928
36307.8	2.75423e-05	-1.41698
38018.9	2.63027e-05	-1.33989
39810.7	2.51189e-05	-1.37953
42658	7.03269e-05	-1.28167
48977.9	2.04174e-05	-1.11502
50118.7	1.99526e-05	-1.1302
52480.7	3.81092e-05	-1.1966
54954.1	1.8197e-05	-1.13125
56234.1	1.77828e-05	-1.16175
57544	1.7378e-05	-1.19768
58884.4	3.39649e-05	-1.2405
74131	1.34896e-05	-1.26781
83176.4	1.20226e-05	-1.41383
85113.8	1.1749e-05	-1.41383
91201.1	1.09648e-05	-1.22046
100000	1e-05	-1.26821
104713	9.54993e-06	-1.3332
120226	8.31764e-06	-1
123027	8.12831e-06	-1
125893	7.94328e-06	-0.673636
131826	7.58578e-06	-0.673636
141254	7.07946e-06	-0.673636
223872	4.46684e-06	-0.744594
251189	7.96214e-06	-0.929618
331131	3.01995e-06	-1.3055
478630	2.0893e-06	-1.6035
575440	1.7378e-06	-1
645654	1.54882e-06	-1
1.34896e+06	7.4131e-07	-1
