0	-4.88	6.5177747172384
1	-4.86	6.4977747172384
2	-4.78	6.4177747172384
3	-4.75	6.3877747172384
4	-4.73	6.3677747172384
5	-4.7	6.3377747172384
6	-4.68	6.3177747172384
7	-4.66	6.2977747172384
8	-4.65	6.5888047129024
9	-4.63	6.2677747172384
10	-4.62	6.2577747172384
11	-4.6	6.2377747172384
12	-4.59	6.5288047129024
13	-4.58	6.2177747172384
14	-4.57	6.5088047129024
15	-4.54	6.1777747172384
16	-4.53	6.4688047129024
17	-4.52	6.1577747172384
18	-4.5	6.1377747172384
19	-4.47	6.4088047129024
20	-4.44	6.3788047129024
21	-4.43	6.6698347085663
22	-4.42	6.534895971958
23	-4.41	6.0477747172384
24	-4.4	6.0377747172384
25	-4.39	6.0277747172384
26	-4.38	6.0177747172384
27	-4.37	6.3088047129024
28	-4.36	6.5998347085664
29	-4.35	6.2888047129024
30	-4.34	6.5798347085663
31	-4.33	6.2688047129024
32	-4.32	6.434895971958
33	-4.31	6.5498347085663
34	-4.3	6.5398347085664
35	-4.29	6.705925967622
36	-4.28	6.394895971958
37	-4.27	6.6067447215744
38	-4.26	6.675925967622
39	-4.25	6.364895971958
40	-4.24	6.5767447215744
41	-4.23	6.7128727572526
42	-4.22	6.8577747172384
43	-4.21	6.6928727572526
44	-4.2	6.5367447215744
45	-4.19	6.6728727572526
46	-4.18	6.6628727572526
47	-4.17	6.585925967622
48	-4.16	6.7008647042303
49	-4.15	6.4867447215744
50	-4.14	6.6228727572526
51	-4.13	6.7677747172384
52	-4.12	6.7120172266777
53	-4.11	6.8617180695452
54	-4.1	6.5828727572526
55	-4.09	6.7277747172384
56	-4.08	6.5628727572526
57	-4.07	6.786955963286
58	-4.06	6.6977747172384
59	-4.05	6.7291674023966
60	-4.04	6.7191674023966
61	-4.03	6.6220172266777
62	-4.02	6.6120172266777
63	-4.01	6.726955963286
64	-4	6.6377747172384
65	-3.99	6.7417180695452
66	-3.98	6.9601973980606
67	-3.97	6.8865283181912
68	-3.96	6.8765283181912
69	-3.95	6.9099940119723
70	-3.94	6.7538659762941
71	-3.93	6.94798595895
72	-3.92	6.7338659762941
73	-3.91	6.8901973980606
74	-3.9	7.0001727151373
75	-3.89	6.8288047129024
76	-3.88	6.879502553256
77	-3.87	6.9549327485806
78	-3.86	6.87798595895
79	-3.85	6.849502553256
80	-3.84	6.839502553256
81	-3.83	7.0359764413054
82	-3.82	7.1109872310137
83	-3.81	6.9662886571163
84	-3.8	6.9291364110726
85	-3.79	6.8427480652092
86	-3.78	6.8649327485806
87	-3.77	6.8701727151373
88	-3.76	7.0509872310137
89	-3.75	6.9559764413054
90	-3.74	6.8962886571163
91	-3.73	6.8992536342807
92	-3.72	6.9810240076363
93	-3.71	7.0467447215744
94	-3.7	7.0537780608732
95	-3.69	6.9712273937246
96	-3.68	7.0581374067327
97	-3.67	7.1338495199392
98	-3.66	7.0053448933363
99	-3.65	7.0659259676221
100	-3.64	7.1166238079756
101	-3.63	7.1485883095192
102	-3.62	7.1028727572526
103	-3.61	7.1922573893885
104	-3.6	7.0951072136697
105	-3.59	7.1868161095595
106	-3.58	7.1315885696221
107	-3.57	7.2248080565372
108	-3.56	7.243097696025
109	-3.55	7.2048080565372
110	-3.54	7.1777747172384
111	-3.53	7.1268161095595
112	-3.52	7.2222327064653
113	-3.51	7.2683486484443
114	-3.5	7.198472557592
115	-3.49	7.2644952843948
116	-3.48	7.2880364326333
117	-3.47	7.2631107547034
118	-3.46	7.2881064154087
119	-3.45	7.3454532921076
120	-3.44	7.3588080844861
121	-3.43	7.3033031641459
122	-3.42	7.3249464456414
123	-3.41	7.3310759459419
124	-3.4	7.3165283181912
125	-3.39	7.333126086685
126	-3.38	7.3738005744315
127	-3.37	7.3825230632485
128	-3.36	7.4177304657281
129	-3.35	7.4395611527627
130	-3.34	7.4186837993036
131	-3.33	7.3844152245767
132	-3.32	7.4574617998568
133	-3.31	7.4405351062652
134	-3.3	7.4830818337042
135	-3.29	7.45152118405
136	-3.28	7.4728691658167
137	-3.27	7.4841160674442
138	-3.26	7.5094980252457
139	-3.25	7.4777243185641
140	-3.24	7.5202392374805
141	-3.23	7.506263974193
142	-3.22	7.551501666162
143	-3.21	7.5086401952422
144	-3.2	7.5419252340782
145	-3.19	7.5462764061057
146	-3.18	7.5612844819668
147	-3.17	7.5895300918908
148	-3.16	7.5894653662585
149	-3.15	7.5864253626837
150	-3.14	7.6070784900694
151	-3.13	7.6238991614807
152	-3.12	7.641436152392
153	-3.11	7.6331359372699
154	-3.1	7.6568528096145
155	-3.09	7.6795977525543
156	-3.08	7.6647179879362
157	-3.07	7.7029710088356
158	-3.06	7.6745830545764
159	-3.05	7.6984985826301
160	-3.04	7.7266048037667
161	-3.03	7.7355892284002
162	-3.02	7.7387617641493
163	-3.01	7.7309188603814
164	-3	7.7609727922704
165	-2.99	7.7831107547035
166	-2.98	7.7935763500867
167	-2.97	7.802843713707
168	-2.96	7.8008076042531
169	-2.95	7.8184790308509
170	-2.94	7.829899269744
171	-2.93	7.8318838735442
172	-2.92	7.8319325665021
173	-2.91	7.8509707746589
174	-2.9	7.8556292065698
175	-2.89	7.877440701335
176	-2.88	7.8741830442774
177	-2.87	7.8949865175521
178	-2.86	7.8993475629148
179	-2.85	7.9103645570899
180	-2.84	7.923378920512
181	-2.83	7.9271672049976
182	-2.82	7.9354746455705
183	-2.81	7.9506113558594
184	-2.8	7.9660484944054
185	-2.79	7.9686045313495
186	-2.78	7.9723850024645
187	-2.77	7.9877868297678
188	-2.76	7.9905064836323
189	-2.75	8.009573941241
190	-2.74	8.0026753194429
191	-2.73	8.0291140572444
192	-2.72	8.0525553532505
193	-2.71	8.0451784404389
194	-2.7	8.0624601054757
195	-2.69	8.0632139204899
196	-2.68	8.0734971621418
197	-2.67	8.0885239483419
198	-2.66	8.1054450184689
199	-2.65	8.1067919159274
200	-2.64	8.1136554490558
201	-2.63	8.1270931823355
202	-2.62	8.1444346150996
203	-2.61	8.1501584016709
204	-2.6	8.1521707693682
205	-2.59	8.1701300669461
206	-2.58	8.1753341191359
207	-2.57	8.1869587509128
208	-2.56	8.1926635126033
209	-2.55	8.2116853235893
210	-2.54	8.213684515695
211	-2.53	8.226276660668
212	-2.52	8.2391580347007
213	-2.51	8.2441284772317
214	-2.5	8.2619527727131
215	-2.49	8.26376556416
216	-2.48	8.2776425643309
217	-2.47	8.2832575380131
218	-2.46	8.2939785458595
219	-2.45	8.3059424656588
220	-2.44	8.3173494543216
221	-2.43	8.326435940564
222	-2.42	8.3355901438093
223	-2.41	8.3450317238285
224	-2.4	8.357796307608
225	-2.39	8.365453566192
226	-2.38	8.3746797520485
227	-2.37	8.384242174488
228	-2.36	8.3980881623787
229	-2.35	8.399293412739
230	-2.34	8.4193127559405
231	-2.33	8.4273933411557
232	-2.32	8.4377241339378
233	-2.31	8.4411630524486
234	-2.3	8.4541381901998
235	-2.29	8.4675155558124
236	-2.28	8.472397113129
237	-2.27	8.4874325788321
238	-2.26	8.4976905238433
239	-2.25	8.5055715830438
240	-2.24	8.5128662155628
241	-2.23	8.5265680940263
242	-2.22	8.5355185059045
243	-2.21	8.5428709615115
244	-2.2	8.5560022905935
245	-2.19	8.5661033109655
246	-2.18	8.575732232415
247	-2.17	8.587169164072
248	-2.16	8.5908243545682
249	-2.15	8.6037772554064
250	-2.14	8.6125958300182
251	-2.13	8.623342327049
252	-2.12	8.6356066087313
253	-2.11	8.6432856602823
254	-2.1	8.6509578552326
255	-2.09	8.6628787383898
256	-2.08	8.6725187883436
257	-2.07	8.6799219920016
258	-2.06	8.6955017624561
259	-2.05	8.7010291701399
260	-2.04	8.7129962643957
261	-2.03	8.7202878257663
262	-2.02	8.7313281143071
263	-2.01	8.7410492777391
264	-2	8.7513470904701
265	-1.99	8.7603577652878
266	-1.98	8.768745949301
267	-1.97	8.7795011708916
268	-1.96	8.7892257317033
269	-1.95	8.8000502373929
270	-1.94	8.8077277489699
271	-1.93	8.8192109498707
272	-1.92	8.8267666626797
273	-1.91	8.8384636179409
274	-1.9	8.8470428217155
275	-1.89	8.8553073346832
276	-1.88	8.8662003090554
277	-1.87	8.8766990912397
278	-1.86	8.8838757688521
279	-1.85	8.8938599275712
280	-1.84	8.9030284468369
281	-1.83	8.91307683293
282	-1.82	8.9236896994832
283	-1.81	8.9320560452783
284	-1.8	8.9426328058856
285	-1.79	8.9494422650101
286	-1.78	8.9590331137257
287	-1.77	8.9681727859644
288	-1.76	8.9760791966902
289	-1.75	8.9863879694305
290	-1.74	8.9950917470534
291	-1.73	9.0044972497553
292	-1.72	9.01457412673
293	-1.71	9.0222665966363
294	-1.7	9.0318443949568
295	-1.69	9.0386136136274
296	-1.68	9.0489354229848
297	-1.67	9.0577474348452
298	-1.66	9.0666591201165
299	-1.65	9.0745353644955
300	-1.64	9.0836322436134
301	-1.63	9.0912861141657
302	-1.62	9.1007488355269
303	-1.61	9.1074154961834
304	-1.6	9.1168459267343
305	-1.59	9.1250635868541
306	-1.58	9.133025188569
307	-1.57	9.1417916427486
308	-1.56	9.1487739958976
309	-1.55	9.1560586853242
310	-1.54	9.1648664578617
311	-1.53	9.1723127542134
312	-1.52	9.1801296687161
313	-1.51	9.1861564087061
314	-1.5	9.1946822352872
315	-1.49	9.2011399911158
316	-1.48	9.2085880720397
317	-1.47	9.2149222525669
318	-1.46	9.2217556476918
319	-1.45	9.2283792245307
320	-1.44	9.2343271999655
321	-1.43	9.2412246884645
322	-1.42	9.2464622342453
323	-1.41	9.2526326446417
324	-1.4	9.2585839124283
325	-1.39	9.2645187483892
326	-1.38	9.2689092534036
327	-1.37	9.2742601879522
328	-1.36	9.2787253105297
329	-1.35	9.2836341803711
330	-1.34	9.2877275052125
331	-1.33	9.292130440685
332	-1.32	9.2954352049325
333	-1.31	9.2990051841732
334	-1.3	9.3021600300087
335	-1.29	9.3051066535881
336	-1.28	9.3073839103727
337	-1.27	9.3092893315082
338	-1.26	9.3112756522405
339	-1.25	9.3124048474105
340	-1.24	9.3137906656915
341	-1.23	9.3139986319974
342	-1.22	9.3148220276947
343	-1.21	9.3143386699847
344	-1.2	9.3131992027197
345	-1.19	9.3127748433056
346	-1.18	9.3107961630554
347	-1.17	9.3084966880332
348	-1.16	9.3055728589986
349	-1.15	9.3022035870963
350	-1.14	9.2980501580107
351	-1.13	9.2935381728735
352	-1.12	9.2884970477708
353	-1.11	9.2821539566591
354	-1.1	9.2755176467458
355	-1.09	9.2679847759198
356	-1.08	9.2602067366788
357	-1.07	9.2510798430193
358	-1.06	9.2413024114084
359	-1.05	9.230783902723
360	-1.04	9.2191857018816
361	-1.03	9.2064558804023
362	-1.02	9.1933971562637
363	-1.01	9.1783546089523
364	-1	9.1630765246235
365	-0.99	9.1465677003594
366	-0.98	9.1288010717345
367	-0.97	9.1099946102029
368	-0.96	9.0904420930499
369	-0.95	9.0691439538055
370	-0.94	9.04696662294
371	-0.93	9.0231620302423
372	-0.92	8.9984840723347
373	-0.91	8.9727843375937
374	-0.9	8.9466198978791
375	-0.89	8.9184518191672
376	-0.88	8.8916201855304
377	-0.87	8.86470648174
378	-0.86	8.8386784649795
379	-0.85	8.8138611969655
380	-0.84	8.7900834850193
381	-0.83	8.7670869427512
382	-0.82	8.7462513176188
383	-0.81	8.7251778506032
384	-0.8	8.7044811492484
385	-0.79	8.6845148266416
386	-0.78	8.6633996455361
387	-0.77	8.6432592274817
388	-0.76	8.6238183178166
389	-0.75	8.6039128977152
390	-0.74	8.5901828765681
391	-0.73	8.5870406090477
392	-0.72	8.602271280713
393	-0.71	8.6307175051172
394	-0.7	8.6573283794477
395	-0.69	8.6659743433409
396	-0.68	8.6474182543843
397	-0.67	8.5947632870581
398	-0.66	8.5095590132367
399	-0.65	8.4042871583269
400	-0.64	8.2887844873063
401	-0.63	8.1653781690719
402	-0.62	8.0310856639395
403	-0.61	7.8888430984556
404	-0.6	7.7436596595899
405	-0.59	7.5922243966629
406	-0.58	7.4351244042261
407	-0.57	7.2766356232802
408	-0.56	7.1138020581098
409	-0.55	6.9472234711966
410	-0.54	6.7798672794311
411	-0.53	6.607454707754
412	-0.52	6.4466719935609
413	-0.51	6.278751408844
414	-0.5	6.1220319189438
415	-0.49	5.971318929184
416	-0.48	5.8366084355422
417	-0.47	5.6943620219101
418	-0.46	5.5728645206274
419	-0.45	5.4917526809077
420	-0.44	5.3824806154511
421	-0.43	5.3058208203672
422	-0.42	5.2458590909533
423	-0.41	5.1771423129614
424	-0.4	5.1269730840435
425	-0.39	5.0941006426004
426	-0.38	5.0583770573524
427	-0.37	4.9958875575067
428	-0.36	4.9549029149152
429	-0.35	4.9420172266777
430	-0.34	4.9056581275691
431	-0.33	4.8358310790614
432	-0.32	4.795993939146
433	-0.31	4.7764346137737
434	-0.3	4.7364253626836
435	-0.29	4.7088116558595
436	-0.28	4.6597137949676
437	-0.27	4.6815611622196
438	-0.26	4.6451865251248
439	-0.25	4.6193634824251
440	-0.24	4.5937780608732
441	-0.23	4.5209872310137
442	-0.22	4.5335530589125
443	-0.21	4.5105325489199
444	-0.2	4.4909872310137
445	-0.19	4.4561636472887
446	-0.18	4.4502320094231
447	-0.17	4.4010607842588
448	-0.16	4.3741160674442
449	-0.15	4.3618059849661
450	-0.14	4.3754699031639
451	-0.13	4.3577243185641
452	-0.12	4.3006001441976
453	-0.11	4.2792536342806
454	-0.1	4.2469772395695
455	-0.09	4.2019909813146
456	-0.08	4.2215654002956
457	-0.07	4.1549327485806
458	-0.06	4.2056305889342
459	-0.05	4.1286837993036
460	-0.04	4.1620745565852
461	-0.03	4.0691752580199
462	-0.02	4.0451645435771
463	-0.01	4.040471670498
464	0	4.0269408016029
465	0.01	3.9969905746485
466	0.02	3.9925230632485
467	0.03	3.9769905746485
468	0.04	3.903126086685
469	0.05	3.949502553256
470	0.06	3.8378461052234
471	0.07	3.8666277936481
472	0.08	3.8609707746589
473	0.09	3.7730839989642
474	0.1	3.8344399074999
475	0.11	3.7530839989642
476	0.12	3.7942365214116
477	0.13	3.7842365214116
478	0.14	3.7046005932702
479	0.15	3.7619325665021
480	0.16	3.6596183051831
481	0.17	3.6261372093336
482	0.18	3.6250920519865
483	0.19	3.5716263582055
484	0.2	3.5415784381943
485	0.21	3.5105600875548
486	0.22	3.5791427194733
487	0.23	3.5809609856506
488	0.24	3.4981452623559
489	0.25	3.466955963286
490	0.26	3.5300630616214
491	0.27	3.5350920519865
492	0.28	3.4333216786309
493	0.29	3.4481452623559
494	0.3	3.4346847302464
495	0.31	3.4141345479131
496	0.32	3.322096091021
497	0.33	3.247293969857
498	0.34	3.343097696025
499	0.35	3.348472557592
500	0.36	3.3111984727253
501	0.37	3.2122573893885
502	0.38	3.2168161095595
503	0.39	3.2648080565372
504	0.4	3.0890330659574
505	0.41	3.2190007929309
506	0.42	3.1420540033003
507	0.43	3.1108647042303
508	0.44	2.9220505868392
509	0.45	2.9939546912223
510	0.46	3.0102836299446
511	0.47	2.967115266692
512	0.48	2.8901684770613
513	0.49	2.7710240076363
514	0.5	2.9086267288805
515	0.51	2.761243172818
516	0.52	2.8501684770613
517	0.53	2.789015954614
518	0.54	2.6998347085663
519	0.55	2.7005585739581
520	0.56	2.6905585739581
521	0.57	2.544895971958
522	0.58	2.5201727151373
523	0.59	2.42798595895
524	0.6	2.514895971958
525	0.61	2.3288047129024
526	0.62	2.3601973980606
527	0.63	2.3299940119723
528	0.64	2.2988047129023
529	0.65	2.2430472223417
530	0.66	2.056955963286
531	0.67	2.1718946998943
532	0.68	1.9991674023966
533	0.69	2.2265283181912
534	0.7	2.0839027529166
535	0.71	1.8308647042303
536	0.72	1.996955963286
537	0.73	1.8620172266777
538	0.74	1.8520172266777
539	0.75	1.5867447215744
540	0.76	2.0818946998943
541	0.77	1.645925967622
542	0.78	1.635925967622
543	0.79	1.7508647042303
544	0.8	1.314895971958
545	0.81	1.4298347085663
546	0.82	1.294895971958
547	0.83	1.1088047129023
548	0.84	0.79777471723837
549	0.85	0.78777471723837
550	0.86	0.77777471723837
551	0.87	1.3698347085663
552	0.88	0.75777471723837
553	0.89	0.74777471723837
554	0.9	1.0388047129023
555	0.91	0.72777471723837
556	0.92	1.0188047129023
557	0.93	0.70777471723837
558	0.95	0.68777471723837
559	0.96	0.67777471723837
560	0.97	0.66777471723837
561	1	0.63777471723837
