# Central band 93 (81-104)
81 103.040 1
82 104.320 1
83 105.600 1
84 106.880 1
85 108.160 1
86 109.440 1
87 110.720 1
88 112.000 1
89 113.280 1
90 114.560 1
91 115.840 1
92 117.120 1
93 118.400 1
94 119.680 1
95 120.960 1
96 122.240 1
97 123.520 1
98 124.800 1
99 126.080 1
100 127.360 1
101 128.640 1
102 129.920 1
103 131.200 1
104 132.480 1
# Central band 117 (105-128)
105 133.760 1
106 135.040 1
107 136.320 1
108 137.600 1
109 138.880 1
110 140.160 1
111 141.440 1
112 142.720 1
113 144.000 1
114 145.280 1
115 146.560 1
116 147.840 1
117 149.120 1
118 150.400 1
119 151.680 1
120 152.960 1
121 154.240 1
122 155.520 1
123 156.800 1
124 158.080 1
125 159.360 1
126 160.640 1
127 161.920 1
128 163.200 1
# Central band 141 (129-152)
129 164.480 1
130 165.760 1
131 167.040 1
132 168.320 1
133 169.600 1
134 170.880 1
135 172.160 1
136 173.440 1
137 174.720 1
138 176.000 1
139 177.280 1
140 178.560 1
141 179.840 1
142 181.120 1
143 182.400 1
144 183.680 1
145 184.960 1
146 186.240 1
147 187.520 4
148 188.800 4
149 190.080 4
150 191.360 4
151 192.640 4
152 193.920 4
