0				72.335	-nan
1				72.375	-nan
2				72.415	-nan
3				72.455	-nan
4				72.495	-nan
5				72.535	101.08386485649
6				72.575	101.28090461121
7				72.615	101.69486088366
8				72.655	102.20658220484
9				72.695	102.74805461749
10			72.735	103.24333400347
11			72.775	103.73717209217
12			72.815	104.29928752047
13			72.855	104.82092028576
14			72.895	105.40040772823
15			72.935	106.01825830626
16			72.975	-nan
17			73.015	107.40353201485
18			73.055	108.15496759673
19			73.095	108.80286620625
20			73.135	109.45805014162
21			73.175	110.16364070824
22			73.215	110.82155885804
23			73.255	111.47981751477
24			73.295	112.1463060237
25			73.335	112.89304048487
26			73.375	113.78200958134
27			73.415	-nan
28			73.455	-nan
29			73.495	-nan
30			73.535	-nan
31			73.575	-nan
32			73.615	-nan
33			73.655	-nan
34			73.695	-nan
35			73.735	-nan
36			73.775	-nan
37			73.815	122.57198682924
38			73.855	123.21735722919
39			73.895	124.10659054682
40			73.935	125.04278286074
41			73.975	126.01907185312
42			74.015	127.0154148708
43			74.055	127.94176451708
44			74.095	128.87570781555
45			74.135	129.89077167489
46			74.175	130.90670186417
47			74.215	131.87006979703
48			74.255	-nan
49			74.295	134.35145719364
50			74.335	135.46529952966
51			74.375	136.60892860776
52			74.415	137.76084706171
53			74.455	138.97774412137
54			74.495	140.24067574277
55			74.535	141.49119327787
56			74.575	142.75991869363
57			74.615	144.18885243846
58			74.655	145.68689478018
59			74.695	-nan
60			74.735	-nan
61			74.775	-nan
62			74.815	-nan
63			74.855	-nan
64			74.895	-nan
65			74.935	-nan
66			74.975	-nan
67			75.015	-nan
68			75.055	-nan
69			75.095	160.5421087046
70			75.135	161.75390813248
71			75.175	163.18546807508
72			75.215	164.82768385489
73			75.255	166.46976985522
74			75.295	168.08992146248
75			75.335	169.76278580735
76			75.375	171.41917291393
77			75.415	173.09050065711
78			75.455	174.8563788798
79			75.495	176.55615894993
80			75.535	-nan
81			75.575	180.58624997913
82			75.615	182.3489157111
83			75.655	184.09256880646
84			75.695	185.94042399922
85			75.735	187.72172214321
86			75.775	189.56930815658
87			75.815	191.41795081616
88			75.855	193.21088130402
89			75.895	195.09204209672
90			75.935	197.29592767587
91			75.975	-nan
92			76.015	-nan
93			76.055	-nan
94			76.095	-nan
95			76.135	-nan
96			76.175	-nan
97			76.215	-nan
98			76.255	-nan
99			76.295	-nan
100			76.335	-nan
101			76.375	219.7920806808
102			76.415	221.45974139777
103			76.455	223.37914387185
104			76.495	225.41818441833
105			76.535	227.5052625938
106			76.575	229.53584902244
107			76.615	231.54046789453
108			76.655	233.58788504339
109			76.695	235.65328849311
110			76.735	237.73877871513
111			76.775	239.97244643186
112			76.815	-nan
113			76.855	244.9411738565
114			76.895	247.12932519481
115			76.935	249.22869222907
116			76.975	251.45854304132
117			77.015	253.65274490581
118			77.055	255.72477738915
119			77.095	257.71746406654
120			77.135	259.75866028606
121			77.175	261.82681446271
122			77.215	264.12134287427
123			77.255	-nan
124			77.295	-nan
125			77.335	-nan
126			77.375	-nan
127			77.415	-nan
128			77.455	-nan
129			77.495	-nan
130			77.535	-nan
131			77.575	-nan
132			77.615	-nan
133			77.655	284.83855152628
134			77.695	285.94606080753
135			77.735	287.51246295622
136			77.775	289.18643829643
137			77.815	290.83939870468
138			77.855	292.43501898614
139			77.895	293.86810987312
140			77.935	295.35684916158
141			77.975	296.83637912653
142			78.015	298.28085867731
143			78.055	299.6156741321
144			78.095	-nan
145			78.135	302.63947544237
146			78.175	303.84295284946
147			78.215	305.06070615067
148			78.255	306.21266376051
149			78.295	307.362694075
150			78.335	308.49686385231
151			78.375	309.49262252395
152			78.415	310.46321001493
153			78.455	311.57776757429
154			78.495	313.03133768768
155			78.535	-nan
156			78.575	-nan
157			78.615	-nan
158			78.655	-nan
159			78.695	-nan
160			78.735	-nan
161			78.775	-nan
162			78.815	-nan
163			78.855	-nan
164			78.895	-nan
165			78.935	320.2426673727
166			78.975	319.77949160388
167			79.015	319.81296997271
168			79.055	320.0069511334
169			79.095	320.1443590325
170			79.135	320.28426200244
171			79.175	320.41087020274
172			79.215	320.54178526872
173			79.255	320.70767847323
174			79.295	320.86449060064
175			79.335	320.96704429921
176			79.375	-nan
177			79.415	321.02512362855
178			79.455	320.97347517152
179			79.495	320.9390129628
180			79.535	320.87020179687
181			79.575	320.7047178379
182			79.615	320.46570628092
183			79.655	320.07887843696
184			79.695	319.65254278141
185			79.735	319.32733965237
186			79.775	319.34038896249
187			79.815	-nan
188			79.855	-nan
189			79.895	-nan
190			79.935	-nan
191			79.975	-nan
192			80.015	-nan
193			80.055	-nan
194			80.095	-nan
195			80.135	-nan
196			80.175	-nan
197			80.215	314.89504917116
198			80.255	313.83714229621
199			80.295	313.20533107128
200			80.335	312.71783073397
201			80.375	312.21478760071
202			80.415	311.65772544685
203			80.455	311.02557274177
204			80.495	310.3313723374
205			80.535	309.65577713842
206			80.575	308.96063737158
207			80.615	308.19728896427
208			80.655	-nan
209			80.695	306.58754020699
210			80.735	305.98801886287
211			80.775	305.43306892765
212			80.815	304.93567143853
213			80.855	304.5264306836
214			80.895	304.06368752633
215			80.935	303.57431007673
216			80.975	303.01075087729
217			81.015	302.61946506592
218			81.055	302.5939897389
219			81.095	-nan
220			81.135	-nan
221			81.175	-nan
222			81.215	-nan
223			81.255	-nan
224			81.295	-nan
225			81.335	-nan
226			81.375	-nan
227			81.415	-nan
228			81.455	-nan
229			81.495	296.32376175831
230			81.535	295.34547473683
231			81.575	294.78582547938
232			81.615	294.38822036836
233			81.655	294.14060642443
234			81.695	293.79271830258
235			81.735	293.50925999483
236			81.775	293.25060796514
237			81.815	293.00867596843
238			81.855	292.74823714075
239			81.895	292.41854183641
240			81.935	-nan
241			81.975	291.73141292172
242			82.015	291.4438737988
243			82.055	291.12190481508
244			82.095	290.79905966583
245			82.135	290.44302129495
246			82.175	290.05804243053
247			82.215	289.64870566251
248			82.255	289.31710311373
249			82.295	289.20274242064
250			82.335	289.42992630363
251			82.375	-nan
252			82.415	-nan
253			82.455	-nan
254			82.495	-nan
255			82.535	-nan
256			82.575	-nan
257			82.615	-nan
258			82.655	-nan
259			82.695	-nan
260			82.735	-nan
261			82.775	289.51962282559
262			82.815	288.99048399521
263			82.855	288.73478770742
264			82.895	288.63383988043
265			82.935	288.65178183263
266			82.975	288.68392667814
267			83.015	288.6681460841
268			83.055	288.78387553449
269			83.095	288.94073128129
270			83.135	289.16450237058
271			83.175	289.31321028981
272			83.215	-nan
273			83.255	290.09370184933
274			83.295	290.54259728468
275			83.335	290.97513327755
276			83.375	291.38953944739
277			83.415	291.83311528691
278			83.455	292.23310184229
279			83.495	292.62078410308
280			83.535	292.8657880186
281			83.575	293.29148018205
282			83.615	293.94586760382
283			83.655	-nan
284			83.695	-nan
285			83.735	-nan
286			83.775	-nan
287			83.815	-nan
288			83.855	-nan
289			83.895	-nan
290			83.935	-nan
291			83.975	-nan
292			84.015	-nan
293			84.055	298.58471690341
294			84.095	298.7637938685
295			84.135	299.32329771175
296			84.175	300.04405454656
297			84.215	300.85314570586
298			84.255	301.62777455601
299			84.295	302.28565135252
300			84.335	302.88255247437
301			84.375	303.40081090497
302			84.415	303.89323974856
303			84.455	304.4438724899
304			84.495	-nan
305			84.535	305.92799217106
306			84.575	306.61945464125
307			84.615	307.31156607786
308			84.655	308.04327659553
309			84.695	308.81640265589
310			84.735	309.60778379454
311			84.775	310.46040287221
312			84.815	311.32084665464
313			84.855	312.33361628243
314			84.895	313.68227576145
315			84.935	-nan
316			84.975	-nan
317			85.015	-nan
318			85.055	-nan
319			85.095	-nan
320			85.135	-nan
321			85.175	-nan
322			85.215	-nan
323			85.255	-nan
324			85.295	-nan
325			85.335	323.49937434747
326			85.375	323.7124981498
327			85.415	324.39818878652
328			85.455	325.31749749603
329			85.495	326.2859948188
330			85.535	327.35590636577
331			85.575	328.3498822523
332			85.615	329.33275117855
333			85.655	330.43446148949
334			85.695	331.54933849221
335			85.735	332.70561524001
336			85.775	-nan
337			85.815	335.53913580844
338			85.855	336.6531454999
339			85.895	337.77820021649
340			85.935	338.75152221731
341			85.975	339.6751779346
342			86.015	340.57080571419
343			86.055	341.41120002362
344			86.095	342.19529779561
345			86.135	343.18294689395
346			86.175	344.54058418092
347			86.215	-nan
348			86.255	-nan
349			86.295	-nan
350			86.335	-nan
351			86.375	-nan
352			86.415	-nan
353			86.455	-nan
354			86.495	-nan
355			86.535	-nan
356			86.575	-nan
357			86.615	356.29707747535
358			86.655	356.77411308488
359			86.695	357.59626862113
360			86.735	358.65807214872
361			86.775	359.60083474957
362			86.815	360.41729714061
363			86.855	361.16875750861
364			86.895	361.84774091659
365			86.935	362.53237545495
366			86.975	363.24953257162
367			87.015	363.96063566534
368			87.055	-nan
369			87.095	366.09555068494
370			87.135	366.99285412505
371			87.175	367.88986557306
372			87.215	368.86112432103
373			87.255	369.80107711201
374			87.295	370.75071217495
375			87.335	371.77417579291
376			87.375	372.76389539494
377			87.415	373.82969669688
378			87.455	375.2583994853
379			87.495	-nan
380			87.535	-nan
381			87.575	-nan
382			87.615	-nan
383			87.655	-nan
384			87.695	-nan
385			87.735	-nan
386			87.775	-nan
387			87.815	-nan
388			87.855	-nan
389			87.895	380.59538952618
390			87.935	380.3499492121
391			87.975	380.87080472731
392			88.015	381.45100473022
393			88.055	381.80641791353
394			88.095	382.44495159319
395			88.135	382.99384254292
396			88.175	383.49684025039
397			88.215	384.00488729619
398			88.255	384.46368414466
399			88.295	384.88389672245
400			88.335	-nan
401			88.375	385.61342538635
402			88.415	385.7198618582
403			88.455	385.8656954831
404			88.495	385.95460423054
405			88.535	385.78954175625
406			88.575	385.46781275221
407			88.615	385.46070246011
408			88.655	385.39570482986
409			88.695	385.60868292027
410			88.735	386.09758432681
411			88.775	-nan
412			88.815	-nan
413			88.855	-nan
414			88.895	-nan
415			88.935	-nan
416			88.975	-nan
417			89.015	-nan
418			89.055	-nan
419			89.095	-nan
420			89.135	-nan
421			89.175	386.18681524178
422			89.215	385.04235887196
423			89.255	384.34961974072
424			89.295	383.90672524016
425			89.335	383.4545737989
426			89.375	382.90238743358
427			89.415	382.2763179761
428			89.455	381.74812054292
429			89.495	381.3111777146
430			89.535	380.83335199218
431			89.575	380.46818006143
432			89.615	-nan
433			89.655	379.86042477589
434			89.695	379.89590796728
435			89.735	379.46448237832
436			89.775	379.18482602391
437			89.815	378.95221627402
438			89.855	378.60655623178
439			89.895	378.15777646251
440			89.935	377.62160781141
441			89.975	377.09349050441
442			90.015	376.82219438425
443			90.055	-nan
444			90.095	-nan
445			90.135	-nan
446			90.175	-nan
447			90.215	-nan
448			90.255	-nan
449			90.295	-nan
450			90.335	-nan
451			90.375	-nan
452			90.415	-nan
453			90.455	368.5079401624
454			90.495	367.74153844395
455			90.535	367.06017584553
456			90.575	366.66535564835
457			90.615	366.1821609795
458			90.655	365.4506709157
459			90.695	364.64156472947
460			90.735	363.74222739132
461			90.775	362.87215246313
462			90.815	361.95022579278
463			90.855	360.99662874105
464			90.895	-nan
465			90.935	358.80562489734
466			90.975	357.82063294304
467			91.015	356.85205503257
468			91.055	355.92591097743
469			91.095	355.19291805965
470			91.135	354.53178241687
471			91.175	353.90997262328
472			91.215	353.39796741604
473			91.255	353.07266470272
474			91.295	353.16330749309
475			91.335	-nan
476			91.375	-nan
477			91.415	-nan
478			91.455	-nan
479			91.495	-nan
480			91.535	-nan
481			91.575	-nan
482			91.615	-nan
483			91.655	-nan
484			91.695	-nan
485			91.735	344.99959517736
486			91.775	343.28402742426
487			91.815	342.25626062205
488			91.855	341.65045696891
489			91.895	340.86806312644
490			91.935	340.13999695682
491			91.975	339.29252651867
492			92.015	338.71656814895
493			92.055	338.61829125929
494			92.095	339.29131014822
495			92.135	338.12514708698
496			92.175	-nan
497			92.215	336.71663388024
498			92.255	336.17328049249
499			92.295	335.58877691864
500			92.335	334.96383409021
501			92.375	334.34874273341
502			92.415	333.75549782162
503			92.455	333.0880060181
504			92.495	332.84601824371
505			92.535	331.70206784543
506			92.575	331.23185095485
507			92.615	-nan
508			92.655	-nan
509			92.695	-nan
510			92.735	-nan
511			92.775	-nan
512			92.815	-nan
513			92.855	-nan
514			92.895	-nan
515			92.935	-nan
516			92.975	-nan
517			93.015	327.50541867271
518			93.055	326.84104817202
519			93.095	326.38008329944
520			93.135	325.94765249299
521			93.175	325.46133635066
522			93.215	324.8742545687
523			93.255	324.26980273163
524			93.295	324.2807748442
525			93.335	323.21891714265
526			93.375	322.69446840148
527			93.415	322.18302115212
528			93.455	-nan
529			93.495	321.3245205624
530			93.535	321.04750101364
531			93.575	320.91755452249
532			93.615	320.92485355105
533			93.655	321.47997006397
534			93.695	322.41786094427
535			93.735	321.85952721272
536			93.775	321.42694396396
537			93.815	321.37040153666
538			93.855	321.60981923508
539			93.895	-nan
540			93.935	-nan
541			93.975	-nan
542			94.015	-nan
543			94.055	-nan
544			94.095	-nan
545			94.135	-nan
546			94.175	-nan
547			94.215	-nan
548			94.255	-nan
549			94.295	319.33113840102
550			94.335	318.89994309933
551			94.375	318.66940277125
552			94.415	318.80610368595
553			94.455	319.27338313851
554			94.495	321.28340797951
555			94.535	319.86489661441
556			94.575	319.54944011566
557			94.615	319.80458466142
558			94.655	320.00585737124
559			94.695	320.13574477748
560			94.735	-nan
561			94.775	320.17722352475
562			94.815	320.13706757232
563			94.855	319.89930477399
564			94.895	336.47819289357
565			94.935	320.68675124246
566			94.975	319.99753852737
567			95.015	319.9956262212
568			95.055	320.03061527979
569			95.095	320.30750578047
570			95.135	320.86314232251
571			95.175	-nan
572			95.215	-nan
573			95.255	-nan
574			95.295	-nan
575			95.335	-nan
576			95.375	-nan
577			95.415	-nan
578			95.455	-nan
579			95.495	-nan
580			95.535	-nan
581			95.575	325.32007446039
582			95.615	325.07726732767
583			95.655	325.10605751075
584			95.695	325.71724646548
585			95.735	325.22202939817
586			95.775	325.03445250979
587			95.815	325.11908691332
588			95.855	325.33253839321
589			95.895	325.69812741909
590			95.935	326.0625798772
591			95.975	326.48181797746
592			96.015	-nan
593			96.055	328.15849854798
594			96.095	330.02391958033
595			96.135	329.72537654001
596			96.175	329.89479976432
597			96.215	330.63258247053
598			96.255	331.25730826636
599			96.295	332.42209701944
600			96.335	332.28327349384
601			96.375	332.6543059403
602			96.415	333.29436246702
603			96.455	-nan
604			96.495	-nan
605			96.535	-nan
606			96.575	-nan
607			96.615	-nan
608			96.655	-nan
609			96.695	-nan
610			96.735	-nan
611			96.775	-nan
612			96.815	-nan
613			96.855	338.55405730319
614			96.895	341.78374355839
615			96.935	339.53770288267
616			96.975	339.56378812854
617			97.015	340.21353540961
618			97.055	340.84407909787
619			97.095	341.76627279285
620			97.135	341.82715668389
621			97.175	342.19022596405
622			97.215	342.47920591323
623			97.255	342.67604444437
624			97.295	-nan
625			97.335	343.15886615796
626			97.375	343.2223762921
627			97.415	343.54316908927
628			97.455	344.04279049928
629			97.495	344.63804957354
630			97.535	345.26184543881
631			97.575	345.90453757855
632			97.615	346.55240857159
633			97.655	347.75628133952
634			97.695	351.72391354047
635			97.735	-nan
636			97.775	-nan
637			97.815	-nan
638			97.855	-nan
639			97.895	-nan
640			97.935	-nan
641			97.975	-nan
642			98.015	-nan
643			98.055	-nan
644			98.095	-nan
645			98.135	366.24268868372
646			98.175	354.40787740463
647			98.215	353.9198258394
648			98.255	354.07690520113
649			98.295	354.52931035715
650			98.335	354.88108368633
651			98.375	355.30694595557
652			98.415	355.89837922967
653			98.455	356.67750527259
654			98.495	357.57928773593
655			98.535	357.75961869357
656			98.575	-nan
657			98.615	358.61246588681
658			98.655	359.20886748482
659			98.695	359.97493337642
660			98.735	360.02026158843
661			98.775	360.06478991332
662			98.815	359.95372334187
663			98.855	361.13434656588
664			98.895	379.81120370767
665			98.935	365.49729998408
666			98.975	360.16016018507
667			99.015	-nan
668			99.055	-nan
669			99.095	-nan
670			99.135	-nan
671			99.175	-nan
672			99.215	-nan
673			99.255	-nan
674			99.295	-nan
675			99.335	-nan
676			99.375	-nan
677			99.415	364.4216142083
678			99.455	364.11925177722
679			99.495	364.04498532083
680			99.535	364.01156912918
681			99.575	363.95207976542
682			99.615	363.66118612747
683			99.655	364.6275986893
684			99.695	384.03478125964
685			99.735	366.03827634816
686			99.775	362.04424732418
687			99.815	361.53828819
688			99.855	-nan
689			99.895	367.65142708584
690			99.935	361.34329949021
691			99.975	361.48313940469
692			100.015	361.74158306119
693			100.055	362.38414486044
694			100.095	368.12218024461
695			100.135	362.98596984419
696			100.175	362.47307633593
697			100.215	363.37568586786
698			100.255	363.30647920571
699			100.295	-nan
700			100.335	-nan
701			100.375	-nan
702			100.415	-nan
703			100.455	-nan
704			100.495	-nan
705			100.535	-nan
706			100.575	-nan
707			100.615	-nan
708			100.655	-nan
709			100.695	359.16609810691
710			100.735	358.07896981923
711			100.775	357.58272388259
712			100.815	357.47849990789
713			100.855	357.6165913925
714			100.895	358.37974814629
715			100.935	357.59269200713
716			100.975	357.10040115307
717			101.015	356.8032194264
718			101.055	356.72435289829
719			101.095	358.98000862528
720			101.135	-nan
721			101.175	354.71129277074
722			101.215	354.02374468799
723			101.255	356.8907819678
724			101.295	378.92461845246
725			101.335	359.67494292587
726			101.375	351.08356113997
727			101.415	350.31018633609
728			101.455	349.92732664415
729			101.495	349.7765304224
730			101.535	349.76356620624
731			101.575	-nan
732			101.615	-nan
733			101.655	-nan
734			101.695	-nan
735			101.735	-nan
736			101.775	-nan
737			101.815	-nan
738			101.855	-nan
739			101.895	-nan
740			101.935	-nan
741			101.975	346.10752789491
742			102.015	344.78537185141
743			102.055	343.79840301269
744			102.095	343.23751478871
745			102.135	342.24592111831
746			102.175	341.35362671766
747			102.215	340.65722631568
748			102.255	340.12699864759
749			102.295	339.73182798135
750			102.335	339.00488953096
751			102.375	338.30840597832
752			102.415	-nan
753			102.455	337.54213375072
754			102.495	337.83470135852
755			102.535	337.26994727211
756			102.575	336.69900541632
757			102.615	336.28601321756
758			102.655	335.82297741435
759			102.695	335.37539259283
760			102.735	334.65941913437
761			102.775	334.10285611162
762			102.815	333.80298133713
763			102.855	-nan
764			102.895	-nan
765			102.935	-nan
766			102.975	-nan
767			103.015	-nan
768			103.055	-nan
769			103.095	-nan
770			103.135	-nan
771			103.175	-nan
772			103.215	-nan
773			103.255	328.24875699994
774			103.295	327.61193437976
775			103.335	327.28975852127
776			103.375	327.08015110096
777			103.415	326.86770631149
778			103.455	326.50480690686
779			103.495	326.10549054136
780			103.535	325.3050254636
781			103.575	324.57071218507
782			103.615	323.72208588805
783			103.655	322.90867402406
784			103.695	-nan
785			103.735	321.36795469441
786			103.775	320.75319253149
787			103.815	320.14196351878
788			103.855	319.58908324715
789			103.895	319.18666781464
790			103.935	318.80213821256
791			103.975	318.61058546194
792			104.015	318.48930422785
793			104.055	318.55374128525
794			104.095	318.94498163783
795			104.135	-nan
796			104.175	-nan
797			104.215	-nan
798			104.255	-nan
799			104.295	-nan
800			104.335	-nan
801			104.375	-nan
802			104.415	-nan
803			104.455	-nan
804			104.495	-nan
805			104.535	315.54366233304
806			104.575	314.53550966442
807			104.615	314.02871775768
808			104.655	313.7326358379
809			104.695	314.0522221049
810			104.735	313.43566967097
811			104.775	313.25172491525
812			104.815	313.11407239214
813			104.855	313.06637514093
814			104.895	313.17660800821
815			104.935	313.06231845068
816			104.975	-nan
817			105.015	313.13588405546
818			105.055	313.1040457658
819			105.095	313.139368053
820			105.135	312.5360674969
821			105.175	312.13191534296
822			105.215	311.71960463577
823			105.255	311.34133134513
824			105.295	311.10845461986
825			105.335	310.7361509049
826			105.375	310.7108231986
827			105.415	-nan
828			105.455	-nan
829			105.495	-nan
830			105.535	-nan
831			105.575	-nan
832			105.615	-nan
833			105.655	-nan
834			105.695	-nan
835			105.735	-nan
836			105.775	-nan
837			105.815	312.01709115696
838			105.855	311.81491847304
839			105.895	311.93446229396
840			105.935	311.82875496596
841			105.975	311.75107063323
842			106.015	311.50639167012
843			106.055	311.23492089087
844			106.095	314.08409323809
845			106.135	310.66628035899
846			106.175	310.34629598994
847			106.215	310.2065728902
848			106.255	-nan
849			106.295	316.50362755541
850			106.335	310.923381588
851			106.375	310.73503034952
852			106.415	310.93844915276
853			106.455	311.29882449121
854			106.495	311.83697405501
855			106.535	312.17559050442
856			106.575	312.63656746685
857			106.615	313.07028818379
858			106.655	313.65086332264
859			106.695	-nan
860			106.735	-nan
861			106.775	-nan
862			106.815	-nan
863			106.855	-nan
864			106.895	-nan
865			106.935	-nan
866			106.975	-nan
867			107.015	-nan
868			107.055	-nan
869			107.095	314.78637687177
870			107.135	314.81670134863
871			107.175	315.17349827832
872			107.215	315.71816864958
873			107.255	316.31704671987
874			107.295	317.04213301208
875			107.335	317.32987557637
876			107.375	317.8027254732
877			107.415	318.36505402246
878			107.455	318.78603354517
879			107.495	319.66471750451
880			107.535	-nan
881			107.575	319.71978218882
882			107.615	319.81479702582
883			107.655	319.81411554383
884			107.695	321.50303993293
885			107.735	319.90495729607
886			107.775	319.93664487181
887			107.815	320.13477144902
888			107.855	320.44761256492
889			107.895	321.49729226961
890			107.935	321.66698173745
891			107.975	-nan
892			108.015	-nan
893			108.055	-nan
894			108.095	-nan
895			108.135	-nan
896			108.175	-nan
897			108.215	-nan
898			108.255	-nan
899			108.295	-nan
900			108.335	-nan
901			108.375	328.60832051222
902			108.415	328.49280396123
903			108.455	328.67626376797
904			108.495	328.91878692741
905			108.535	329.1700727412
906			108.575	329.34159761044
907			108.615	329.50597479307
908			108.655	329.77594816777
909			108.695	330.17243317762
910			108.735	330.76873054001
911			108.775	331.31389806308
912			108.815	-nan
913			108.855	332.88298175732
914			108.895	333.57872737424
915			108.935	334.25874980608
916			108.975	334.9206172903
917			109.015	335.59532921093
918			109.055	336.20833771445
919			109.095	336.69410664672
920			109.135	337.04768059617
921			109.175	337.39010860499
922			109.215	337.83199586063
923			109.255	-nan
924			109.295	-nan
925			109.335	-nan
926			109.375	-nan
927			109.415	-nan
928			109.455	-nan
929			109.495	-nan
930			109.535	-nan
931			109.575	-nan
932			109.615	-nan
933			109.655	342.66194180377
934			109.695	343.12049882559
935			109.735	343.82014480309
936			109.775	344.5576316852
937			109.815	345.15827839957
938			109.855	345.56422039863
939			109.895	345.94353241047
940			109.935	346.18575270075
941			109.975	346.40363467035
942			110.015	346.61578498444
943			110.055	346.66973198638
944			110.095	-nan
945			110.135	346.89653422157
946			110.175	346.97515596028
947			110.215	347.03977341256
948			110.255	347.29213503901
949			110.295	347.68363334521
950			110.335	348.11343515946
951			110.375	348.61126591967
952			110.415	349.0994885353
953			110.455	349.6685283368
954			110.495	350.5479165669
955			110.535	-nan
956			110.575	-nan
957			110.615	-nan
958			110.655	-nan
959			110.695	-nan
960			110.735	-nan
961			110.775	-nan
962			110.815	-nan
963			110.855	-nan
964			110.895	-nan
965			110.935	353.00820619735
966			110.975	352.66148486666
967			111.015	352.60819916681
968			111.055	352.77418478025
969			111.095	353.01243335137
970			111.135	353.30953849099
971			111.175	353.65032760446
972			111.215	354.15779956065
973			111.255	354.67924098058
974			111.295	355.20030844056
975			111.335	355.59117964868
976			111.375	-nan
977			111.415	356.19975550413
978			111.455	356.35392358236
979			111.495	356.38286357065
980			111.535	356.3553051331
981			111.575	356.34260819098
982			111.615	356.21167423546
983			111.655	355.95343394473
984			111.695	355.62829940458
985			111.735	355.38034690549
986			111.775	355.43166432462
987			111.815	-nan
988			111.855	-nan
989			111.895	-nan
990			111.935	-nan
991			111.975	-nan
992			112.015	-nan
993			112.055	-nan
994			112.095	-nan
995			112.135	-nan
996			112.175	-nan
997			112.215	356.79416377803
998			112.255	356.43794235196
999			112.295	356.19999162928
1000		112.335	355.98262859047
1001		112.375	355.66812606618
1002		112.415	355.37009410256
1003		112.455	354.83947886783
1004		112.495	354.40760866318
1005		112.535	354.02383382445
1006		112.575	353.63453130634
1007		112.615	353.14514736836
1008		112.655	-nan
1009		112.695	352.41515405587
1010		112.735	352.30534293986
1011		112.775	352.24328242593
1012		112.815	352.32353293227
1013		112.855	352.35552856236
1014		112.895	352.62614098962
1015		112.935	352.33576813591
1016		112.975	352.13638295268
1017		113.015	352.03566856346
1018		113.055	352.057118458
1019		113.095	-nan
1020		113.135	-nan
1021		113.175	-nan
1022		113.215	-nan
1023		113.255	-nan
1024		113.295	-nan
1025		113.335	-nan
1026		113.375	-nan
1027		113.415	-nan
1028		113.455	-nan
1029		113.495	347.52736700343
1030		113.535	346.92599858445
1031		113.575	346.61624417533
1032		113.615	346.44609411363
1033		113.655	346.32339505057
1034		113.695	346.27301784875
1035		113.735	346.16497735467
1036		113.775	346.04466538486
1037		113.815	345.83313991016
1038		113.855	345.53358416026
1039		113.895	345.1585928289
1040		113.935	-nan
1041		113.975	343.75050104428
1042		114.015	343.15500969499
1043		114.055	342.52114611426
1044		114.095	341.94192408288
1045		114.135	341.20169268423
1046		114.175	340.56359522319
1047		114.215	339.83402179491
1048		114.255	339.24744457876
1049		114.295	338.91854599347
1050		114.335	338.79399053723
1051		114.375	-nan
1052		114.415	-nan
1053		114.455	-nan
1054		114.495	-nan
1055		114.535	-nan
1056		114.575	-nan
1057		114.615	-nan
1058		114.655	-nan
1059		114.695	-nan
1060		114.735	-nan
1061		114.775	335.72715504646
1062		114.815	334.75591513653
1063		114.855	334.00087041966
1064		114.895	333.39638656214
1065		114.935	332.80470042077
1066		114.975	332.26912174892
1067		115.015	331.82408227038
1068		115.055	331.41452653525
1069		115.095	331.05709572317
1070		115.135	330.71788544532
1071		115.175	330.37554192539
1072		115.215	-nan
1073		115.255	329.81760369454
1074		115.295	329.73519582764
1075		115.335	329.61614776874
1076		115.375	329.52133137169
1077		115.415	329.32023292493
1078		115.455	329.02341137297
1079		115.495	328.61835166768
1080		115.535	328.12447537884
1081		115.575	327.69031615294
1082		115.615	327.46006170272
1083		115.655	-nan
1084		115.695	-nan
1085		115.735	-nan
1086		115.775	-nan
1087		115.815	-nan
1088		115.855	-nan
1089		115.895	-nan
1090		115.935	-nan
1091		115.975	-nan
1092		116.015	-nan
1093		116.055	323.72001251595
1094		116.095	323.31006617302
1095		116.135	323.11550796423
1096		116.175	323.02091180799
1097		116.215	322.97078020949
1098		116.255	322.85930379995
1099		116.295	322.70476640507
1100		116.335	322.444095484
1101		116.375	322.11275110699
1102		116.415	321.75172070668
1103		116.455	321.24128123466
1104		116.495	-nan
1105		116.535	320.34361410304
1106		116.575	320.04350727358
1107		116.615	319.75363021671
1108		116.655	319.55777146234
1109		116.695	319.4038547612
1110		116.735	319.21139774744
1111		116.775	319.10108253964
1112		116.815	318.98179141778
1113		116.855	319.10614295875
1114		116.895	319.51622618126
1115		116.935	-nan
1116		116.975	-nan
1117		117.015	-nan
1118		117.055	-nan
1119		117.095	-nan
1120		117.135	-nan
1121		117.175	-nan
1122		117.215	-nan
1123		117.255	-nan
1124		117.295	-nan
1125		117.335	318.15375840811
1126		117.375	317.5934178668
1127		117.415	317.3291686734
1128		117.455	317.24456477931
1129		117.495	317.25885014788
1130		117.535	317.40331594569
1131		117.575	317.55438729898
1132		117.615	317.69896819671
1133		117.655	317.92246544521
1134		117.695	318.10802703837
1135		117.735	318.1999437945
1136		117.775	-nan
1137		117.815	318.61353040012
1138		117.855	318.83061940085
1139		117.895	318.94602870389
1140		117.935	318.95301641682
1141		117.975	318.90710166659
1142		118.015	318.7505542464
1143		118.055	318.5678073261
1144		118.095	318.40269614141
1145		118.135	318.36332312943
1146		118.175	318.63881982716
1147		118.215	-nan
1148		118.255	-nan
1149		118.295	-nan
1150		118.335	-nan
1151		118.375	-nan
1152		118.415	-nan
1153		118.455	-nan
1154		118.495	-nan
1155		118.535	-nan
1156		118.575	-nan
1157		118.615	321.21065299978
1158		118.655	321.11302290442
1159		118.695	321.27420907963
1160		118.735	321.49445056778
1161		118.775	321.75610449297
1162		118.815	321.93521693885
1163		118.855	322.04721108172
1164		118.895	322.10931977181
1165		118.935	322.17253315292
1166		118.975	322.21095634581
1167		119.015	322.30641088001
1168		119.055	-nan
1169		119.095	323.00562297584
1170		119.135	323.44936525463
1171		119.175	323.86875507982
1172		119.215	324.31737170791
1173		119.255	324.76819007274
1174		119.295	325.22815373557
1175		119.335	325.70125945382
1176		119.375	326.08626512348
1177		119.415	326.54979944343
1178		119.455	327.26086497461
1179		119.495	-nan
1180		119.535	-nan
1181		119.575	-nan
1182		119.615	-nan
1183		119.655	-nan
1184		119.695	-nan
1185		119.735	-nan
1186		119.775	-nan
1187		119.815	-nan
1188		119.855	-nan
1189		119.895	330.31305235604
1190		119.935	330.47203305542
1191		119.975	330.76824324512
1192		120.015	331.52725356162
1193		120.055	332.06210018196
1194		120.095	332.7375592456
1195		120.135	333.37845831105
1196		120.175	333.95122781312
1197		120.215	334.56709649873
1198		120.255	335.03451959851
1199		120.295	335.46950601777
1200		120.335	-nan
1201		120.375	336.5347917123
1202		120.415	336.94137003708
1203		120.455	337.22814600602
1204		120.495	337.52448897111
1205		120.535	337.80867216408
1206		120.575	338.02564345047
1207		120.615	338.35114568035
1208		120.655	338.75056398037
1209		120.695	339.30727969372
1210		120.735	340.13671331392
1211		120.775	-nan
1212		120.815	-nan
1213		120.855	-nan
1214		120.895	-nan
1215		120.935	-nan
1216		120.975	-nan
1217		121.015	-nan
1218		121.055	-nan
1219		121.095	-nan
1220		121.135	-nan
1221		121.175	346.47611990383
1222		121.215	346.4461550526
1223		121.255	346.70016996899
1224		121.295	347.14132862213
1225		121.335	347.62682638149
1226		121.375	348.04089379329
1227		121.415	348.4034068954
1228		121.455	348.86023464837
1229		121.495	349.42617293616
1230		121.535	349.95587034063
1231		121.575	350.40692973241
1232		121.615	-nan
1233		121.655	351.87971175425
1234		121.695	352.56104504155
1235		121.735	353.19215956756
1236		121.775	353.76343429327
1237		121.815	354.27728366441
1238		121.855	354.7492870658
1239		121.895	355.13160201285
1240		121.935	355.50211728209
1241		121.975	355.88773660931
1242		122.015	356.50614109606
1243		122.055	-nan
1244		122.095	-nan
1245		122.135	-nan
1246		122.175	-nan
1247		122.215	-nan
1248		122.255	-nan
1249		122.295	-nan
1250		122.335	-nan
1251		122.375	-nan
1252		122.415	-nan
1253		122.455	361.11802411225
1254		122.495	360.87197537612
1255		122.535	361.3469183617
1256		122.575	362.27401471221
1257		122.615	362.94882804044
1258		122.655	363.02466382643
1259		122.695	363.13164983049
1260		122.735	363.47340349365
1261		122.775	363.89691797603
1262		122.815	363.85601468427
1263		122.855	364.05212988405
1264		122.895	-nan
1265		122.935	364.70324212738
1266		122.975	364.83265095167
1267		123.015	364.974317934
1268		123.055	365.25980237123
1269		123.095	365.53499955403
1270		123.135	365.75243422151
1271		123.175	366.03251416976
1272		123.215	366.48445617367
1273		123.255	366.96919568068
1274		123.295	367.61026775
1275		123.335	-nan
1276		123.375	-nan
1277		123.415	-nan
1278		123.455	-nan
1279		123.495	-nan
1280		123.535	-nan
1281		123.575	-nan
1282		123.615	-nan
1283		123.655	-nan
1284		123.695	-nan
1285		123.735	369.41180755029
1286		123.775	369.02021949258
1287		123.815	368.93240710018
1288		123.855	369.07649395494
1289		123.895	369.21701383859
1290		123.935	369.30185122794
1291		123.975	369.40594499693
1292		124.015	369.48511992194
1293		124.055	369.61390306657
1294		124.095	369.72884783897
1295		124.135	369.85907468551
1296		124.175	-nan
1297		124.215	370.08267568103
1298		124.255	370.09806817703
1299		124.295	370.05052590172
1300		124.335	369.98482896388
1301		124.375	369.94797960334
1302		124.415	369.75919371124
1303		124.455	369.52215188751
1304		124.495	369.32169838698
1305		124.535	369.20255015159
1306		124.575	369.31663240492
1307		124.615	-nan
1308		124.655	-nan
1309		124.695	-nan
1310		124.735	-nan
1311		124.775	-nan
1312		124.815	-nan
1313		124.855	-nan
1314		124.895	-nan
1315		124.935	-nan
1316		124.975	-nan
1317		125.015	368.76824194736
1318		125.055	367.70871975542
1319		125.095	367.45133554919
1320		125.135	367.3043224325
1321		125.175	367.16245988755
1322		125.215	366.92716736662
1323		125.255	366.63342809093
1324		125.295	366.3307860156
1325		125.335	366.1014508056
1326		125.375	365.8512351008
1327		125.415	365.540247061
1328		125.455	-nan
1329		125.495	364.99780943333
1330		125.535	364.82769358909
1331		125.575	364.59727185596
1332		125.615	364.34064747709
1333		125.655	364.13832684005
1334		125.695	364.17294877282
1335		125.735	363.72754075471
1336		125.775	363.50055298836
1337		125.815	363.32937686788
1338		125.855	363.40590171229
1339		125.895	-nan
1340		125.935	-nan
1341		125.975	-nan
1342		126.015	-nan
1343		126.055	-nan
1344		126.095	-nan
1345		126.135	-nan
1346		126.175	-nan
1347		126.215	-nan
1348		126.255	-nan
1349		126.295	359.50817220767
1350		126.335	358.70469393443
1351		126.375	358.30672399393
1352		126.415	358.05109380866
1353		126.455	357.82233998649
1354		126.495	357.67431967919
1355		126.535	357.32008742607
1356		126.575	357.04676650597
1357		126.615	356.72181816902
1358		126.655	356.48575117882
1359		126.695	356.08545400482
1360		126.735	-nan
1361		126.775	355.26304220442
1362		126.815	354.96996057381
1363		126.855	354.46184944557
1364		126.895	354.10570532625
1365		126.935	353.69849302602
1366		126.975	353.36111107718
1367		127.015	352.99369555085
1368		127.055	352.6493364584
1369		127.095	352.27102564371
1370		127.135	352.22708412183
1371		127.175	-nan
1372		127.215	-nan
1373		127.255	-nan
1374		127.295	-nan
1375		127.335	-nan
1376		127.375	-nan
1377		127.415	-nan
1378		127.455	-nan
1379		127.495	-nan
1380		127.535	-nan
1381		127.575	348.84648333615
1382		127.615	348.05093165812
1383		127.655	347.52552206607
1384		127.695	347.14236173726
1385		127.735	346.77785861081
1386		127.775	346.38573002855
1387		127.815	345.98749975599
1388		127.855	345.64475776077
1389		127.895	345.30730718965
1390		127.935	345.08750762028
1391		127.975	344.79969854458
1392		128.015	-nan
1393		128.055	344.37728173452
1394		128.095	344.17734747328
1395		128.135	343.97258605696
1396		128.175	343.79952621071
1397		128.215	343.64744081677
1398		128.255	343.46540092861
1399		128.295	343.17917426292
1400		128.335	342.9740308229
1401		128.375	342.71694528935
1402		128.415	342.74749253022
1403		128.455	-nan
1404		128.495	-nan
1405		128.535	-nan
1406		128.575	-nan
1407		128.615	-nan
1408		128.655	-nan
1409		128.695	-nan
1410		128.735	-nan
1411		128.775	-nan
1412		128.815	-nan
1413		128.855	340.63731803335
1414		128.895	340.11146895171
1415		128.935	339.87798248357
1416		128.975	339.80212615541
1417		129.015	339.71346797619
1418		129.055	339.59062769684
1419		129.095	339.44535967815
1420		129.135	339.27688341503
1421		129.175	339.19727502903
1422		129.215	339.08451382711
1423		129.255	338.95709254652
1424		129.295	-nan
1425		129.335	338.63757384903
1426		129.375	338.54491703378
1427		129.415	338.41700318283
1428		129.455	338.30652083648
1429		129.495	338.26631242057
1430		129.535	338.16694991812
1431		129.575	338.03645908272
1432		129.615	337.98469875519
1433		129.655	338.04434077827
1434		129.695	338.37219364825
1435		129.735	-nan
1436		129.775	-nan
1437		129.815	-nan
1438		129.855	-nan
1439		129.895	-nan
1440		129.935	-nan
1441		129.975	-nan
1442		130.015	-nan
1443		130.055	-nan
1444		130.095	-nan
1445		130.135	338.39749811938
1446		130.175	338.05504494078
1447		130.215	337.96170846914
1448		130.255	338.00604757894
1449		130.295	338.12099200614
1450		130.335	338.25006748459
1451		130.375	338.32638330835
1452		130.415	338.48745040691
1453		130.455	338.65090336216
1454		130.495	338.86609519884
1455		130.535	339.01445817421
1456		130.575	-nan
1457		130.615	339.45222616569
1458		130.655	339.68279098941
1459		130.695	340.19739178197
1460		130.735	340.04203090581
1461		130.775	340.20107537275
1462		130.815	340.40798441085
1463		130.855	340.56867980131
1464		130.895	340.66998506561
1465		130.935	340.83557336569
1466		130.975	341.28937065302
1467		131.015	-nan
1468		131.055	-nan
1469		131.095	-nan
1470		131.135	-nan
1471		131.175	-nan
1472		131.215	-nan
1473		131.255	-nan
1474		131.295	-nan
1475		131.335	-nan
1476		131.375	-nan
1477		131.415	344.08582982614
1478		131.455	344.01662507671
1479		131.495	343.90137245126
1480		131.535	345.08808899775
1481		131.575	344.66245033366
1482		131.615	344.75070796176
1483		131.655	345.07001456168
1484		131.695	345.25920191264
1485		131.735	345.52782468358
1486		131.775	345.84248831702
1487		131.815	346.05646320999
1488		131.855	-nan
1489		131.895	346.86858197194
1490		131.935	347.21702843368
1491		131.975	347.59072667526
1492		132.015	348.31673960597
1493		132.055	348.23068009502
1494		132.095	348.61677049045
1495		132.135	348.91566436351
1496		132.175	349.22787568479
1497		132.215	349.6426082239
1498		132.255	350.31655967683
1499		132.295	-nan
1500		132.335	-nan
1501		132.375	-nan
1502		132.415	-nan
1503		132.455	-nan
1504		132.495	-nan
1505		132.535	-nan
1506		132.575	-nan
1507		132.615	-nan
1508		132.655	-nan
1509		132.695	354.64071974873
1510		132.735	354.65594263261
1511		132.775	354.96822523587
1512		132.815	355.49703469336
1513		132.855	355.99075593846
1514		132.895	356.41881096535
1515		132.935	356.9258846888
1516		132.975	357.30454031707
1517		133.015	357.75327204777
1518		133.055	358.21583840764
1519		133.095	358.58800244337
1520		133.135	-nan
1521		133.175	359.70651204489
1522		133.215	360.14668732185
1523		133.255	360.61071230622
1524		133.295	361.08198379491
1525		133.335	361.52914078834
1526		133.375	361.98240252873
1527		133.415	362.37102550705
1528		133.455	362.78469524938
1529		133.495	363.2854581254
1530		133.535	364.11368140166
1531		133.575	-nan
1532		133.615	-nan
1533		133.655	-nan
1534		133.695	-nan
1535		133.735	-nan
1536		138.895	-nan
1537		138.935	-nan
1538		138.975	-nan
1539		139.015	-nan
1540		139.055	-nan
1541		139.095	373.36943363371
1542		139.135	372.38380256993
1543		139.175	371.96226161829
1544		139.215	371.56914439855
1545		139.255	371.13898514249
1546		139.295	370.81770346528
1547		139.335	370.29922111837
1548		139.375	369.85899556436
1549		139.415	369.48990457551
1550		139.455	369.03223078274
1551		139.495	368.68517022995
1552		139.535	-nan
1553		139.575	367.89703754417
1554		139.615	367.66098208566
1555		139.655	367.35647667792
1556		139.695	366.97586944023
1557		139.735	367.01958422218
1558		139.775	366.38922144438
1559		139.815	366.22910459336
1560		139.855	365.80611432526
1561		139.895	365.72689274138
1562		139.935	365.82057604463
1563		139.975	-nan
1564		140.015	-nan
1565		140.055	-nan
1566		140.095	-nan
1567		140.135	-nan
1568		140.175	-nan
1569		140.215	-nan
1570		140.255	-nan
1571		140.295	-nan
1572		140.335	-nan
1573		140.375	363.21209373833
1574		140.415	362.37933280574
1575		140.455	362.19871165755
1576		140.495	361.53103806702
1577		140.535	361.50414187149
1578		140.575	361.12091414411
1579		140.615	361.1474796978
1580		140.655	360.91011660812
1581		140.695	360.84466678883
1582		140.735	359.41907669115
1583		140.775	358.94775102449
1584		140.815	-nan
1585		140.855	359.53591887207
1586		140.895	359.43823995065
1587		140.935	359.05239488355
1588		140.975	358.7699742801
1589		141.015	358.56523329625
1590		141.055	358.32676404138
1591		141.095	358.21107250672
1592		141.135	357.99714701411
1593		141.175	357.800715458
1594		141.215	358.04147610704
1595		141.255	-nan
1596		141.295	-nan
1597		141.335	-nan
1598		141.375	-nan
1599		141.415	-nan
1600		141.455	-nan
1601		141.495	-nan
1602		141.535	-nan
1603		141.575	-nan
1604		141.615	-nan
1605		141.655	358.04775299832
1606		141.695	356.73177645585
1607		141.735	356.84127028316
1608		141.775	356.43707127241
1609		141.815	356.64083228608
1610		141.855	356.19194790766
1611		141.895	356.42234472562
1612		141.935	355.89140831167
1613		141.975	356.03673492425
1614		142.015	355.70177285221
1615		142.055	355.72950366061
1616		142.095	-nan
1617		142.135	355.34486256978
1618		142.175	355.13936297681
1619		142.215	355.04327546989
1620		142.255	354.84531702116
1621		142.295	354.67822871784
1622		142.335	354.44971256579
1623		142.375	354.1917886982
1624		142.415	353.96681860881
1625		142.455	353.64102604655
1626		142.495	353.69840885059
1627		142.535	-nan
1628		142.575	-nan
1629		142.615	-nan
1630		142.655	-nan
1631		142.695	-nan
1632		142.735	-nan
1633		142.775	-nan
1634		142.815	-nan
1635		142.855	-nan
1636		142.895	-nan
1637		142.935	351.75864188669
1638		142.975	351.31517451802
1639		143.015	351.17578727514
1640		143.055	351.19499188837
1641		143.095	351.26121861345
1642		143.135	351.25087571064
1643		143.175	351.2755406531
1644		143.215	351.21274413786
1645		143.255	351.21309923154
1646		143.295	351.19070645218
1647		143.335	351.1213074757
1648		143.375	-nan
1649		143.415	351.1541938585
1650		143.455	351.18112841834
1651		143.495	351.33806562892
1652		143.535	351.28032323783
1653		143.575	351.36988788929
1654		143.615	351.46292552319
1655		143.655	351.59106287573
1656		143.695	351.70572034047
1657		143.735	351.9891229446
1658		143.775	352.50035367222
1659		143.815	-nan
1660		143.855	-nan
1661		143.895	-nan
1662		143.935	-nan
1663		143.975	-nan
1664		144.015	-nan
1665		144.055	-nan
1666		144.095	-nan
1667		144.135	-nan
1668		144.175	-nan
1669		144.215	353.89919527764
1670		144.255	353.61216450637
1671		144.295	353.63617063122
1672		144.335	353.81940651187
1673		144.375	354.05610314674
1674		144.415	354.31481726872
1675		144.455	354.60486760373
1676		144.495	354.82681866797
1677		144.535	355.15826337231
1678		144.575	355.53191574667
1679		144.615	355.73286404579
1680		144.655	-nan
1681		144.695	356.44018440045
1682		144.735	356.76413487552
1683		144.775	356.99034377845
1684		144.815	357.24917981603
1685		144.855	357.44699268859
1686		144.895	357.62683145955
1687		144.935	357.7671961607
1688		144.975	357.86075747148
1689		145.015	358.11159956496
1690		145.055	358.61999893472
1691		145.095	-nan
1692		145.135	-nan
1693		145.175	-nan
1694		145.215	-nan
1695		145.255	-nan
1696		145.295	-nan
1697		145.335	-nan
1698		145.375	-nan
1699		145.415	-nan
1700		145.455	-nan
1701		145.495	361.92791005529
1702		145.535	361.76389200132
1703		145.575	361.90458384299
1704		145.615	362.14176928497
1705		145.655	362.40059229258
1706		145.695	362.57988395644
1707		145.735	362.73976654603
1708		145.775	362.8576796762
1709		145.815	364.51548531907
1710		145.855	363.48693260826
1711		145.895	363.54577706478
1712		145.935	-nan
1713		145.975	365.47609833532
1714		146.015	364.5904185944
1715		146.055	364.88790565399
1716		146.095	365.24621142183
1717		146.135	365.58928464177
1718		146.175	365.92766112087
1719		146.215	366.19315828018
1720		146.255	366.45344984176
1721		146.295	366.82863320838
1722		146.335	367.50733837095
1723		146.375	-nan
1724		146.415	-nan
1725		146.455	-nan
1726		146.495	-nan
1727		146.535	-nan
1728		146.575	-nan
1729		146.615	-nan
1730		146.655	-nan
1731		146.695	-nan
1732		146.735	-nan
1733		146.775	369.90096772543
1734		146.815	369.70137316408
1735		146.855	370.12790948413
1736		146.895	370.20533113838
1737		146.935	370.55929096278
1738		146.975	370.90003497908
1739		147.015	371.16081707778
1740		147.055	371.40145216884
1741		147.095	371.60783777341
1742		147.135	371.87417097127
1743		147.175	372.00633081264
1744		147.215	-nan
1745		147.255	372.37560286003
1746		147.295	372.52295373274
1747		147.335	372.60565761333
1748		147.375	372.67449321817
1749		147.415	372.7944842948
1750		147.455	372.91098149816
1751		147.495	372.96725653577
1752		147.535	373.06155687464
1753		147.575	373.3407139695
1754		147.615	373.91320655745
1755		147.655	-nan
1756		147.695	-nan
1757		147.735	-nan
1758		147.775	-nan
1759		147.815	-nan
1760		147.855	-nan
1761		147.895	-nan
1762		147.935	-nan
1763		147.975	-nan
1764		148.015	-nan
1765		148.055	375.43077707551
1766		148.095	375.01023188574
1767		148.135	374.81190541998
1768		148.175	374.77568519768
1769		148.215	374.74084764167
1770		148.255	374.73687518753
1771		148.295	374.6583133018
1772		148.335	374.60412826911
1773		148.375	374.60445322192
1774		148.415	374.65367897401
1775		148.455	374.68259291274
1776		148.495	-nan
1777		148.535	374.96573208921
1778		148.575	375.10588273469
1779		148.615	375.17479006735
1780		148.655	375.24896773768
1781		148.695	375.29137731578
1782		148.735	375.31218420152
1783		148.775	375.29787676842
1784		148.815	375.2390454507
1785		148.855	375.30799190271
1786		148.895	375.58166221511
1787		148.935	-nan
1788		148.975	-nan
1789		149.015	-nan
1790		149.055	-nan
1791		149.095	-nan
1792		149.135	-nan
1793		149.175	-nan
1794		149.215	-nan
1795		149.255	-nan
1796		149.295	-nan
1797		149.335	374.47816235064
1798		149.375	373.67120050851
1799		149.415	373.4809909767
1800		149.455	373.39415524816
1801		149.495	373.35158967177
1802		149.535	373.18480990003
1803		149.575	372.99078028459
1804		149.615	372.79355592596
1805		149.655	372.6964575059
1806		149.695	372.31237504544
1807		149.735	371.95202595116
1808		149.775	-nan
1809		149.815	371.29030161762
1810		149.855	371.01166464946
1811		149.895	371.01321608159
1812		149.935	369.67867084656
1813		149.975	367.87500895035
1814		150.015	368.73221696862
1815		150.055	369.49897910951
1816		150.095	369.49055043903
1817		150.135	369.42883274013
1818		150.175	369.75950236893
1819		150.215	-nan
1820		150.255	-nan
1821		150.295	-nan
1822		150.335	-nan
1823		150.375	-nan
1824		150.415	-nan
1825		150.455	-nan
1826		150.495	-nan
1827		150.535	-nan
1828		150.575	-nan
1829		150.615	365.94296425682
1830		150.655	365.07403480573
1831		150.695	364.5223367581
1832		150.735	364.07382076454
1833		150.775	363.72481324054
1834		150.815	363.35356543237
1835		150.855	362.96543245019
1836		150.895	362.62876914187
1837		150.935	362.2915837353
1838		150.975	362.02596859864
1839		151.015	361.67327516631
1840		151.055	-nan
1841		151.095	360.97705796298
1842		151.135	360.71987431571
1843		151.175	360.35274899675
1844		151.215	359.98908700489
1845		151.255	359.58375503835
1846		151.295	359.14653029151
1847		151.335	358.67990812754
1848		151.375	358.14648813367
1849		151.415	357.70415840301
1850		151.455	357.54759938463
1851		151.495	-nan
1852		151.535	-nan
1853		151.575	-nan
1854		151.615	-nan
1855		151.655	-nan
1856		151.695	-nan
1857		151.735	-nan
1858		151.775	-nan
1859		151.815	-nan
1860		151.855	-nan
1861		151.895	353.37633700132
1862		151.935	352.60370622529
1863		151.975	352.0777490781
1864		152.015	351.71504970379
1865		152.055	351.29784180854
1866		152.095	350.88398359348
1867		152.135	350.40945337422
1868		152.175	349.88841656228
1869		152.215	349.49082602122
1870		152.255	349.28418584199
1871		152.295	348.62445142294
1872		152.335	-nan
1873		152.375	347.5586084326
1874		152.415	347.22885558537
1875		152.455	346.83001182731
1876		152.495	346.49692255772
1877		152.535	346.22192212225
1878		152.575	345.85668533083
1879		152.615	345.58186537804
1880		152.655	345.24661338789
1881		152.695	344.97848645202
1882		152.735	345.0202155579
1883		152.775	-nan
1884		152.815	-nan
1885		152.855	-nan
1886		152.895	-nan
1887		152.935	-nan
1888		152.975	-nan
1889		153.015	-nan
1890		153.055	-nan
1891		153.095	-nan
1892		153.135	-nan
1893		153.175	340.40872525174
1894		153.215	339.70275452612
1895		153.255	339.27192419396
1896		153.295	339.02124919655
1897		153.335	338.82498606892
1898		153.375	338.60463182023
1899		153.415	338.37597186612
1900		153.455	338.15790246759
1901		153.495	337.89626561727
1902		153.535	337.67293388035
1903		153.575	337.25313773353
1904		153.615	-nan
1905		153.655	336.49684053241
1906		153.695	336.22495651043
1907		153.735	335.80140483848
1908		153.775	335.38692650279
1909		153.815	335.02606806103
1910		153.855	334.71892975809
1911		153.895	334.52860523353
1912		153.935	334.06590710354
1913		153.975	333.69039717743
1914		154.015	333.65922216231
1915		154.055	-nan
1916		154.095	-nan
1917		154.135	-nan
1918		154.175	-nan
1919		154.215	-nan
1920		154.255	-nan
1921		154.295	-nan
1922		154.335	-nan
1923		154.375	-nan
1924		154.415	-nan
1925		154.455	331.27896960388
1926		154.495	330.63064059752
1927		154.535	330.23036404982
1928		154.575	329.93123815544
1929		154.615	329.65443933648
1930		154.655	329.32741166185
1931		154.695	329.04254994364
1932		154.735	328.73548325723
1933		154.775	328.51004228308
1934		154.815	328.31848819681
1935		154.855	328.08756911762
1936		154.895	-nan
1937		154.935	327.86724233289
1938		154.975	327.77567798777
1939		155.015	327.70302140253
1940		155.055	327.60424329622
1941		155.095	327.49886346303
1942		155.135	327.38249953559
1943		155.175	327.16009643396
1944		155.215	326.91451076699
1945		155.255	326.74832680089
1946		155.295	326.76633838226
1947		155.335	-nan
1948		155.375	-nan
1949		155.415	-nan
1950		155.455	-nan
1951		155.495	-nan
1952		155.535	-nan
1953		155.575	-nan
1954		155.615	-nan
1955		155.655	-nan
1956		155.695	-nan
1957		155.735	325.03833526687
1958		155.775	324.68540750275
1959		155.815	324.59508530144
1960		155.855	324.63811495201
1961		155.895	324.69811204141
1962		155.935	324.68658811048
1963		155.975	324.63987601792
1964		156.015	324.58146490253
1965		156.055	324.54455346488
1966		156.095	324.46444269789
1967		156.135	324.30181622952
1968		156.175	-nan
1969		156.215	324.07697062439
1970		156.255	323.98467407183
1971		156.295	323.84571014325
1972		156.335	323.77821230356
1973		156.375	323.76295160597
1974		156.415	323.7092304948
1975		156.455	323.68884555327
1976		156.495	323.72204340357
1977		156.535	323.82559515565
1978		156.575	324.16468483607
1979		156.615	-nan
1980		156.655	-nan
1981		156.695	-nan
1982		156.735	-nan
1983		156.775	-nan
1984		156.815	-nan
1985		156.855	-nan
1986		156.895	-nan
1987		156.935	-nan
1988		156.975	-nan
1989		157.015	324.23135205946
1990		157.055	323.86745888415
1991		157.095	323.76835250023
1992		157.135	323.74315228991
1993		157.175	323.82095515414
1994		157.215	323.80613227326
1995		157.255	323.8460106779
1996		157.295	323.86374859015
1997		157.335	323.98387492249
1998		157.375	324.15180715804
1999		157.415	324.22543521934
2000		157.455	-nan
2001		157.495	324.78607533864
2002		157.535	324.83356943222
2003		157.575	324.89972510741
2004		157.615	325.01992241034
2005		157.655	325.15775791954
2006		157.695	325.06778311827
2007		157.735	324.98140820489
2008		157.775	324.89035615286
2009		157.815	324.90002782112
2010		157.855	325.12254303658
2011		157.895	-nan
2012		157.935	-nan
2013		157.975	-nan
2014		158.015	-nan
2015		158.055	-nan
2016		158.095	-nan
2017		158.135	-nan
2018		158.175	-nan
2019		158.215	-nan
2020		158.255	-nan
2021		158.295	326.19731655027
2022		158.335	326.3442680196
2023		158.375	325.91405613346
2024		158.415	325.98721827958
2025		158.455	326.09180478751
2026		158.495	326.12384146592
2027		158.535	326.11227886068
2028		158.575	326.12542988356
2029		158.615	326.08846857175
2030		158.655	326.12649957367
2031		158.695	326.0723960689
2032		158.735	-nan
2033		158.775	326.13966225699
2034		158.815	326.20128577731
2035		158.855	326.25052030403
2036		158.895	326.38970573475
2037		158.935	326.52756934481
2038		158.975	326.68537492389
2039		159.015	326.79986053423
2040		159.055	326.88311172667
2041		159.095	327.04129946277
2042		159.135	327.42759793492
2043		159.175	-nan
2044		159.215	-nan
2045		159.255	-nan
2046		159.295	-nan
2047		159.335	-nan
2048		159.375	-nan
2049		159.415	-nan
2050		159.455	-nan
2051		159.495	-nan
2052		159.535	-nan
2053		159.575	326.92196611346
2054		159.615	326.53068154006
2055		159.655	326.41239367924
2056		159.695	326.46035618266
2057		159.735	326.56123795784
2058		159.775	326.63860878338
2059		159.815	326.70523162602
2060		159.855	326.72282742242
2061		159.895	326.81454293101
2062		159.935	326.82798209642
2063		159.975	326.76256561646
2064		160.015	-nan
2065		160.055	326.70652619457
2066		160.095	326.71590291824
2067		160.135	326.60428981512
2068		160.175	326.52647659799
2069		160.215	326.47308891557
2070		160.255	326.32317223192
2071		160.295	326.1255723682
2072		160.335	325.97602862752
2073		160.375	325.86529240405
2074		160.415	326.03611161709
2075		160.455	-nan
2076		160.495	-nan
2077		160.535	-nan
2078		160.575	-nan
2079		160.615	-nan
2080		160.655	-nan
2081		160.695	-nan
2082		160.735	-nan
2083		160.775	-nan
2084		160.815	-nan
2085		160.855	325.48180871094
2086		160.895	324.9550851298
2087		160.935	324.68240690371
2088		160.975	324.41527379527
2089		161.015	324.19609131246
2090		161.055	323.92229673585
2091		161.095	323.66488507216
2092		161.135	323.37603812487
2093		161.175	323.17938257296
2094		161.215	322.97682014663
2095		161.255	322.70856715892
2096		161.295	-nan
2097		161.335	322.40674048365
2098		161.375	322.35083918308
2099		161.415	322.20343208669
2100		161.455	322.11083247306
2101		161.495	321.97592610237
2102		161.535	321.78013337934
2103		161.575	321.5821602133
2104		161.615	321.37223860441
2105		161.655	321.17219330001
2106		161.695	321.15680075443
2107		161.735	-nan
2108		161.775	-nan
2109		161.815	-nan
2110		161.855	-nan
2111		161.895	-nan
2112		161.935	-nan
2113		161.975	-nan
2114		162.015	-nan
2115		162.055	-nan
2116		162.095	-nan
2117		162.135	317.75007233566
2118		162.175	317.11516876538
2119		162.215	316.78413321669
2120		162.255	316.53415975028
2121		162.295	316.34105126228
2122		162.335	316.11199604531
2123		162.375	315.84210809665
2124		162.415	315.5773596483
2125		162.455	315.24196611757
2126		162.495	314.92751642431
2127		162.535	314.45175521878
2128		162.575	-nan
2129		162.615	313.54689167515
2130		162.655	313.16761478973
2131		162.695	312.73185034725
2132		162.735	312.35919483419
2133		162.775	311.96144194509
2134		162.815	311.64834859314
2135		162.855	311.30768196489
2136		162.895	310.91448291865
2137		162.935	310.66100142564
2138		162.975	310.61983696265
2139		163.015	-nan
2140		163.055	-nan
2141		163.095	-nan
2142		163.135	-nan
2143		163.175	-nan
2144		163.215	-nan
2145		163.255	-nan
2146		163.295	-nan
2147		163.335	-nan
2148		163.375	-nan
2149		163.415	307.187385206
2150		163.455	306.35534751481
2151		163.495	305.73171326434
2152		163.535	305.26394540444
2153		163.575	304.81958581723
2154		163.615	304.40898181693
2155		163.655	303.98708597555
2156		163.695	303.58403720724
2157		163.735	303.2484211186
2158		163.775	302.90576510973
2159		163.815	302.39123701574
2160		163.855	-nan
2161		163.895	301.72770868036
2162		163.935	301.6730740716
2163		163.975	301.32576738755
2164		164.015	301.03761532235
2165		164.055	300.68742935403
2166		164.095	300.25163846814
2167		164.135	299.74511948909
2168		164.175	299.20825117258
2169		164.215	298.72089598749
2170		164.255	298.4728836077
2171		164.295	-nan
2172		164.335	-nan
2173		164.375	-nan
2174		164.415	-nan
2175		164.455	-nan
2176		164.495	-nan
2177		164.535	-nan
2178		164.575	-nan
2179		164.615	-nan
2180		164.655	-nan
2181		164.695	292.83918718685
2182		164.735	292.17616487386
2183		164.775	291.76449728823
2184		164.815	291.38750767119
2185		164.855	291.06806016736
2186		164.895	290.66736105677
2187		164.935	290.25765917928
2188		164.975	289.86194384349
2189		165.015	289.35829283049
2190		165.055	288.8318534261
2191		165.095	288.26450457853
2192		165.135	-nan
2193		165.175	287.26374493808
2194		165.215	286.94428430731
2195		165.255	286.54583410037
2196		165.295	286.18342481981
2197		165.335	285.88586621883
2198		165.375	285.60952395561
2199		165.415	285.23668095618
2200		165.455	284.93029158389
2201		165.495	284.68990941298
2202		165.535	284.6529224762
2203		165.575	-nan
2204		165.615	-nan
2205		165.655	-nan
2206		165.695	-nan
2207		165.735	-nan
2208		165.775	-nan
2209		165.815	-nan
2210		165.855	-nan
2211		165.895	-nan
2212		165.935	-nan
2213		165.975	279.97559598846
2214		166.015	279.32485512387
2215		166.055	278.89314665423
2216		166.095	278.60276214947
2217		166.135	278.3520988817
2218		166.175	278.11327794998
2219		166.215	277.85128472046
2220		166.255	277.59581616102
2221		166.295	277.33014593817
2222		166.335	277.11669082416
2223		166.375	276.78732520273
2224		166.415	-nan
2225		166.455	276.30703092855
2226		166.495	276.08907472487
2227		166.535	275.76034035139
2228		166.575	275.47972923322
2229		166.615	275.07942661173
2230		166.655	274.79997029872
2231		166.695	274.31825347138
2232		166.735	273.93747709668
2233		166.775	273.6383857988
2234		166.815	273.52715349851
2235		166.855	-nan
2236		166.895	-nan
2237		166.935	-nan
2238		166.975	-nan
2239		167.015	-nan
2240		167.055	-nan
2241		167.095	-nan
2242		167.135	-nan
2243		167.175	-nan
2244		167.215	-nan
2245		167.255	271.10519137043
2246		167.295	270.52007982496
2247		167.335	270.0945565738
2248		167.375	269.77033164532
2249		167.415	269.48038149133
2250		167.455	269.14910569889
2251		167.495	268.8202149911
2252		167.535	268.50065352355
2253		167.575	268.26715363384
2254		167.615	268.05818282005
2255		167.655	267.80526205324
2256		167.695	-nan
2257		167.735	267.50971315502
2258		167.775	267.50436714909
2259		167.815	267.40896347845
2260		167.855	267.32431808621
2261		167.895	267.27954997822
2262		167.935	267.21504820686
2263		167.975	267.08903709379
2264		168.015	266.95586627361
2265		168.055	266.87708376216
2266		168.095	266.9393257926
2267		168.135	-nan
2268		168.175	-nan
2269		168.215	-nan
2270		168.255	-nan
2271		168.295	-nan
2272		168.335	-nan
2273		168.375	-nan
2274		168.415	-nan
2275		168.455	-nan
2276		168.495	-nan
2277		168.535	264.43614889686
2278		168.575	264.03477687631
2279		168.615	263.93442451008
2280		168.655	263.90651285302
2281		168.695	263.94569047914
2282		168.735	263.97994480876
2283		168.775	263.95931775783
2284		168.815	263.90118033263
2285		168.855	263.80382971898
2286		168.895	263.69683961282
2287		168.935	263.46689284723
2288		168.975	-nan
2289		169.015	263.15089166942
2290		169.055	263.11394545736
2291		169.095	262.95977371327
2292		169.135	262.81451602512
2293		169.175	262.75149319714
2294		169.215	262.6364822814
2295		169.255	262.55919112784
2296		169.295	262.50404199861
2297		169.335	262.50668733201
2298		169.375	262.74942172813
2299		169.415	-nan
2300		169.455	-nan
2301		169.495	-nan
2302		169.535	-nan
2303		169.575	-nan
2304		169.615	-nan
2305		169.655	-nan
2306		169.695	-nan
2307		169.735	-nan
2308		169.775	-nan
2309		169.815	262.0874643706
2310		169.855	261.61936127285
2311		169.895	261.32932337646
2312		169.935	261.13210008288
2313		169.975	261.00941242404
2314		170.015	260.86106951973
2315		170.055	260.71850416031
2316		170.095	260.62834071046
2317		170.135	260.55671693934
2318		170.175	260.55079658137
2319		170.215	260.51130905966
2320		170.255	-nan
2321		170.295	260.728759899
2322		170.335	260.88451723201
2323		170.375	260.94484441018
2324		170.415	260.95215455699
2325		170.455	260.93332118116
2326		170.495	260.8536866109
2327		170.535	260.71929319094
2328		170.575	260.58884541956
2329		170.615	260.46779140783
2330		170.655	260.52137545104
2331		170.695	-nan
2332		170.735	-nan
2333		170.775	-nan
2334		170.815	-nan
2335		170.855	-nan
2336		170.895	-nan
2337		170.935	-nan
2338		170.975	-nan
2339		171.015	-nan
2340		171.055	-nan
2341		171.095	259.67073080998
2342		171.135	259.42718709936
2343		171.175	259.32973444737
2344		171.215	259.31971749209
2345		171.255	259.28025421149
2346		171.295	259.1938298654
2347		171.335	259.06855409208
2348		171.375	258.883203652
2349		171.415	258.70016805999
2350		171.455	258.53374948692
2351		171.495	258.30186832549
2352		171.535	-nan
2353		171.575	258.06747385677
2354		171.615	258.01398380583
2355		171.655	257.87951712976
2356		171.695	257.83040045346
2357		171.735	257.78895247225
2358		171.775	257.82475386879
2359		171.815	257.86110398704
2360		171.855	257.8624444383
2361		171.895	257.96646536088
2362		171.935	258.19343609626
2363		171.975	-nan
2364		172.015	-nan
2365		172.055	-nan
2366		172.095	-nan
2367		172.135	-nan
2368		172.175	-nan
2369		172.215	-nan
2370		172.255	-nan
2371		172.295	-nan
2372		172.335	-nan
2373		172.375	256.30353976373
2374		172.415	255.83944169064
2375		172.455	255.55948906736
2376		172.495	255.42707639329
2377		172.535	255.3058401073
2378		172.575	255.20429030716
2379		172.615	255.09797924794
2380		172.655	255.04256697015
2381		172.695	254.98889546072
2382		172.735	254.96397315663
2383		172.775	254.85253233079
2384		172.815	-nan
2385		172.855	254.65388556397
2386		172.895	254.58495920299
2387		172.935	254.4349739792
2388		172.975	254.22064248357
2389		173.015	254.02724784253
2390		173.055	253.80750042707
2391		173.095	253.56104530644
2392		173.135	253.27556645189
2393		173.175	253.07163131175
2394		173.215	253.03175031432
2395		173.255	-nan
2396		173.295	-nan
2397		173.335	-nan
2398		173.375	-nan
2399		173.415	-nan
2400		173.455	-nan
2401		173.495	-nan
2402		173.535	-nan
2403		173.575	-nan
2404		173.615	-nan
2405		173.655	251.3712495482
2406		173.695	250.84965134098
2407		173.735	250.49655818734
2408		173.775	250.17125632243
2409		173.815	249.84409558779
2410		173.855	249.48919961736
2411		173.895	249.10192377617
2412		173.935	248.72282624676
2413		173.975	248.39835248352
2414		174.015	248.0945944446
2415		174.055	247.70339151339
2416		174.095	-nan
2417		174.135	247.17786716011
2418		174.175	247.02919094372
2419		174.215	246.8703672522
2420		174.255	246.72890930951
2421		174.295	246.58187320234
2422		174.335	246.49082498652
2423		174.375	246.30180707614
2424		174.415	246.08850872444
2425		174.455	245.92123015663
2426		174.495	245.8851555779
2427		174.535	-nan
2428		174.575	-nan
2429		174.615	-nan
2430		174.655	-nan
2431		174.695	-nan
2432		174.735	-nan
2433		174.775	-nan
2434		174.815	-nan
2435		174.855	-nan
2436		174.895	-nan
2437		174.935	241.92336435323
2438		174.975	241.39883429696
2439		175.015	241.41395847989
2440		175.055	240.89123338915
2441		175.095	240.69787499624
2442		175.135	240.46016533813
2443		175.175	240.1777770957
2444		175.215	239.89410880147
2445		175.255	239.61022443984
2446		175.295	239.26402196264
2447		175.335	238.82009264375
2448		175.375	-nan
2449		175.415	238.02459118008
2450		175.455	237.68035879009
2451		175.495	237.25008905604
2452		175.535	236.87662840486
2453		175.575	236.51835990021
2454		175.615	236.12878260674
2455		175.655	235.76360845288
2456		175.695	235.39486381223
2457		175.735	235.14844334671
2458		175.775	235.08187818871
2459		175.815	-nan
2460		175.855	-nan
2461		175.895	-nan
2462		175.935	-nan
2463		175.975	-nan
2464		176.015	-nan
2465		176.055	-nan
2466		176.095	-nan
2467		176.135	-nan
2468		176.175	-nan
2469		176.215	232.00374805439
2470		176.255	231.29265814419
2471		176.295	230.74415039221
2472		176.335	230.28248958893
2473		176.375	229.76777320195
2474		176.415	229.26873741323
2475		176.455	228.78827704095
2476		176.495	228.3777214961
2477		176.535	228.03361839159
2478		176.575	227.77521509809
2479		176.615	227.41637507023
2480		176.655	-nan
2481		176.695	226.8825892745
2482		176.735	226.75262168168
2483		176.775	226.49611899782
2484		176.815	226.3017045848
2485		176.855	226.02918972658
2486		176.895	225.74904461314
2487		176.935	225.41176745165
2488		176.975	225.07386521942
2489		177.015	224.75072367741
2490		177.055	224.58038287454
2491		177.095	-nan
2492		177.135	-nan
2493		177.175	-nan
2494		177.215	-nan
2495		177.255	-nan
2496		177.295	-nan
2497		177.335	-nan
2498		177.375	-nan
2499		177.415	-nan
2500		177.455	-nan
2501		177.495	220.97480208884
2502		177.535	220.48194479532
2503		177.575	220.14364345924
2504		177.615	219.88755900281
2505		177.655	219.57834428072
2506		177.695	219.27437192305
2507		177.735	218.91953044116
2508		177.775	218.53816049243
2509		177.815	218.16697108812
2510		177.855	217.76355218492
2511		177.895	217.20904226548
2512		177.935	-nan
2513		177.975	216.32452228552
2514		178.015	216.01673278684
2515		178.055	215.68509142827
2516		178.095	215.4007281857
2517		178.135	215.19197492609
2518		178.175	214.99680795819
2519		178.215	214.8708978144
2520		178.255	214.68305831699
2521		178.295	214.59812382384
2522		178.335	214.68796367706
2523		178.375	-nan
2524		178.415	-nan
2525		178.455	-nan
2526		178.495	-nan
2527		178.535	-nan
2528		178.575	-nan
2529		178.615	-nan
2530		178.655	-nan
2531		178.695	-nan
2532		178.735	-nan
2533		178.775	211.5914808241
2534		178.815	211.02805239556
2535		178.855	210.60110827992
2536		178.895	210.327781687
2537		178.935	210.07330783981
2538		178.975	209.83363997485
2539		179.015	209.62615392416
2540		179.055	209.42953077703
2541		179.095	209.27223618093
2542		179.135	209.13214072988
2543		179.175	208.83072731269
2544		179.215	-nan
2545		179.255	208.47531948927
2546		179.295	208.38923170109
2547		179.335	208.17006485647
2548		179.375	207.96733303924
2549		179.415	207.71330301375
2550		179.455	207.4172034498
2551		179.495	207.12766086014
2552		179.535	206.76286781283
2553		179.575	206.52099198087
2554		179.615	206.44241730545
2555		179.655	-nan
2556		179.695	-nan
2557		179.735	-nan
2558		179.775	-nan
2559		179.815	-nan
2560		179.855	-nan
2561		179.895	-nan
2562		179.935	-nan
2563		179.975	-nan
2564		180.015	-nan
2565		180.055	204.9841266501
2566		180.095	204.64345167202
2567		180.135	204.34886050766
2568		180.175	204.12304439411
2569		180.215	203.87407408059
2570		180.255	203.62751939097
2571		180.295	203.37782747371
2572		180.335	203.0150370872
2573		180.375	202.72432599414
2574		180.415	202.44793029388
2575		180.455	202.11042393631
2576		180.495	-nan
2577		180.535	201.75157941103
2578		180.575	201.74613573926
2579		180.615	201.64588621606
2580		180.655	201.60224432547
2581		180.695	201.56577860838
2582		180.735	201.54087384245
2583		180.775	201.47798660463
2584		180.815	201.46043731448
2585		180.855	201.46656753251
2586		180.895	201.66319489642
2587		180.935	-nan
2588		180.975	-nan
2589		181.015	-nan
2590		181.055	-nan
2591		181.095	-nan
2592		181.135	-nan
2593		181.175	-nan
2594		181.215	-nan
2595		181.255	-nan
2596		181.295	-nan
2597		181.335	199.88696562399
2598		181.375	199.54618695185
2599		181.415	199.38650741513
2600		181.455	199.35080528903
2601		181.495	199.31937441533
2602		181.535	199.2825687571
2603		181.575	199.22238771258
2604		181.615	199.14573597701
2605		181.655	199.0474470068
2606		181.695	198.91781616009
2607		181.735	198.69013254167
2608		181.775	-nan
2609		181.815	198.39810985965
2610		181.855	198.30486656945
2611		181.895	198.1089466331
2612		181.935	197.94600747155
2613		181.975	197.76514607142
2614		182.015	197.62283257109
2615		182.055	197.44462191677
2616		182.095	197.32604847265
2617		182.135	197.29684897538
2618		182.175	197.44634876913
2619		182.215	-nan
2620		182.255	-nan
2621		182.295	-nan
2622		182.335	-nan
2623		182.375	-nan
2624		182.415	-nan
2625		182.455	-nan
2626		182.495	-nan
2627		182.535	-nan
2628		182.575	-nan
2629		182.615	197.31704714468
2630		182.655	196.85199659833
2631		182.695	196.53878346105
2632		182.735	196.32182295231
2633		182.775	196.11884050209
2634		182.815	195.94559605359
2635		182.855	195.75559031634
2636		182.895	195.58978261543
2637		182.935	195.43394851564
2638		182.975	195.35529507901
2639		183.015	195.18972280897
2640		183.055	-nan
2641		183.095	195.1787857454
2642		183.135	195.27114583238
2643		183.175	195.28243397217
2644		183.215	195.26979332259
2645		183.255	195.27611483078
2646		183.295	195.23403897456
2647		183.335	195.16860741207
2648		183.375	195.04980460881
2649		183.415	194.98767020172
2650		183.455	195.06446610336
2651		183.495	-nan
2652		183.535	-nan
2653		183.575	-nan
2654		183.615	-nan
2655		183.655	-nan
2656		183.695	-nan
2657		183.735	-nan
2658		183.775	-nan
2659		183.815	-nan
2660		183.855	-nan
2661		183.895	194.13935772478
2662		183.935	193.86059137569
2663		183.975	193.79969279872
2664		184.015	193.78966866377
2665		184.055	193.78357583584
2666		184.095	193.7581740891
2667		184.135	193.6588247243
2668		184.175	193.51724202557
2669		184.215	193.31914050089
2670		184.255	193.1390389575
2671		184.295	192.72257939485
2672		184.335	-nan
2673		184.375	192.25455308497
2674		184.415	192.16424249107
2675		184.455	191.96254452315
2676		184.495	191.79256066017
2677		184.535	191.63923620233
2678		184.575	191.56178155659
2679		184.615	191.48511109954
2680		184.655	191.41009007583
2681		184.695	191.46309119773
2682		184.735	191.64529592129
2683		184.775	-nan
2684		184.815	-nan
2685		184.855	-nan
2686		184.895	-nan
2687		184.935	-nan
2688		184.975	-nan
2689		185.015	-nan
2690		185.055	-nan
2691		185.095	-nan
2692		185.135	-nan
2693		185.175	190.39421844657
2694		185.215	190.00880893588
2695		185.255	189.64325086599
2696		185.295	189.44117344243
2697		185.335	189.27863639955
2698		185.375	189.10118947829
2699		185.415	188.95016549983
2700		185.455	188.8137276385
2701		185.495	188.68349608565
2702		185.535	188.56671957104
2703		185.575	188.34256880888
2704		185.615	-nan
2705		185.655	188.18867544012
2706		185.695	188.17982368526
2707		185.735	188.02074231899
2708		185.775	187.82552880689
2709		185.815	187.65325682086
2710		185.855	187.32442041815
2711		185.895	187.06275107134
2712		185.935	186.76813634518
2713		185.975	186.55118935902
2714		186.015	186.4765135615
2715		186.055	-nan
2716		186.095	-nan
2717		186.135	-nan
2718		186.175	-nan
2719		186.215	-nan
2720		186.255	-nan
2721		186.295	-nan
2722		186.335	-nan
2723		186.375	-nan
2724		186.415	-nan
2725		186.455	185.2521474134
2726		186.495	184.85710883976
2727		186.535	184.63881107017
2728		186.575	184.42314241461
2729		186.615	184.19158706022
2730		186.655	183.92048970166
2731		186.695	183.5849600435
2732		186.735	183.2401020203
2733		186.775	182.90874004432
2734		186.815	182.58055057364
2735		186.855	182.1321001729
2736		186.895	-nan
2737		186.935	181.58771270089
2738		186.975	181.42732848043
2739		187.015	181.19649750387
2740		187.055	180.99837196701
2741		187.095	180.80874756343
2742		187.135	180.65002774397
2743		187.175	180.48761169321
2744		187.215	180.38375458251
2745		187.255	180.27207638819
2746		187.295	180.33565330507
2747		187.335	-nan
2748		187.375	-nan
2749		187.415	-nan
2750		187.455	-nan
2751		187.495	-nan
2752		187.535	-nan
2753		187.575	-nan
2754		187.615	-nan
2755		187.655	-nan
2756		187.695	-nan
2757		187.735	161.74285512713
2758		187.775	160.92970267842
2759		187.815	160.5541535951
2760		187.855	160.374727803
2761		187.895	160.26461797649
2762		187.935	160.1384271945
2763		187.975	159.92122263499
2764		188.015	159.74563765568
2765		188.055	159.5696424423
2766		188.095	159.38195639322
2767		188.135	159.18157472952
2768		188.175	-nan
2769		188.215	158.60747584364
2770		188.255	158.3214513427
2771		188.295	158.06409341834
2772		188.335	157.78932327454
2773		188.375	157.54551406829
2774		188.415	157.29029596888
2775		188.455	156.98540168091
2776		188.495	156.70455231362
2777		188.535	156.5710881878
2778		188.575	156.8212256501
2779		188.615	-nan
2780		188.655	-nan
2781		188.695	-nan
2782		188.735	-nan
2783		188.775	-nan
2784		188.815	-nan
2785		188.855	-nan
2786		188.895	-nan
2787		188.935	-nan
2788		188.975	-nan
2789		189.015	155.62567035374
2790		189.055	154.80355055011
2791		189.095	154.39490870507
2792		189.135	154.16451226802
2793		189.175	153.91718731185
2794		189.215	153.6966160641
2795		189.255	153.36037386455
2796		189.295	153.06750726384
2797		189.335	152.82738361704
2798		189.375	152.58827138635
2799		189.415	152.38900983486
2800		189.455	-nan
2801		189.495	151.91898589637
2802		189.535	151.73454785906
2803		189.575	151.56347236205
2804		189.615	151.42997273737
2805		189.655	151.30270004462
2806		189.695	151.12421236803
2807		189.735	150.91203734151
2808		189.775	150.70921294582
2809		189.815	150.59719242737
2810		189.855	150.79249423552
2811		189.895	-nan
2812		189.935	-nan
2813		189.975	-nan
2814		190.015	-nan
2815		190.055	-nan
2816		190.095	-nan
2817		190.135	-nan
2818		190.175	-nan
2819		190.215	-nan
2820		190.255	-nan
2821		190.295	148.95965170756
2822		190.335	148.36330915409
2823		190.375	148.11026281103
2824		190.415	148.0574222092
2825		190.455	148.01947137194
2826		190.495	147.88349988144
2827		190.535	147.70890443406
2828		190.575	147.49703382235
2829		190.615	147.27440722815
2830		190.655	147.09436302633
2831		190.695	146.85081452038
2832		190.735	-nan
2833		190.775	146.29107687559
2834		190.815	146.00013785927
2835		190.855	145.75051945256
2836		190.895	145.52596721588
2837		190.935	145.34639059673
2838		190.975	145.146726752
2839		191.015	144.96132475064
2840		191.055	144.79995143068
2841		191.095	144.72455763415
2842		191.135	144.97887555626
2843		191.175	-nan
2844		191.215	-nan
2845		191.255	-nan
2846		191.295	-nan
2847		191.335	-nan
2848		191.375	-nan
2849		191.415	-nan
2850		191.455	-nan
2851		191.495	-nan
2852		191.535	-nan
2853		191.575	143.91782711231
2854		191.615	143.30163260282
2855		191.655	143.13640174831
2856		191.695	142.83027336163
2857		191.735	142.68911324881
2858		191.775	142.53626369987
2859		191.815	142.35578895033
2860		191.855	142.20405216177
2861		191.895	142.10074533573
2862		191.935	142.05878482951
2863		191.975	141.9824724279
2864		192.015	-nan
2865		192.055	141.76957010642
2866		192.095	141.68624812701
2867		192.135	141.54959749935
2868		192.175	141.43950951244
2869		192.215	141.30154701451
2870		192.255	141.14300072981
2871		192.295	140.9506634907
2872		192.335	140.74642185671
2873		192.375	140.63311009777
2874		192.415	140.80980319266
2875		192.455	-nan
2876		192.495	-nan
2877		192.535	-nan
2878		192.575	-nan
2879		192.615	-nan
2880		192.655	-nan
2881		192.695	-nan
2882		192.735	-nan
2883		192.775	-nan
2884		192.815	-nan
2885		192.855	140.23905218831
2886		192.895	139.78250000309
2887		192.935	139.6118671977
2888		192.975	139.57406307589
2889		193.015	139.52549204532
2890		193.055	139.42747848816
2891		193.095	139.30865696132
2892		193.135	139.15849185777
2893		193.175	139.03734591288
2894		193.215	138.92521022618
2895		193.255	138.77118953928
2896		193.295	-nan
2897		193.335	138.42222353907
2898		193.375	138.23862379946
2899		193.415	138.1417359301
2900		193.455	138.06193778296
2901		193.495	138.01336901689
2902		193.535	137.9744768039
2903		193.575	137.92680015116
2904		193.615	137.88691297914
2905		193.655	137.93240434304
2906		193.695	138.23889085855
2907		193.735	-nan
2908		193.775	-nan
2909		193.815	-nan
2910		193.855	-nan
2911		193.895	-nan
2912		193.935	-nan
2913		193.975	-nan
2914		194.015	-nan
2915		194.055	-nan
2916		194.095	-nan
2917		194.135	137.65338168598
2918		194.175	137.18805959607
2919		194.215	137.04466858982
2920		194.255	137.03021316056
2921		194.295	137.06082114961
2922		194.335	137.06706240431
2923		194.375	137.0516484915
2924		194.415	137.04537520073
2925		194.455	137.26019574169
2926		194.495	137.00605227361
2927		194.535	136.98020862657
2928		194.575	-nan
2929		194.615	136.84929512389
2930		194.655	136.749559623
2931		194.695	136.65772965711
2932		194.735	136.56467235705
2933		194.775	136.45029181667
2934		194.815	136.3061800258
2935		194.855	136.14140529906
2936		194.895	135.97862655553
2937		194.935	135.9355025437
2938		194.975	136.14019754012
2939		195.015	-nan
2940		195.055	-nan
2941		195.095	-nan
2942		195.135	-nan
2943		195.175	-nan
2944		195.215	-nan
2945		195.255	-nan
2946		195.295	-nan
2947		195.335	-nan
2948		195.375	-nan
2949		195.415	136.31219509542
2950		195.455	135.88211698221
2951		195.495	135.71863945393
2952		195.535	135.6909822395
2953		195.575	135.62041043328
2954		195.615	135.52836831443
2955		195.655	135.42499202863
2956		195.695	135.30659710716
2957		195.735	135.23777065362
2958		195.775	135.18306729877
2959		195.815	135.11487743934
2960		195.855	-nan
2961		195.895	134.98154396535
2962		195.935	134.95267915819
2963		195.975	134.88496682748
2964		196.015	134.87578573249
2965		196.055	134.87628477821
2966		196.095	134.8175002469
2967		196.135	134.73740173733
2968		196.175	134.67095418665
2969		196.215	134.66696800741
2970		196.255	134.90008298956
2971		196.295	-nan
2972		196.335	-nan
2973		196.375	-nan
2974		196.415	-nan
2975		196.455	-nan
2976		196.495	-nan
2977		196.535	-nan
2978		196.575	-nan
2979		196.615	-nan
2980		196.655	-nan
2981		196.695	134.29815464639
2982		196.735	133.91334828683
2983		196.775	133.84034018413
2984		196.815	133.88630096301
2985		196.855	133.9218092306
2986		196.895	133.9431851313
2987		196.935	133.91763581462
2988		196.975	133.85792998829
2989		197.015	133.82769876902
2990		197.055	133.75697786449
2991		197.095	133.6586585642
2992		197.135	-nan
2993		197.175	133.35067782372
2994		197.215	133.20248107251
2995		197.255	133.03538804306
2996		197.295	132.88977507497
2997		197.335	132.76735826135
2998		197.375	132.66211299372
2999		197.415	132.49965610867
3000		197.455	132.3595365582
3001		197.495	132.33892020182
3002		197.535	132.57073673968
3003		197.575	-nan
3004		197.615	-nan
3005		197.655	-nan
3006		197.695	-nan
3007		197.735	-nan
3008		197.775	-nan
3009		197.815	-nan
3010		197.855	-nan
3011		197.895	-nan
3012		197.935	-nan
3013		197.975	132.06625631982
3014		198.015	131.58250426573
3015		198.055	131.34475605596
3016		198.095	131.26588187451
3017		198.135	131.16338321013
3018		198.175	131.03998014372
3019		198.215	130.98973126055
3020		198.255	130.85395550004
3021		198.295	130.76174821006
3022		198.335	130.73518226895
3023		198.375	130.65441053938
3024		198.415	-nan
3025		198.455	130.47370097617
3026		198.495	130.38418740483
3027		198.535	130.28990828095
3028		198.575	130.17619424969
3029		198.615	130.10092499735
3030		198.655	129.96898735861
3031		198.695	129.74111412277
3032		198.735	129.55795121626
3033		198.775	129.44465999767
3034		198.815	129.47007762461
3035		198.855	-nan
3036		198.895	-nan
3037		198.935	-nan
3038		198.975	-nan
3039		199.015	-nan
3040		199.055	-nan
3041		199.095	-nan
3042		199.135	-nan
3043		199.175	-nan
3044		199.215	-nan
3045		199.255	128.15776516359
3046		199.295	127.76597149576
3047		199.335	127.63047423638
3048		199.375	127.53676855802
3049		199.415	127.50556773577
3050		199.455	127.45351436478
3051		199.495	127.25947392522
3052		199.535	127.16056371824
3053		199.575	126.99432168921
3054		199.615	126.7476929836
3055		199.655	126.54182247729
3056		199.695	-nan
3057		199.735	126.08164685015
3058		199.775	125.88130340438
3059		199.815	125.67276220381
3060		199.855	125.51633461209
3061		199.895	125.38672261575
3062		199.935	125.24711302092
3063		199.975	125.04960791505
3064		200.015	128.16277968729
3065		200.055	124.82289204432
3066		200.095	124.94768386182
3067		200.135	-nan
3068		200.175	-nan
3069		200.215	-nan
3070		200.255	-nan
3071		200.295	-nan
3072		200.335	-nan
3073		200.375	-nan
3074		200.415	-nan
3075		200.455	-nan
3076		200.495	-nan
3077		200.535	123.29330358192
3078		200.575	122.79802566057
3079		200.615	122.54809080445
3080		200.655	122.42632210676
3081		200.695	122.36607301705
3082		200.735	122.21407640916
3083		200.775	122.11654728925
3084		200.815	121.97715194325
3085		200.855	121.87600798718
3086		200.895	121.79514916533
3087		200.935	121.72117339011
3088		200.975	-nan
3089		201.015	121.41527771783
3090		201.055	121.24193062417
3091		201.095	121.08687152754
3092		201.135	120.90908773425
3093		201.175	120.69475657613
3094		201.215	120.48182941989
3095		201.255	120.22871433734
3096		201.295	119.96452109127
3097		201.335	119.78753968443
3098		201.375	119.77686823278
3099		201.415	-nan
3100		201.455	-nan
3101		201.495	-nan
3102		201.535	-nan
3103		201.575	-nan
3104		201.615	-nan
3105		201.655	-nan
3106		201.695	-nan
3107		201.735	-nan
3108		201.775	-nan
3109		201.815	118.31357925543
3110		201.855	117.91714107554
3111		201.895	117.68126166108
3112		201.935	117.56148917865
3113		201.975	117.40070076165
3114		202.015	117.23494010123
3115		202.055	117.06706080051
3116		202.095	116.89199219934
3117		202.135	116.73199930366
3118		202.175	116.58841471332
3119		202.215	116.54917701094
3120		202.255	-nan
3121		202.295	116.072623026
3122		202.335	115.94942194256
3123		202.375	115.81733345789
3124		202.415	115.7013638107
3125		202.455	115.63368860342
3126		202.495	115.45647629293
3127		202.535	115.3228605841
3128		202.575	115.17686298324
3129		202.615	115.07702826935
3130		202.655	115.12493824536
3131		202.695	-nan
3132		202.735	-nan
3133		202.775	-nan
3134		202.815	-nan
3135		202.855	-nan
3136		202.895	-nan
3137		202.935	-nan
3138		202.975	-nan
3139		203.015	-nan
3140		203.055	-nan
3141		203.095	113.22669251663
3142		203.135	112.90821197085
3143		203.175	112.7383946367
3144		203.215	112.66024395165
3145		203.255	112.61830997217
3146		203.295	112.56526823694
3147		203.335	112.47248380449
3148		203.375	112.4004210383
3149		203.415	112.3097995269
3150		203.455	112.20212394012
3151		203.495	112.0986512093
3152		203.535	-nan
3153		203.575	111.76853310395
3154		203.615	111.62376374604
3155		203.655	111.46889999403
3156		203.695	111.30138949071
3157		203.735	111.14802617974
3158		203.775	110.99388554092
3159		203.815	110.82494358524
3160		203.855	110.6675074172
3161		203.895	110.56440933308
3162		203.935	110.62437570201
3163		203.975	-nan
3164		204.015	-nan
3165		204.055	-nan
3166		204.095	-nan
3167		204.135	-nan
3168		204.175	-nan
3169		204.215	-nan
3170		204.255	-nan
3171		204.295	-nan
3172		204.335	-nan
3173		204.375	109.59866345472
3174		204.415	109.26887035216
3175		204.455	109.09822652473
3176		204.495	108.98671346293
3177		204.535	108.86758078649
3178		204.575	108.78525211292
3179		204.615	108.67061385295
3180		204.655	108.59451958722
3181		204.695	108.5353890807
3182		204.735	108.48221501503
3183		204.775	108.41903506036
3184		204.815	-nan
3185		204.855	108.31419135806
3186		204.895	108.3267847307
3187		204.935	108.27920221369
3188		204.975	108.24958454401
3189		205.015	108.19731319631
3190		205.055	108.12357903171
3191		205.095	107.99755668103
3192		205.135	107.858698401
3193		205.175	107.78226417858
3194		205.215	107.81011465253
3195		205.255	-nan
3196		205.295	-nan
3197		205.335	-nan
3198		205.375	-nan
3199		205.415	-nan
3200		205.455	-nan
3201		205.495	-nan
3202		205.535	-nan
3203		205.575	-nan
3204		205.615	-nan
3205		205.655	106.7296668728
3206		205.695	106.5031170211
3207		205.735	106.42481106878
3208		205.775	106.425706632
3209		205.815	106.42735304914
3210		205.855	106.40426678399
3211		205.895	106.34814264196
3212		205.935	106.28312948005
3213		205.975	106.23790374019
3214		206.015	106.16088031659
3215		206.055	106.0638404803
3216		206.095	-nan
3217		206.135	105.87108203984
3218		206.175	105.86791174356
3219		206.215	105.74766578818
3220		206.255	105.7220046838
3221		206.295	105.60794675862
3222		206.335	105.5361554774
3223		206.375	105.48529664363
3224		206.415	105.42596947248
3225		206.455	105.40403406131
3226		206.495	105.61213952737
3227		206.535	-nan
3228		206.575	-nan
3229		206.615	-nan
3230		206.655	-nan
3231		206.695	-nan
3232		206.735	-nan
3233		206.775	-nan
3234		206.815	-nan
3235		206.855	-nan
3236		206.895	-nan
3237		206.935	92.225625512944
3238		206.975	91.528863306431
3239		207.015	91.356113149058
3240		207.055	91.261076616007
3241		207.095	91.280970096709
3242		207.135	91.249440105634
3243		207.175	91.185430587366
3244		207.215	91.164475123533
3245		207.255	91.142712679199
3246		207.295	91.163244443115
3247		207.335	91.193005250936
3248		207.375	-nan
3249		207.415	91.182669518584
3250		207.455	91.146839504078
3251		207.495	91.112860771465
3252		207.535	91.114603916466
3253		207.575	91.106050167881
3254		207.615	91.068680129724
3255		207.655	91.015178064928
3256		207.695	90.879506570469
3257		207.735	90.912677899462
3258		207.775	91.315971737128
3259		207.815	-nan
3260		207.855	-nan
3261		207.895	-nan
3262		207.935	-nan
3263		207.975	-nan
3264		208.015	-nan
3265		208.055	-nan
3266		208.095	-nan
3267		208.135	-nan
3268		208.175	-nan
3269		208.215	91.089622429413
3270		208.255	90.44637547176
3271		208.295	90.254559965075
3272		208.335	90.558691067887
3273		208.375	90.239777534513
3274		208.415	90.189023719125
3275		208.455	90.095580201293
3276		208.495	90.004221310192
3277		208.535	89.955227501983
3278		208.575	89.923645989191
3279		208.615	89.888670362924
3280		208.655	-nan
3281		208.695	89.773658716427
3282		208.735	89.715437196488
3283		208.775	89.667905120307
3284		208.815	89.677907361085
3285		208.855	89.670823126608
3286		208.895	89.655336969801
3287		208.935	89.608163437064
3288		208.975	89.526510274985
3289		209.015	89.604424681235
3290		209.055	90.030738273989
3291		209.095	-nan
3292		209.135	-nan
3293		209.175	-nan
3294		209.215	-nan
3295		209.255	-nan
3296		209.295	-nan
3297		209.335	-nan
3298		209.375	-nan
3299		209.415	-nan
3300		209.455	-nan
3301		209.495	89.419821884828
3302		209.535	88.791130250004
3303		209.575	88.574756854936
3304		209.615	88.554278847955
3305		209.655	88.600670487132
3306		209.695	88.531261248741
3307		209.735	88.478737440248
3308		209.775	88.415115644492
3309		209.815	88.373494770549
3310		209.855	88.379063016239
3311		209.895	88.377980448377
3312		209.935	-nan
3313		209.975	88.207811083437
3314		210.015	88.125027590507
3315		210.055	88.032573036936
3316		210.095	87.985896583265
3317		210.135	87.927116506397
3318		210.175	87.857116818595
3319		210.215	87.733031961514
3320		210.255	87.619934091945
3321		210.295	87.626846084479
3322		210.335	88.031753650747
3323		210.375	-nan
3324		210.415	-nan
3325		210.455	-nan
3326		210.495	-nan
3327		210.535	-nan
3328		210.575	-nan
3329		210.615	-nan
3330		210.655	-nan
3331		210.695	-nan
3332		210.735	-nan
3333		210.775	87.356706087097
3334		210.815	86.720100872498
3335		210.855	86.44999621292
3336		210.895	86.354273045486
3337		210.935	86.287449989495
3338		210.975	86.178597333925
3339		211.015	86.076631836317
3340		211.055	85.977469338322
3341		211.095	85.847925852406
3342		211.135	85.809808929641
3343		211.175	85.72728827397
3344		211.215	-nan
3345		211.255	85.54977150249
3346		211.295	85.471741750003
3347		211.335	85.415664606277
3348		211.375	85.354008911433
3349		211.415	85.317861985238
3350		211.455	85.245188161391
3351		211.495	85.137790795856
3352		211.535	85.015382203916
3353		211.575	85.010030639532
3354		211.615	85.318819465667
3355		211.655	-nan
3356		211.695	-nan
3357		211.735	-nan
3358		211.775	-nan
3359		211.815	-nan
3360		211.855	-nan
3361		211.895	-nan
3362		211.935	-nan
3363		211.975	-nan
3364		212.015	-nan
3365		212.055	84.316180120457
3366		212.095	83.72327169926
3367		212.135	83.503354236902
3368		212.175	83.453894349703
3369		212.215	83.41357466558
3370		212.255	83.313975122455
3371		212.295	83.210563342936
3372		212.335	83.073480499918
3373		212.375	82.97392910654
3374		212.415	82.888025133388
3375		212.455	82.846109319741
3376		212.495	-nan
3377		212.535	82.545984995858
3378		212.575	82.398344693313
3379		212.615	82.284173950943
3380		212.655	82.21211842651
3381		212.695	82.103437248035
3382		212.735	81.998259275148
3383		212.775	81.878999099792
3384		212.815	81.767304598607
3385		212.855	81.727894867558
3386		212.895	82.000247859657
3387		212.935	-nan
3388		212.975	-nan
3389		213.015	-nan
3390		213.055	-nan
3391		213.095	-nan
3392		213.135	-nan
3393		213.175	-nan
3394		213.215	-nan
3395		213.255	-nan
3396		213.295	-nan
3397		213.335	80.95711669
3398		213.375	80.367345176529
3399		213.415	80.117816431586
3400		213.455	80.012965115772
3401		213.495	79.893937521723
3402		213.535	79.764773469203
3403		213.575	79.635887215978
3404		213.615	79.513955463619
3405		213.655	79.414851381483
3406		213.695	79.358348109527
3407		213.735	79.29057710693
3408		213.775	-nan
3409		213.815	79.10706594483
3410		213.855	79.050080170568
3411		213.895	78.914632560541
3412		213.935	78.849571805742
3413		213.975	78.772322158145
3414		214.015	78.668047498886
3415		214.055	78.533085221532
3416		214.095	78.393363763728
3417		214.135	78.336155499813
3418		214.175	78.518753365117
3419		214.215	-nan
3420		214.255	-nan
3421		214.295	-nan
3422		214.335	-nan
3423		214.375	-nan
3424		214.415	-nan
3425		214.455	-nan
3426		214.495	-nan
3427		214.535	-nan
3428		214.575	-nan
3429		214.615	77.440449529104
3430		214.655	76.97482446205
3431		214.695	76.733036684518
3432		214.735	76.633896439225
3433		214.775	76.641936984354
3434		214.815	76.424075403831
3435		214.855	76.277994555895
3436		214.895	76.143815528658
3437		214.935	76.019627087201
3438		214.975	75.924495107534
3439		215.015	75.830895454532
3440		215.055	-nan
3441		215.095	75.549657077148
3442		215.135	75.436345051197
3443		215.175	75.3279865776
3444		215.215	75.255424500336
3445		215.255	75.192486044107
3446		215.295	75.115406120138
3447		215.335	75.053042749829
3448		215.375	74.927929984868
3449		215.415	74.937654174568
3450		215.455	75.103111354219
3451		215.495	-nan
3452		215.535	-nan
3453		215.575	-nan
3454		215.615	-nan
3455		215.655	-nan
3456		215.695	-nan
3457		215.735	-nan
3458		215.775	-nan
3459		215.815	-nan
3460		215.855	-nan
3461		215.895	74.078187304224
3462		215.935	73.634030125051
3463		215.975	73.399202255933
3464		216.015	73.348651931951
3465		216.055	73.266553406272
3466		216.095	73.177183912557
3467		216.135	73.081962251312
3468		216.175	72.98409799869
3469		216.215	72.911311031983
3470		216.255	72.855865960359
3471		216.295	72.788657292731
3472		216.335	-nan
3473		216.375	72.594834025615
3474		216.415	72.503737108032
3475		216.455	72.417359722552
3476		216.495	72.337332907576
3477		216.535	72.269855920886
3478		216.575	72.23329061442
3479		216.615	72.068164966763
3480		216.655	71.97580997215
3481		216.695	71.912150433859
3482		216.735	72.073552131534
3483		216.775	-nan
3484		216.815	-nan
3485		216.855	-nan
3486		216.895	-nan
3487		216.935	-nan
3488		216.975	-nan
3489		217.015	-nan
3490		217.055	-nan
3491		217.095	-nan
3492		217.135	-nan
3493		217.175	71.375889272387
3494		217.215	70.991241830071
3495		217.255	70.796260310068
3496		217.295	70.723360779
3497		217.335	70.645589648734
3498		217.375	70.554300038324
3499		217.415	70.510993266591
3500		217.455	70.342389516638
3501		217.495	70.253681428507
3502		217.535	70.194085576157
3503		217.575	70.141676549347
3504		217.615	-nan
3505		217.655	70.015450224981
3506		217.695	69.943626461525
3507		217.735	69.896773377113
3508		217.775	69.879059021025
3509		217.815	69.849799757457
3510		217.855	69.825215746356
3511		217.895	69.749069567273
3512		217.935	69.688931299956
3513		217.975	69.722884854704
3514		218.015	69.85302012499
3515		218.055	-nan
3516		218.095	-nan
3517		218.135	-nan
3518		218.175	-nan
3519		218.215	-nan
3520		218.255	-nan
3521		218.295	-nan
3522		218.335	-nan
3523		218.375	-nan
3524		218.415	-nan
3525		218.455	69.119253353748
3526		218.495	68.798094811793
3527		218.535	68.643314291423
3528		218.575	68.627254737204
3529		218.615	68.587900625306
3530		218.655	68.515051227076
3531		218.695	68.440924011703
3532		218.735	68.382429480989
3533		218.775	68.334094784527
3534		218.815	68.281782646839
3535		218.855	68.211164524182
3536		218.895	-nan
3537		218.935	68.059213922892
3538		218.975	67.980086602373
3539		219.015	67.947711642403
3540		219.055	67.872199598803
3541		219.095	67.824182514442
3542		219.135	67.80327148663
3543		219.175	67.716121806956
3544		219.215	67.647513119902
3545		219.255	67.656782596542
3546		219.295	67.836032585481
3547		219.335	-nan
3548		219.375	-nan
3549		219.415	-nan
3550		219.455	-nan
3551		219.495	-nan
3552		219.535	-nan
3553		219.575	-nan
3554		219.615	-nan
3555		219.655	-nan
3556		219.695	-nan
3557		219.735	67.3664811154
3558		219.775	67.02216406085
3559		219.815	66.862871928267
3560		219.855	66.791890024871
3561		219.895	66.735529582899
3562		219.935	66.668357912973
3563		219.975	66.580711585818
3564		220.015	66.522705875508
3565		220.055	66.469258497933
3566		220.095	66.444135999953
3567		220.135	66.394108731411
3568		220.175	-nan
3569		220.215	66.304503401591
3570		220.255	66.254281939808
3571		220.295	66.212492889927
3572		220.335	66.190650153341
3573		220.375	66.156912361286
3574		220.415	66.124731344943
3575		220.455	66.049310485133
3576		220.495	65.968668578889
3577		220.535	65.960119212348
3578		220.575	66.075551527766
3579		220.615	-nan
3580		220.655	-nan
3581		220.695	-nan
3582		220.735	-nan
3583		220.775	-nan
3584		220.815	-nan
3585		220.855	-nan
3586		220.895	-nan
3587		220.935	-nan
3588		220.975	-nan
3589		221.015	65.509492267109
3590		221.055	65.211394680209
3591		221.095	65.087954911749
3592		221.135	65.037970371223
3593		221.175	64.990709318019
3594		221.215	64.929417566023
3595		221.255	64.848375518733
3596		221.295	64.766992564915
3597		221.335	64.728120363653
3598		221.375	64.635475065768
3599		221.415	64.556881672953
3600		221.455	-nan
3601		221.495	64.386587822225
3602		221.535	64.300280169025
3603		221.575	64.23275100036
3604		221.615	64.191152881354
3605		221.655	64.147841989802
3606		221.695	64.112413852234
3607		221.735	64.044066785134
3608		221.775	63.96758664843
3609		221.815	63.962361335049
3610		221.855	64.096015723668
3611		221.895	-nan
3612		221.935	-nan
3613		221.975	-nan
3614		222.015	-nan
3615		222.055	-nan
3616		222.095	-nan
3617		222.135	-nan
3618		222.175	-nan
3619		222.215	-nan
3620		222.255	-nan
3621		222.295	63.387688154033
3622		222.335	63.082264947303
3623		222.375	62.936396833854
3624		222.415	62.857428054736
3625		222.455	62.795567973484
3626		222.495	62.722137811903
3627		222.535	62.637041247855
3628		222.575	62.564750343939
3629		222.615	62.49749483043
3630		222.655	62.45116568449
3631		222.695	62.370094245003
3632		222.735	-nan
3633		222.775	62.192471308096
3634		222.815	62.109129621787
3635		222.855	62.071804009164
3636		222.895	61.956492171916
3637		222.935	61.878127157905
3638		222.975	61.795333741519
3639		223.015	61.68066917918
3640		223.055	61.575555425208
3641		223.095	61.526866730396
3642		223.135	61.590539177569
3643		223.175	-nan
3644		223.215	-nan
3645		223.255	-nan
3646		223.295	-nan
3647		223.335	-nan
3648		223.375	-nan
3649		223.415	-nan
3650		223.455	-nan
3651		223.495	-nan
3652		223.535	-nan
3653		223.575	54.781789943024
3654		223.615	54.283362452294
3655		223.655	54.082601592458
3656		223.695	54.024794723399
3657		223.735	53.960862029929
3658		223.775	53.889156402586
3659		223.815	53.787657836786
3660		223.855	53.679705274503
3661		223.895	53.597267356428
3662		223.935	53.531883949567
3663		223.975	53.474579797055
3664		224.015	-nan
3665		224.055	53.290513969992
3666		224.095	53.206604705195
3667		224.135	53.162596665288
3668		224.175	53.092860300669
3669		224.215	53.05048823697
3670		224.255	52.990649835405
3671		224.295	52.92872517457
3672		224.335	52.822934094622
3673		224.375	52.822634485866
3674		224.415	53.060252575091
3675		224.455	-nan
3676		224.495	-nan
3677		224.535	-nan
3678		224.575	-nan
3679		224.615	-nan
3680		224.655	-nan
3681		224.695	-nan
3682		224.735	-nan
3683		224.775	-nan
3684		224.815	-nan
3685		224.855	52.46672657178
3686		224.895	52.01849874403
3687		224.935	51.837995183996
3688		224.975	51.78546769439
3689		225.015	52.036631568204
3690		225.055	51.682133543033
3691		225.095	51.580975597386
3692		225.135	51.4660059928
3693		225.175	51.381329701792
3694		225.215	51.315252887114
3695		225.255	51.235946841021
3696		225.295	-nan
3697		225.335	51.026657235331
3698		225.375	50.926760220987
3699		225.415	50.835461632662
3700		225.455	50.787736109496
3701		225.495	50.69285113347
3702		225.535	50.62085659024
3703		225.575	50.51045181741
3704		225.615	50.411591942954
3705		225.655	50.434331168837
3706		225.695	50.597308677377
3707		225.735	-nan
3708		225.775	-nan
3709		225.815	-nan
3710		225.855	-nan
3711		225.895	-nan
3712		225.935	-nan
3713		225.975	-nan
3714		226.015	-nan
3715		226.055	-nan
3716		226.095	-nan
3717		226.135	49.975282911659
3718		226.175	49.551754348261
3719		226.215	49.36541695066
3720		226.255	49.289728690671
3721		226.295	49.214313172525
3722		226.335	49.127033636439
3723		226.375	49.010322911284
3724		226.415	48.914985948085
3725		226.455	48.832219914345
3726		226.495	48.7576082531
3727		226.535	48.688914017049
3728		226.575	-nan
3729		226.615	48.518333633672
3730		226.655	48.419556165863
3731		226.695	48.343290169311
3732		226.735	48.27850170703
3733		226.775	48.207839244561
3734		226.815	48.140062432671
3735		226.855	48.066177900053
3736		226.895	48.023498822383
3737		226.935	47.944650576433
3738		226.975	48.064453543367
3739		227.015	-nan
3740		227.055	-nan
3741		227.095	-nan
3742		227.135	-nan
3743		227.175	-nan
3744		227.215	-nan
3745		227.255	-nan
3746		227.295	-nan
3747		227.335	-nan
3748		227.375	-nan
3749		227.415	47.378873627439
3750		227.455	46.984294909888
3751		227.495	46.838455938444
3752		227.535	46.790545779936
3753		227.575	46.699427249355
3754		227.615	46.627519556904
3755		227.655	46.528648678242
3756		227.695	46.419718404044
3757		227.735	46.331279504837
3758		227.775	46.267948244065
3759		227.815	46.168999236957
3760		227.855	-nan
3761		227.895	45.95417110295
3762		227.935	45.858777517835
3763		227.975	45.788262382759
3764		228.015	45.704257545403
3765		228.055	45.639572801687
3766		228.095	45.587477763754
3767		228.135	45.474749201073
3768		228.175	45.393095105801
3769		228.215	45.368498749789
3770		228.255	45.499222680478
3771		228.295	-nan
3772		228.335	-nan
3773		228.375	-nan
3774		228.415	-nan
3775		228.455	-nan
3776		228.495	-nan
3777		228.535	-nan
3778		228.575	-nan
3779		228.615	-nan
3780		228.655	-nan
3781		228.695	44.838114468035
3782		228.735	44.514063730376
3783		228.775	44.364906701579
3784		228.815	44.313273246605
3785		228.855	44.240777484747
3786		228.895	44.17933640656
3787		228.935	44.098206737554
3788		228.975	44.003314020646
3789		229.015	43.941816904656
3790		229.055	43.872131993527
3791		229.095	43.893859174457
3792		229.135	-nan
3793		229.175	43.658638850482
3794		229.215	43.584097417283
3795		229.255	43.498872161392
3796		229.295	43.431592524849
3797		229.335	43.374504401473
3798		229.375	43.297570995638
3799		229.415	43.205816555954
3800		229.455	43.120382323558
3801		229.495	43.084568175836
3802		229.535	43.180238713707
3803		229.575	-nan
3804		229.615	-nan
3805		229.655	-nan
3806		229.695	-nan
3807		229.735	-nan
3808		229.775	-nan
3809		229.815	-nan
3810		229.855	-nan
3811		229.895	-nan
3812		229.935	-nan
3813		229.975	42.599475230654
3814		230.015	42.311967398916
3815		230.055	42.192528403248
3816		230.095	42.124980928708
3817		230.135	42.066993713766
3818		230.175	41.996687089694
3819		230.215	41.910706230899
3820		230.255	41.827877815124
3821		230.295	41.789561676765
3822		230.335	41.684483552683
3823		230.375	41.618422804532
3824		230.415	-nan
3825		230.455	41.4549563415
3826		230.495	41.387218368381
3827		230.535	41.328556791795
3828		230.575	41.268183367993
3829		230.615	41.227865830388
3830		230.655	41.176543331876
3831		230.695	41.109868119764
3832		230.735	41.045609259963
3833		230.775	41.023943943608
3834		230.815	41.120076137981
3835		230.855	-nan
3836		230.895	-nan
3837		230.935	-nan
3838		230.975	-nan
3839		231.015	-nan
