0				72.335	-nan
1				72.375	-nan
2				72.415	-nan
3				72.455	-nan
4				72.495	-nan
5				72.535	105.70147393422
6				72.575	106.02328750811
7				72.615	106.55136928279
8				72.655	107.17059302456
9				72.695	107.83241040672
10			72.735	108.45228861535
11			72.775	109.06945678887
12			72.815	109.72808428649
13			72.855	110.38049615376
14			72.895	111.04607534659
15			72.935	111.79074287376
16			72.975	-nan
17			73.015	113.40673364562
18			73.055	114.22637317032
19			73.095	114.93863150645
20			73.135	115.69856048773
21			73.175	116.46306853449
22			73.215	117.2104934028
23			73.255	117.9214163737
24			73.295	118.70145114735
25			73.335	119.50930067684
26			73.375	120.46767175643
27			73.415	-nan
28			73.455	-nan
29			73.495	-nan
30			73.535	-nan
31			73.575	-nan
32			73.615	-nan
33			73.655	-nan
34			73.695	-nan
35			73.735	-nan
36			73.775	-nan
37			73.815	129.90629436882
38			73.855	130.55740295817
39			73.895	131.45488618874
40			73.935	132.4425153399
41			73.975	133.41435508995
42			74.015	134.41291789264
43			74.055	135.3718800451
44			74.095	136.3165870512
45			74.135	137.33155300518
46			74.175	138.34789423422
47			74.215	139.35397445969
48			74.255	-nan
49			74.295	141.77042758177
50			74.335	142.87441835719
51			74.375	144.00410311052
52			74.415	145.13580780091
53			74.455	146.29757616508
54			74.495	147.52954650114
55			74.535	148.72598449868
56			74.575	149.91067900292
57			74.615	151.22984027402
58			74.655	152.71934349346
59			74.695	-nan
60			74.735	-nan
61			74.775	-nan
62			74.815	-nan
63			74.855	-nan
64			74.895	-nan
65			74.935	-nan
66			74.975	-nan
67			75.015	-nan
68			75.055	-nan
69			75.095	166.65726915044
70			75.135	167.65449498667
71			75.175	168.9463898125
72			75.215	170.46415793637
73			75.255	171.90792892873
74			75.295	173.36716385185
75			75.335	174.8614798878
76			75.375	176.33419130224
77			75.415	177.81212233363
78			75.455	179.36237413863
79			75.495	180.84365810913
80			75.535	-nan
81			75.575	184.36453201199
82			75.615	185.88551819288
83			75.655	187.43147802218
84			75.695	189.04429797133
85			75.735	190.6312573471
86			75.775	192.20878751922
87			75.815	193.83209719112
88			75.855	195.36902855739
89			75.895	197.01493730932
90			75.935	198.93846174715
91			75.975	-nan
92			76.015	-nan
93			76.055	-nan
94			76.095	-nan
95			76.135	-nan
96			76.175	-nan
97			76.215	-nan
98			76.255	-nan
99			76.295	-nan
100			76.335	-nan
101			76.375	217.81475972042
102			76.415	219.11527328771
103			76.455	220.68998704103
104			76.495	222.40373779664
105			76.535	224.14224116138
106			76.575	225.75529237902
107			76.615	227.38272651875
108			76.655	229.06528090381
109			76.695	230.7119098107
110			76.735	232.37672561204
111			76.775	234.16408392759
112			76.815	-nan
113			76.855	238.1019547384
114			76.895	239.87135195416
115			76.935	241.58672169045
116			76.975	243.34887561971
117			77.015	245.13760986494
118			77.055	246.86568577715
119			77.095	248.50941938771
120			77.135	250.22270326375
121			77.175	251.93930089639
122			77.215	253.90284184172
123			77.255	-nan
124			77.295	-nan
125			77.335	-nan
126			77.375	-nan
127			77.415	-nan
128			77.455	-nan
129			77.495	-nan
130			77.535	-nan
131			77.575	-nan
132			77.615	-nan
133			77.655	270.73693952515
134			77.695	271.60265759782
135			77.735	272.90416989627
136			77.775	274.33183149895
137			77.815	275.74300630791
138			77.855	277.1536676587
139			77.895	278.45454573793
140			77.935	279.7481318159
141			77.975	281.08594877963
142			78.015	282.38905371034
143			78.055	283.62017621862
144			78.095	-nan
145			78.135	286.30236040892
146			78.175	287.41029407466
147			78.215	288.49257393165
148			78.255	289.55330672094
149			78.295	290.61048087885
150			78.335	291.7274119454
151			78.375	292.67874425042
152			78.415	293.68174901602
153			78.455	294.81512226033
154			78.495	296.27125064436
155			78.535	-nan
156			78.575	-nan
157			78.615	-nan
158			78.655	-nan
159			78.695	-nan
160			78.735	-nan
161			78.775	-nan
162			78.815	-nan
163			78.855	-nan
164			78.895	-nan
165			78.935	305.19695578897
166			78.975	305.04764695543
167			79.015	305.28156065745
168			79.055	305.70349550229
169			79.095	306.09605125137
170			79.135	306.54304105564
171			79.175	306.99872683305
172			79.215	307.49065717651
173			79.255	307.99688474052
174			79.295	308.5823950351
175			79.335	309.03116877181
176			79.375	-nan
177			79.415	309.9847693402
178			79.455	310.39831627745
179			79.495	310.7026265686
180			79.535	311.05043864922
181			79.575	311.29846228124
182			79.615	311.46063981461
183			79.655	311.53685953223
184			79.695	311.49348826504
185			79.735	311.538981846
186			79.775	312.01629022024
187			79.815	-nan
188			79.855	-nan
189			79.895	-nan
190			79.935	-nan
191			79.975	-nan
192			80.015	-nan
193			80.055	-nan
194			80.095	-nan
195			80.135	-nan
196			80.175	-nan
197			80.215	312.41571551544
198			80.255	311.79842026434
199			80.295	311.51725662533
200			80.335	311.43505740618
201			80.375	311.34216732894
202			80.415	311.19980071521
203			80.455	310.94560259721
204			80.495	310.67000864124
205			80.535	310.35824680153
206			80.575	310.07459005558
207			80.615	309.67826517313
208			80.655	-nan
209			80.695	309.02930168524
210			80.735	308.86241683765
211			80.775	308.70415636976
212			80.815	308.64800556138
213			80.855	308.58054379369
214			80.895	308.42783305602
215			80.935	308.30854184981
216			80.975	308.08409651095
217			81.015	308.04119809795
218			81.055	308.34149480911
219			81.095	-nan
220			81.135	-nan
221			81.175	-nan
222			81.215	-nan
223			81.255	-nan
224			81.295	-nan
225			81.335	-nan
226			81.375	-nan
227			81.415	-nan
228			81.455	-nan
229			81.495	305.17531867971
230			81.535	304.39627430818
231			81.575	304.04532440637
232			81.615	303.88461697678
233			81.655	303.7927054559
234			81.695	303.71779275954
235			81.735	303.61473910131
236			81.775	303.54220979548
237			81.815	303.42970414806
238			81.855	303.35681176303
239			81.895	303.13338013744
240			81.935	-nan
241			81.975	302.7987970665
242			82.015	302.66143524566
243			82.055	302.44004526514
244			82.095	302.26399978333
245			82.135	302.02643648688
246			82.175	301.74039349857
247			82.215	301.46314357326
248			82.255	301.28496527885
249			82.295	301.25694595765
250			82.335	301.65233991494
251			82.375	-nan
252			82.415	-nan
253			82.455	-nan
254			82.495	-nan
255			82.535	-nan
256			82.575	-nan
257			82.615	-nan
258			82.655	-nan
259			82.695	-nan
260			82.735	-nan
261			82.775	302.12658063003
262			82.815	301.53952665831
263			82.855	301.24374397032
264			82.895	301.14173443664
265			82.935	301.11159112504
266			82.975	301.12626064542
267			83.015	301.13401611322
268			83.055	301.18057112156
269			83.095	301.26119447671
270			83.135	301.41189687464
271			83.175	301.53827555091
272			83.215	-nan
273			83.255	302.09667081971
274			83.295	302.43810042787
275			83.335	302.76322937473
276			83.375	303.09513605792
277			83.415	303.38587017088
278			83.455	303.69090241063
279			83.495	303.95545820755
280			83.535	304.11716883029
281			83.575	304.44802917488
282			83.615	305.01672429805
283			83.655	-nan
284			83.695	-nan
285			83.735	-nan
286			83.775	-nan
287			83.815	-nan
288			83.855	-nan
289			83.895	-nan
290			83.935	-nan
291			83.975	-nan
292			84.015	-nan
293			84.055	307.90205618305
294			84.095	307.87345883664
295			84.135	308.22164448165
296			84.175	308.76293613536
297			84.215	309.37591015433
298			84.255	309.95606455577
299			84.295	310.46831643892
300			84.335	310.82270814202
301			84.375	311.19430886326
302			84.415	311.53966667991
303			84.455	311.83601043819
304			84.495	-nan
305			84.535	312.82227645463
306			84.575	313.30174071222
307			84.615	313.70806564626
308			84.655	314.24102893826
309			84.695	314.74216237094
310			84.735	315.28435167316
311			84.775	315.81744206927
312			84.815	316.50122447555
313			84.855	317.22793839481
314			84.895	318.36260315326
315			84.935	-nan
316			84.975	-nan
317			85.015	-nan
318			85.055	-nan
319			85.095	-nan
320			85.135	-nan
321			85.175	-nan
322			85.215	-nan
323			85.255	-nan
324			85.295	-nan
325			85.335	325.55602119239
326			85.375	325.45801259842
327			85.415	325.85118249492
328			85.455	326.4654852356
329			85.495	327.15778279329
330			85.535	327.89775154476
331			85.575	328.61531159678
332			85.615	329.32537042685
333			85.655	330.13166311304
334			85.695	330.97973279294
335			85.735	331.86396395431
336			85.775	-nan
337			85.815	334.07901134138
338			85.855	335.03546893383
339			85.895	335.82122656571
340			85.935	336.60153726025
341			85.975	337.2738936071
342			86.015	337.89580581188
343			86.055	338.43814701744
344			86.095	338.98032280324
345			86.135	339.73889680632
346			86.175	340.8193314865
347			86.215	-nan
348			86.255	-nan
349			86.295	-nan
350			86.335	-nan
351			86.375	-nan
352			86.415	-nan
353			86.455	-nan
354			86.495	-nan
355			86.535	-nan
356			86.575	-nan
357			86.615	350.0369230254
358			86.655	350.32144026069
359			86.695	351.02602945104
360			86.735	351.81679862942
361			86.775	352.58313762379
362			86.815	353.20003433992
363			86.855	353.73266704792
364			86.895	354.21185811157
365			86.935	354.62500073799
366			86.975	355.1971251268
367			87.015	355.77366587185
368			87.055	-nan
369			87.095	357.44237684834
370			87.135	358.27155819701
371			87.175	359.01910156835
372			87.215	359.83102933266
373			87.255	360.63863263815
374			87.295	361.52695417585
375			87.335	362.42793143656
376			87.375	363.3566622423
377			87.415	364.43188230838
378			87.455	365.70434983316
379			87.495	-nan
380			87.535	-nan
381			87.575	-nan
382			87.615	-nan
383			87.655	-nan
384			87.695	-nan
385			87.735	-nan
386			87.775	-nan
387			87.815	-nan
388			87.855	-nan
389			87.895	370.54764401988
390			87.935	370.33055629974
391			87.975	370.66097542383
392			88.015	371.46695911309
393			88.055	372.00783791791
394			88.095	372.68731328926
395			88.135	373.3104977837
396			88.175	373.88219690505
397			88.215	374.42476323659
398			88.255	374.94809373553
399			88.295	375.4370079705
400			88.335	-nan
401			88.375	376.3248942325
402			88.415	376.49504778897
403			88.455	376.85941804616
404			88.495	377.54271119281
405			88.535	377.09107665645
406			88.575	376.76636402768
407			88.615	376.95822788577
408			88.655	377.17097247423
409			88.695	377.52055582882
410			88.735	378.21839983682
411			88.775	-nan
412			88.815	-nan
413			88.855	-nan
414			88.895	-nan
415			88.935	-nan
416			88.975	-nan
417			89.015	-nan
418			89.055	-nan
419			89.095	-nan
420			89.135	-nan
421			89.175	380.6593743838
422			89.215	379.77307658192
423			89.255	379.30890122726
424			89.295	379.09108246283
425			89.335	378.90867475474
426			89.375	378.61554085551
427			89.415	378.22714330566
428			89.455	377.94191846555
429			89.495	377.84686250365
430			89.535	377.64776768684
431			89.575	377.60606266097
432			89.615	-nan
433			89.655	377.71256957429
434			89.695	377.96982804465
435			89.735	377.84006313853
436			89.775	377.7898072768
437			89.815	377.82891222277
438			89.855	377.79179677668
439			89.895	377.5770384041
440			89.935	377.24355289049
441			89.975	376.99801718751
442			90.015	376.98535162884
443			90.055	-nan
444			90.095	-nan
445			90.135	-nan
446			90.175	-nan
447			90.215	-nan
448			90.255	-nan
449			90.295	-nan
450			90.335	-nan
451			90.375	-nan
452			90.415	-nan
453			90.455	372.05531727081
454			90.495	371.57093559077
455			90.535	371.10533827115
456			90.575	370.81388398181
457			90.615	370.54497233548
458			90.655	370.10084421714
459			90.695	369.55440945732
460			90.735	368.83758052913
461			90.775	368.20241295241
462			90.815	367.51401440192
463			90.855	366.77891880154
464			90.895	-nan
465			90.935	365.1175233167
466			90.975	364.33471703224
467			91.015	363.55208631794
468			91.055	362.87750678378
469			91.095	362.29200825931
470			91.135	361.8558064474
471			91.175	361.44104053463
472			91.215	361.10442550529
473			91.255	360.92454288898
474			91.295	361.19817731311
475			91.335	-nan
476			91.375	-nan
477			91.415	-nan
478			91.455	-nan
479			91.495	-nan
480			91.535	-nan
481			91.575	-nan
482			91.615	-nan
483			91.655	-nan
484			91.695	-nan
485			91.735	354.57179883898
486			91.775	352.90624215534
487			91.815	352.02207146143
488			91.855	351.60400784251
489			91.895	351.25380195099
490			91.935	350.31868964924
491			91.975	349.27925322005
492			92.015	348.74173610198
493			92.055	349.70563002414
494			92.095	349.23642696551
495			92.135	349.18747948448
496			92.175	-nan
497			92.215	346.93871437862
498			92.255	346.48047532653
499			92.295	345.87609102547
500			92.335	345.30080552374
501			92.375	344.73379483073
502			92.415	344.15633588252
503			92.455	343.48105809083
504			92.495	343.16139091563
505			92.535	342.05611710407
506			92.575	341.67151123872
507			92.615	-nan
508			92.655	-nan
509			92.695	-nan
510			92.735	-nan
511			92.775	-nan
512			92.815	-nan
513			92.855	-nan
514			92.895	-nan
515			92.935	-nan
516			92.975	-nan
517			93.015	337.83398336603
518			93.055	337.07353816734
519			93.095	336.53054406022
520			93.135	336.02394573213
521			93.175	335.47890807152
522			93.215	334.77827924303
523			93.255	334.13170125021
524			93.295	334.71122010477
525			93.335	332.98546140835
526			93.375	332.34116484762
527			93.415	331.77340436102
528			93.455	-nan
529			93.495	330.62884732951
530			93.535	330.25911958414
531			93.575	330.01824403818
532			93.615	329.87467361334
533			93.655	332.36289841661
534			93.695	330.15359540803
535			93.735	332.05682651089
536			93.775	330.00779797749
537			93.815	329.84498036757
538			93.855	330.01223999876
539			93.895	-nan
540			93.935	-nan
541			93.975	-nan
542			94.015	-nan
543			94.055	-nan
544			94.095	-nan
545			94.135	-nan
546			94.175	-nan
547			94.215	-nan
548			94.255	-nan
549			94.295	326.8514532745
550			94.335	325.94619481524
551			94.375	325.37607019335
552			94.415	325.37827322027
553			94.455	326.99057297448
554			94.495	325.06925270263
555			94.535	327.59581439731
556			94.575	325.5701831135
557			94.615	325.67103673849
558			94.655	325.72341201841
559			94.695	325.61928248548
560			94.735	-nan
561			94.775	325.19672566435
562			94.815	325.02330683416
563			94.855	324.69753899427
564			94.895	332.56723767798
565			94.935	325.09556195411
566			94.975	324.3372435227
567			95.015	324.18875057743
568			95.055	324.05897201848
569			95.095	324.1445404252
570			95.135	324.58331876183
571			95.175	-nan
572			95.215	-nan
573			95.255	-nan
574			95.295	-nan
575			95.335	-nan
576			95.375	-nan
577			95.415	-nan
578			95.455	-nan
579			95.495	-nan
580			95.535	-nan
581			95.575	327.42248037111
582			95.615	326.94547726692
583			95.655	326.70559827383
584			95.695	326.99624982426
585			95.735	326.33338980544
586			95.775	326.19930965984
587			95.815	326.1355314073
588			95.855	326.23501295806
589			95.895	326.4040791821
590			95.935	326.64109235993
591			95.975	326.89656154212
592			96.015	-nan
593			96.055	329.72595908153
594			96.095	330.45760629834
595			96.135	330.88956525366
596			96.175	329.6260020517
597			96.215	330.12623125578
598			96.255	330.62110372252
599			96.295	331.51291648019
600			96.335	331.20578802388
601			96.375	331.33958949534
602			96.415	331.85238060303
603			96.455	-nan
604			96.495	-nan
605			96.535	-nan
606			96.575	-nan
607			96.615	-nan
608			96.655	-nan
609			96.695	-nan
610			96.735	-nan
611			96.775	-nan
612			96.815	-nan
613			96.855	335.2974546553
614			96.895	337.05189262798
615			96.935	337.15221386088
616			96.975	336.24349479744
617			97.015	336.79273104744
618			97.055	337.24991930583
619			97.095	338.00108751561
620			97.135	337.98384273195
621			97.175	338.22157763479
622			97.215	338.38028833854
623			97.255	338.3636278656
624			97.295	-nan
625			97.335	338.59914516644
626			97.375	338.74576526849
627			97.415	339.01382157473
628			97.455	339.47416672845
629			97.495	340.01590421311
630			97.535	340.6157452095
631			97.575	341.1889159803
632			97.615	341.8094506582
633			97.655	342.74655583271
634			97.695	344.96643018072
635			97.735	-nan
636			97.775	-nan
637			97.815	-nan
638			97.855	-nan
639			97.895	-nan
640			97.935	-nan
641			97.975	-nan
642			98.015	-nan
643			98.055	-nan
644			98.095	-nan
645			98.135	354.69403720539
646			98.175	348.77623991202
647			98.215	348.38803598153
648			98.255	348.78323677875
649			98.295	349.36249572685
650			98.335	349.73075180171
651			98.375	350.08750048366
652			98.415	350.69011885798
653			98.455	351.7571096564
654			98.495	353.14412884213
655			98.535	353.18823873969
656			98.575	-nan
657			98.615	353.44082814834
658			98.655	354.03218972053
659			98.695	354.71038170968
660			98.735	354.88079714072
661			98.775	355.00867674671
662			98.815	355.00409665466
663			98.855	355.53098429756
664			98.895	365.13626360498
665			98.935	358.82403079539
666			98.975	355.60584280693
667			99.015	-nan
668			99.055	-nan
669			99.095	-nan
670			99.135	-nan
671			99.175	-nan
672			99.215	-nan
673			99.255	-nan
674			99.295	-nan
675			99.335	-nan
676			99.375	-nan
677			99.415	361.02478387714
678			99.455	360.71967016838
679			99.495	360.65998130369
680			99.535	360.73690731859
681			99.575	360.77731831075
682			99.615	360.67675252619
683			99.655	367.53907115519
684			99.695	366.53127276372
685			99.735	369.29845494279
686			99.775	359.83168118852
687			99.815	359.61748230108
688			99.855	-nan
689			99.895	362.34954228891
690			99.935	359.83374443417
691			99.975	360.16197832065
692			100.015	360.54454995289
693			100.055	360.97222253855
694			100.095	364.28174473968
695			100.135	361.65906036968
696			100.175	361.63007700668
697			100.215	362.52821731174
698			100.255	362.69272458183
699			100.295	-nan
700			100.335	-nan
701			100.375	-nan
702			100.415	-nan
703			100.455	-nan
704			100.495	-nan
705			100.535	-nan
706			100.575	-nan
707			100.615	-nan
708			100.655	-nan
709			100.695	360.66830094341
710			100.735	359.74144361632
711			100.775	359.4945284395
712			100.815	359.51727917572
713			100.855	359.76126280732
714			100.895	360.93379116298
715			100.935	360.21717911024
716			100.975	359.71917625449
717			101.015	359.52572818332
718			101.055	359.53010818259
719			101.095	362.22489637143
720			101.135	-nan
721			101.175	358.12017221428
722			101.215	357.61961493433
723			101.255	358.54437287468
724			101.295	365.32335310812
725			101.335	359.00229047843
726			101.375	355.32150192117
727			101.415	354.84681924019
728			101.455	354.51776707298
729			101.495	354.81122997373
730			101.535	354.71986198321
731			101.575	-nan
732			101.615	-nan
733			101.655	-nan
734			101.695	-nan
735			101.735	-nan
736			101.775	-nan
737			101.815	-nan
738			101.855	-nan
739			101.895	-nan
740			101.935	-nan
741			101.975	352.4288333089
742			102.015	351.21482469534
743			102.055	350.32383360359
744			102.095	349.85909695687
745			102.135	349.0292824927
746			102.175	348.43323056656
747			102.215	347.81177776701
748			102.255	347.36441855589
749			102.295	347.1826459557
750			102.335	346.51089687645
751			102.375	345.84658623139
752			102.415	-nan
753			102.455	345.25752268751
754			102.495	345.31111331092
755			102.535	344.91468115826
756			102.575	344.5938246961
757			102.615	344.21496247319
758			102.655	343.80766631959
759			102.695	343.3573094678
760			102.735	342.7601468508
761			102.775	342.25317193269
762			102.815	341.99675250435
763			102.855	-nan
764			102.895	-nan
765			102.935	-nan
766			102.975	-nan
767			103.015	-nan
768			103.055	-nan
769			103.095	-nan
770			103.135	-nan
771			103.175	-nan
772			103.215	-nan
773			103.255	335.34274427952
774			103.295	334.74541780471
775			103.335	334.38101386586
776			103.375	334.21305031703
777			103.415	333.99320141375
778			103.455	333.62764612077
779			103.495	333.37481955343
780			103.535	332.82446248524
781			103.575	331.6925954456
782			103.615	330.89918686193
783			103.655	330.03574527828
784			103.695	-nan
785			103.735	328.4770620627
786			103.775	327.86989750067
787			103.815	327.26026038394
788			103.855	326.68314486601
789			103.895	326.37220313088
790			103.935	325.81900615831
791			103.975	325.54930380575
792			104.015	325.41024462117
793			104.055	325.4071267522
794			104.095	325.95143967842
795			104.135	-nan
796			104.175	-nan
797			104.215	-nan
798			104.255	-nan
799			104.295	-nan
800			104.335	-nan
801			104.375	-nan
802			104.415	-nan
803			104.455	-nan
804			104.495	-nan
805			104.535	322.17141108143
806			104.575	320.63700868551
807			104.615	320.10709793271
808			104.655	319.76969804971
809			104.695	320.34766310332
810			104.735	319.39801636081
811			104.775	319.06404608823
812			104.815	318.81825071657
813			104.855	318.7145476565
814			104.895	318.73446112427
815			104.935	318.61375203795
816			104.975	-nan
817			105.015	318.44833469924
818			105.055	318.32767638523
819			105.095	318.08850983157
820			105.135	317.54549952163
821			105.175	317.04486622946
822			105.215	316.53658471541
823			105.255	316.05629949528
824			105.295	316.20209507544
825			105.335	315.2845909584
826			105.375	315.18837391715
827			105.415	-nan
828			105.455	-nan
829			105.495	-nan
830			105.535	-nan
831			105.575	-nan
832			105.615	-nan
833			105.655	-nan
834			105.695	-nan
835			105.735	-nan
836			105.775	-nan
837			105.815	315.3360048556
838			105.855	314.97238918736
839			105.895	314.91495508994
840			105.935	314.73704886057
841			105.975	314.55203532064
842			106.015	314.20982818499
843			106.055	313.81857378054
844			106.095	316.83893618358
845			106.135	313.17723709152
846			106.175	312.68286870438
847			106.215	312.45577168702
848			106.255	-nan
849			106.295	318.33333883065
850			106.335	313.21588578489
851			106.375	312.46944499172
852			106.415	312.61285467949
853			106.455	312.8044429211
854			106.495	313.48963153113
855			106.535	313.49078558921
856			106.575	313.80242523712
857			106.615	314.0799631603
858			106.655	314.50936774798
859			106.695	-nan
860			106.735	-nan
861			106.775	-nan
862			106.815	-nan
863			106.855	-nan
864			106.895	-nan
865			106.935	-nan
866			106.975	-nan
867			107.015	-nan
868			107.055	-nan
869			107.095	314.5289385142
870			107.135	314.45298990529
871			107.175	314.7133142123
872			107.215	315.14665487819
873			107.255	315.65525030237
874			107.295	316.85507543131
875			107.335	316.38827279471
876			107.375	316.6607849769
877			107.415	316.98201400465
878			107.455	317.62269117196
879			107.495	318.14365711019
880			107.535	-nan
881			107.575	317.93054892234
882			107.615	317.9335427712
883			107.655	317.94312688054
884			107.695	320.68315693463
885			107.735	318.08955700443
886			107.775	317.74249276223
887			107.815	317.91568734801
888			107.855	318.34466888148
889			107.895	320.44337065823
890			107.935	319.60887286314
891			107.975	-nan
892			108.015	-nan
893			108.055	-nan
894			108.095	-nan
895			108.135	-nan
896			108.175	-nan
897			108.215	-nan
898			108.255	-nan
899			108.295	-nan
900			108.335	-nan
901			108.375	324.61006042889
902			108.415	324.44736877457
903			108.455	324.58273016994
904			108.495	324.72257803928
905			108.535	324.9178478741
906			108.575	325.05405778562
907			108.615	325.19325994612
908			108.655	325.44184571757
909			108.695	325.81062065929
910			108.735	326.32933458412
911			108.775	326.82210277323
912			108.815	-nan
913			108.855	328.20487082645
914			108.895	328.79855378603
915			108.935	329.3266885776
916			108.975	329.90293596521
917			109.015	330.49584291963
918			109.055	331.00479961569
919			109.095	331.43655315031
920			109.135	331.68379792926
921			109.175	331.9739692917
922			109.215	332.42465334989
923			109.255	-nan
924			109.295	-nan
925			109.335	-nan
926			109.375	-nan
927			109.415	-nan
928			109.455	-nan
929			109.495	-nan
930			109.535	-nan
931			109.575	-nan
932			109.615	-nan
933			109.655	336.94370466435
934			109.695	337.34420815836
935			109.735	337.96716440662
936			109.775	338.61776116316
937			109.815	339.17161836934
938			109.855	339.5497448183
939			109.895	339.84791314306
940			109.935	340.12966324796
941			109.975	340.35222317642
942			110.015	340.57444075312
943			110.055	340.69838195036
944			110.095	-nan
945			110.135	341.01588054084
946			110.175	341.17579923795
947			110.215	341.35480680095
948			110.255	341.66634167534
949			110.295	342.07204581818
950			110.335	342.54369995633
951			110.375	343.04488858628
952			110.415	343.49869267701
953			110.455	344.04518848726
954			110.495	344.86523648582
955			110.535	-nan
956			110.575	-nan
957			110.615	-nan
958			110.655	-nan
959			110.695	-nan
960			110.735	-nan
961			110.775	-nan
962			110.815	-nan
963			110.855	-nan
964			110.895	-nan
965			110.935	347.81762512456
966			110.975	347.54941435677
967			111.015	347.58274678229
968			111.055	347.81486711278
969			111.095	348.09658081037
970			111.135	348.4175427356
971			111.175	348.86438988606
972			111.215	349.39338420389
973			111.255	349.95576924948
974			111.295	350.5653616161
975			111.335	350.97647479001
976			111.375	-nan
977			111.415	351.77842905058
978			111.455	352.04886969742
979			111.495	352.19569877577
980			111.535	352.28563368367
981			111.575	352.40786442494
982			111.615	352.40516142481
983			111.655	352.29839437218
984			111.695	352.06743960936
985			111.735	351.9733957019
986			111.775	352.22507083947
987			111.815	-nan
988			111.855	-nan
989			111.895	-nan
990			111.935	-nan
991			111.975	-nan
992			112.015	-nan
993			112.055	-nan
994			112.095	-nan
995			112.135	-nan
996			112.175	-nan
997			112.215	354.5370328323
998			112.255	354.27516085078
999			112.295	354.12750005375
1000		112.335	354.05095592542
1001		112.375	353.91872343756
1002		112.415	353.74693174167
1003		112.455	353.39705348088
1004		112.495	353.17158110461
1005		112.535	352.91899385982
1006		112.575	352.74789926279
1007		112.615	352.39934660353
1008		112.655	-nan
1009		112.695	351.97152485062
1010		112.735	351.95432268398
1011		112.775	352.01315529657
1012		112.815	352.18983232263
1013		112.855	352.36301358103
1014		112.895	353.07464744569
1015		112.935	352.50035405789
1016		112.975	352.44794884652
1017		113.015	352.62612754449
1018		113.055	352.62419416071
1019		113.095	-nan
1020		113.135	-nan
1021		113.175	-nan
1022		113.215	-nan
1023		113.255	-nan
1024		113.295	-nan
1025		113.335	-nan
1026		113.375	-nan
1027		113.415	-nan
1028		113.455	-nan
1029		113.495	349.51931410211
1030		113.535	348.98744346801
1031		113.575	348.75663360742
1032		113.615	348.65195376412
1033		113.655	348.63651242265
1034		113.695	348.60301581192
1035		113.735	348.56617403669
1036		113.775	348.59912136623
1037		113.815	348.52440803148
1038		113.855	348.37390992706
1039		113.895	348.03086405216
1040		113.935	-nan
1041		113.975	346.98904461429
1042		114.015	346.5207507567
1043		114.055	346.0028494706
1044		114.095	345.56168599622
1045		114.135	344.91156176188
1046		114.175	344.38375157427
1047		114.215	343.72463549935
1048		114.255	343.20523884912
1049		114.295	342.90580681367
1050		114.335	342.90820085736
1051		114.375	-nan
1052		114.415	-nan
1053		114.455	-nan
1054		114.495	-nan
1055		114.535	-nan
1056		114.575	-nan
1057		114.615	-nan
1058		114.655	-nan
1059		114.695	-nan
1060		114.735	-nan
1061		114.775	340.47840201923
1062		114.815	339.53755596266
1063		114.855	338.87311031132
1064		114.895	338.28769123399
1065		114.935	337.69606654797
1066		114.975	337.29012498975
1067		115.015	336.83334451817
1068		115.055	336.46276846806
1069		115.095	336.1566173576
1070		115.135	335.83702389974
1071		115.175	335.46802671833
1072		115.215	-nan
1073		115.255	334.99180466576
1074		115.295	334.95268951635
1075		115.335	334.85234173971
1076		115.375	334.77275016546
1077		115.415	334.59988523269
1078		115.455	334.32941625331
1079		115.495	333.92127515139
1080		115.535	333.44336392518
1081		115.575	333.04697186381
1082		115.615	332.91087441016
1083		115.655	-nan
1084		115.695	-nan
1085		115.735	-nan
1086		115.775	-nan
1087		115.815	-nan
1088		115.855	-nan
1089		115.895	-nan
1090		115.935	-nan
1091		115.975	-nan
1092		116.015	-nan
1093		116.055	328.908593678
1094		116.095	328.41712525193
1095		116.135	328.18776609319
1096		116.175	328.04772518122
1097		116.215	327.91361848023
1098		116.255	327.77811908373
1099		116.295	327.57510246128
1100		116.335	327.23027772277
1101		116.375	326.87024583264
1102		116.415	326.41142550946
1103		116.455	325.81462164904
1104		116.495	-nan
1105		116.535	324.8234596559
1106		116.575	324.48234996202
1107		116.615	324.15090779474
1108		116.655	323.88518459855
1109		116.695	323.66879505976
1110		116.735	323.45787815128
1111		116.775	323.26757789354
1112		116.815	323.12824020345
1113		116.855	323.15930058226
1114		116.895	323.51855450377
1115		116.935	-nan
1116		116.975	-nan
1117		117.015	-nan
1118		117.055	-nan
1119		117.095	-nan
1120		117.135	-nan
1121		117.175	-nan
1122		117.215	-nan
1123		117.255	-nan
1124		117.295	-nan
1125		117.335	321.25901055114
1126		117.375	320.55731446578
1127		117.415	320.18893566169
1128		117.455	320.02837686413
1129		117.495	319.97608539865
1130		117.535	320.02998666167
1131		117.575	320.08235296097
1132		117.615	320.17283240572
1133		117.655	320.2564932176
1134		117.695	320.34003576782
1135		117.735	320.33678399049
1136		117.775	-nan
1137		117.815	320.50008161997
1138		117.855	320.59044386092
1139		117.895	320.61395042049
1140		117.935	320.50056334442
1141		117.975	320.35834472008
1142		118.015	320.09482487607
1143		118.055	319.82201229878
1144		118.095	319.5824342916
1145		118.135	319.48404989523
1146		118.175	319.63968995985
1147		118.215	-nan
1148		118.255	-nan
1149		118.295	-nan
1150		118.335	-nan
1151		118.375	-nan
1152		118.415	-nan
1153		118.455	-nan
1154		118.495	-nan
1155		118.535	-nan
1156		118.575	-nan
1157		118.615	320.99241071246
1158		118.655	320.75400610771
1159		118.695	320.75482221429
1160		118.735	320.85468515418
1161		118.775	320.97251259197
1162		118.815	321.07380552401
1163		118.855	321.05758380209
1164		118.895	321.0574909222
1165		118.935	320.99982160824
1166		118.975	320.94126254215
1167		119.015	320.91504016816
1168		119.055	-nan
1169		119.095	321.39633254609
1170		119.135	321.74473465637
1171		119.175	322.03019752097
1172		119.215	322.36299375498
1173		119.255	322.68188931299
1174		119.295	322.97941106923
1175		119.335	323.28128872675
1176		119.375	323.57311285257
1177		119.415	323.96357236268
1178		119.455	324.50352713179
1179		119.495	-nan
1180		119.535	-nan
1181		119.575	-nan
1182		119.615	-nan
1183		119.655	-nan
1184		119.695	-nan
1185		119.735	-nan
1186		119.775	-nan
1187		119.815	-nan
1188		119.855	-nan
1189		119.895	326.39771752838
1190		119.935	326.31673377104
1191		119.975	326.58448841169
1192		120.015	327.22672392596
1193		120.055	327.57439068588
1194		120.095	328.13658094402
1195		120.135	328.58141419836
1196		120.175	329.01316144282
1197		120.215	329.45477651684
1198		120.255	329.87344385686
1199		120.295	330.19564475768
1200		120.335	-nan
1201		120.375	331.0814286366
1202		120.415	331.41761190639
1203		120.455	331.92348973283
1204		120.495	331.86007690916
1205		120.535	332.0878843024
1206		120.575	332.29991585174
1207		120.615	332.53019819484
1208		120.655	332.83094495976
1209		120.695	333.30508850356
1210		120.735	334.03632673712
1211		120.775	-nan
1212		120.815	-nan
1213		120.855	-nan
1214		120.895	-nan
1215		120.935	-nan
1216		120.975	-nan
1217		121.015	-nan
1218		121.055	-nan
1219		121.095	-nan
1220		121.135	-nan
1221		121.175	339.40737041823
1222		121.215	339.38365862353
1223		121.255	339.53320538388
1224		121.295	339.94635270031
1225		121.335	340.33728337304
1226		121.375	340.69343996063
1227		121.415	341.05571973362
1228		121.455	341.38049464277
1229		121.495	341.79782147898
1230		121.535	342.23611520519
1231		121.575	342.67175714623
1232		121.615	-nan
1233		121.655	344.02540194866
1234		121.695	344.65997490017
1235		121.735	345.20607539478
1236		121.775	345.75328737393
1237		121.815	346.23415234415
1238		121.855	346.68588259123
1239		121.895	347.10101642326
1240		121.935	347.45417656666
1241		121.975	347.940488454
1242		122.015	348.56501914522
1243		122.055	-nan
1244		122.095	-nan
1245		122.135	-nan
1246		122.175	-nan
1247		122.215	-nan
1248		122.255	-nan
1249		122.295	-nan
1250		122.335	-nan
1251		122.375	-nan
1252		122.415	-nan
1253		122.455	352.92536042605
1254		122.495	353.03208980563
1255		122.535	353.46145599948
1256		122.575	354.03242151757
1257		122.615	354.81348154196
1258		122.655	355.11185124362
1259		122.695	355.50655351149
1260		122.735	355.83741504657
1261		122.775	356.12771960629
1262		122.815	356.39301888124
1263		122.855	356.6571174994
1264		122.895	-nan
1265		122.935	357.3747509748
1266		122.975	357.72344399312
1267		123.015	357.92801741222
1268		123.055	358.15782864839
1269		123.095	358.46784309522
1270		123.135	358.81993284896
1271		123.175	359.14479448973
1272		123.215	359.54949298751
1273		123.255	360.05218021714
1274		123.295	360.84419309715
1275		123.335	-nan
1276		123.375	-nan
1277		123.415	-nan
1278		123.455	-nan
1279		123.495	-nan
1280		123.535	-nan
1281		123.575	-nan
1282		123.615	-nan
1283		123.655	-nan
1284		123.695	-nan
1285		123.735	363.82369422955
1286		123.775	363.48651832393
1287		123.815	363.54328243943
1288		123.855	363.78884180752
1289		123.895	364.06491727048
1290		123.935	364.32991950433
1291		123.975	364.55539480679
1292		124.015	364.73083232375
1293		124.055	365.00394904079
1294		124.095	365.32135143908
1295		124.135	365.5810682853
1296		124.175	-nan
1297		124.215	366.2285376599
1298		124.255	366.46204079088
1299		124.295	366.57321804414
1300		124.335	366.67502503927
1301		124.375	366.78138449032
1302		124.415	366.79555543324
1303		124.455	366.82843183113
1304		124.495	366.74757260813
1305		124.535	366.79376358425
1306		124.575	367.08856959247
1307		124.615	-nan
1308		124.655	-nan
1309		124.695	-nan
1310		124.735	-nan
1311		124.775	-nan
1312		124.815	-nan
1313		124.855	-nan
1314		124.895	-nan
1315		124.935	-nan
1316		124.975	-nan
1317		125.015	368.41757144025
1318		125.055	367.45976135506
1319		125.095	367.4161498302
1320		125.135	367.46654212046
1321		125.175	367.50940132328
1322		125.215	367.44351312377
1323		125.255	367.26938795404
1324		125.295	367.07843094965
1325		125.335	367.00387612241
1326		125.375	366.91180150605
1327		125.415	366.82191507717
1328		125.455	-nan
1329		125.495	366.64075526647
1330		125.535	366.59428462156
1331		125.575	366.50336548612
1332		125.615	366.43904288224
1333		125.655	366.43401537777
1334		125.695	366.3957730711
1335		125.735	366.31356560806
1336		125.775	366.20743856549
1337		125.815	366.22271007274
1338		125.855	366.50334270666
1339		125.895	-nan
1340		125.935	-nan
1341		125.975	-nan
1342		126.015	-nan
1343		126.055	-nan
1344		126.095	-nan
1345		126.135	-nan
1346		126.175	-nan
1347		126.215	-nan
1348		126.255	-nan
1349		126.295	364.08118686773
1350		126.335	363.39571214396
1351		126.375	363.10764126945
1352		126.415	362.97632403917
1353		126.455	362.86857408717
1354		126.495	362.71282851993
1355		126.535	362.80485902796
1356		126.575	362.37164828706
1357		126.615	362.1879246442
1358		126.655	362.02986787787
1359		126.695	361.75518906141
1360		126.735	-nan
1361		126.775	361.14263516648
1362		126.815	360.88073410629
1363		126.855	360.54967913523
1364		126.895	360.23358286793
1365		126.935	359.9324692551
1366		126.975	359.65718402888
1367		127.015	359.31988593605
1368		127.055	358.98103092548
1369		127.095	358.75021497394
1370		127.135	358.82954456323
1371		127.175	-nan
1372		127.215	-nan
1373		127.255	-nan
1374		127.295	-nan
1375		127.335	-nan
1376		127.375	-nan
1377		127.415	-nan
1378		127.455	-nan
1379		127.495	-nan
1380		127.535	-nan
1381		127.575	355.93836436592
1382		127.615	355.11962342518
1383		127.655	354.62938356217
1384		127.695	354.25574936702
1385		127.735	353.90010546511
1386		127.775	353.52951679006
1387		127.815	353.10834462522
1388		127.855	352.77234673285
1389		127.895	352.47787135046
1390		127.935	352.24216931453
1391		127.975	351.91403864528
1392		128.015	-nan
1393		128.055	351.45109286498
1394		128.095	351.31737177662
1395		128.135	351.11336058098
1396		128.175	350.94477416358
1397		128.215	350.78125255634
1398		128.255	350.53343469005
1399		128.295	350.28238068218
1400		128.335	349.93555688904
1401		128.375	349.67650551971
1402		128.415	349.67135980527
1403		128.455	-nan
1404		128.495	-nan
1405		128.535	-nan
1406		128.575	-nan
1407		128.615	-nan
1408		128.655	-nan
1409		128.695	-nan
1410		128.735	-nan
1411		128.775	-nan
1412		128.815	-nan
1413		128.855	347.05950011066
1414		128.895	346.39018327905
1415		128.935	346.11154311825
1416		128.975	345.91829756662
1417		129.015	345.7459415549
1418		129.055	345.57255492629
1419		129.095	345.35048494207
1420		129.135	345.09788585606
1421		129.175	344.91160537001
1422		129.215	344.70596220192
1423		129.255	344.46484356074
1424		129.295	-nan
1425		129.335	343.99822909569
1426		129.375	343.8371314857
1427		129.415	343.59339013679
1428		129.455	343.37157894025
1429		129.495	343.20264240581
1430		129.535	343.04983308157
1431		129.575	342.8227176499
1432		129.615	342.66640818078
1433		129.655	342.61797396451
1434		129.695	342.87120838992
1435		129.735	-nan
1436		129.775	-nan
1437		129.815	-nan
1438		129.855	-nan
1439		129.895	-nan
1440		129.935	-nan
1441		129.975	-nan
1442		130.015	-nan
1443		130.055	-nan
1444		130.095	-nan
1445		130.135	341.82269380877
1446		130.175	341.26500225668
1447		130.215	340.78116308409
1448		130.255	340.67403218561
1449		130.295	339.61743364269
1450		130.335	339.06782833594
1451		130.375	339.29847176501
1452		130.415	340.57216999743
1453		130.455	341.13350020019
1454		130.495	341.24463097362
1455		130.535	341.27683406282
1456		130.575	-nan
1457		130.615	341.46729246663
1458		130.655	341.58258984652
1459		130.695	341.66594773666
1460		130.735	341.75657286418
1461		130.775	341.83252468484
1462		130.815	341.91583344458
1463		130.855	341.92355869286
1464		130.895	341.92460619603
1465		130.935	342.07091512616
1466		130.975	342.44326482874
1467		131.015	-nan
1468		131.055	-nan
1469		131.095	-nan
1470		131.135	-nan
1471		131.175	-nan
1472		131.215	-nan
1473		131.255	-nan
1474		131.295	-nan
1475		131.335	-nan
1476		131.375	-nan
1477		131.415	343.87455555574
1478		131.455	343.64007761953
1479		131.495	343.62513319236
1480		131.535	343.86544246586
1481		131.575	344.02951266173
1482		131.615	344.14314891493
1483		131.655	344.32077230298
1484		131.695	344.44705692689
1485		131.735	344.60487558663
1486		131.775	344.82131832017
1487		131.815	344.98184940376
1488		131.855	-nan
1489		131.895	345.49629813488
1490		131.935	345.73544775997
1491		131.975	345.99250302074
1492		132.015	346.37703734727
1493		132.055	346.46445188883
1494		132.095	346.71079474561
1495		132.135	346.93555219785
1496		132.175	347.19436550461
1497		132.215	347.53140243637
1498		132.255	348.14425522755
1499		132.295	-nan
1500		132.335	-nan
1501		132.375	-nan
1502		132.415	-nan
1503		132.455	-nan
1504		132.495	-nan
1505		132.535	-nan
1506		132.575	-nan
1507		132.615	-nan
1508		132.655	-nan
1509		132.695	351.48068488755
1510		132.735	351.25688721843
1511		132.775	351.48171416245
1512		132.815	351.88096166882
1513		132.855	352.43176794438
1514		132.895	352.73979696169
1515		132.935	353.13307706639
1516		132.975	353.5208942237
1517		133.015	353.92903956034
1518		133.055	354.35591027364
1519		133.095	354.66691901901
1520		133.135	-nan
1521		133.175	355.64954004036
1522		133.215	356.04190670248
1523		133.255	356.47695017655
1524		133.295	356.89450815495
1525		133.335	357.3091568597
1526		133.375	357.6998559865
1527		133.415	358.06022192698
1528		133.455	358.45125137133
1529		133.495	359.04307827041
1530		133.535	359.67586819304
1531		133.575	-nan
1532		133.615	-nan
1533		133.655	-nan
1534		133.695	-nan
1535		133.735	-nan
1536		138.895	-nan
1537		138.935	-nan
1538		138.975	-nan
1539		139.015	-nan
1540		139.055	-nan
1541		139.095	384.45236322583
1542		139.135	383.64992100916
1543		139.175	383.13898727814
1544		139.215	382.81360995179
1545		139.255	382.50599817962
1546		139.295	382.19839584893
1547		139.335	381.75096067137
1548		139.375	381.38593843099
1549		139.415	381.00502770581
1550		139.455	380.71932349481
1551		139.495	380.33701454096
1552		139.535	-nan
1553		139.575	379.65825373945
1554		139.615	379.4491759723
1555		139.655	379.17360372665
1556		139.695	378.94948922634
1557		139.735	378.72006675715
1558		139.775	378.48427346829
1559		139.815	378.14948650822
1560		139.855	377.84028651642
1561		139.895	377.6417137277
1562		139.935	377.79889696709
1563		139.975	-nan
1564		140.015	-nan
1565		140.055	-nan
1566		140.095	-nan
1567		140.135	-nan
1568		140.175	-nan
1569		140.215	-nan
1570		140.255	-nan
1571		140.295	-nan
1572		140.335	-nan
1573		140.375	373.9734979679
1574		140.415	373.17118730226
1575		140.455	372.70757140189
1576		140.495	372.48412482458
1577		140.535	372.22523012076
1578		140.575	371.9990230974
1579		140.615	371.72998352752
1580		140.655	371.49837698207
1581		140.695	371.23751500093
1582		140.735	370.99219181206
1583		140.775	370.63518479493
1584		140.815	-nan
1585		140.855	369.91700177824
1586		140.895	369.65288935471
1587		140.935	369.29365775187
1588		140.975	368.99688187676
1589		141.015	368.69149037114
1590		141.055	368.36154352516
1591		141.095	367.99839239251
1592		141.135	367.65910412817
1593		141.175	367.4486554653
1594		141.215	367.54961550091
1595		141.255	-nan
1596		141.295	-nan
1597		141.335	-nan
1598		141.375	-nan
1599		141.415	-nan
1600		141.455	-nan
1601		141.495	-nan
1602		141.535	-nan
1603		141.575	-nan
1604		141.615	-nan
1605		141.655	365.53805003051
1606		141.695	364.15334276907
1607		141.735	363.73708759118
1608		141.775	363.43781512386
1609		141.815	363.23117518811
1610		141.855	362.98203493213
1611		141.895	362.69924870117
1612		141.935	362.45401832682
1613		141.975	362.22312667108
1614		142.015	361.99555547615
1615		142.055	361.79185162906
1616		142.095	-nan
1617		142.135	361.48717464217
1618		142.175	361.43453989945
1619		142.215	361.36872622312
1620		142.255	361.26400039549
1621		142.295	361.19405322868
1622		142.335	361.11080874277
1623		142.375	360.92492778977
1624		142.415	360.7492811707
1625		142.455	360.61176885517
1626		142.495	360.76467135453
1627		142.535	-nan
1628		142.575	-nan
1629		142.615	-nan
1630		142.655	-nan
1631		142.695	-nan
1632		142.735	-nan
1633		142.775	-nan
1634		142.815	-nan
1635		142.855	-nan
1636		142.895	-nan
1637		142.935	359.55816459735
1638		142.975	359.05620936081
1639		143.015	358.85048179304
1640		143.055	358.85869874125
1641		143.095	358.85175313132
1642		143.135	358.81967212884
1643		143.175	358.78540783051
1644		143.215	358.64322483129
1645		143.255	358.58651603022
1646		143.295	358.49773844447
1647		143.335	358.41419305024
1648		143.375	-nan
1649		143.415	358.30554718291
1650		143.455	358.27203948239
1651		143.495	358.27823054921
1652		143.535	358.30246840622
1653		143.575	358.3849015848
1654		143.615	358.41679154046
1655		143.655	358.46897973542
1656		143.695	358.48133524442
1657		143.735	358.71073285673
1658		143.775	359.16160097012
1659		143.815	-nan
1660		143.855	-nan
1661		143.895	-nan
1662		143.935	-nan
1663		143.975	-nan
1664		144.015	-nan
1665		144.055	-nan
1666		144.095	-nan
1667		144.135	-nan
1668		144.175	-nan
1669		144.215	359.86474652904
1670		144.255	359.45123707025
1671		144.295	359.37363023603
1672		144.335	359.5003903997
1673		144.375	359.62291170569
1674		144.415	359.91326507865
1675		144.455	360.142449856
1676		144.495	360.29998913878
1677		144.535	360.59343712105
1678		144.575	360.85520985645
1679		144.615	361.04181723791
1680		144.655	-nan
1681		144.695	361.61923954171
1682		144.735	361.86144811775
1683		144.775	362.078790223
1684		144.815	362.24756532404
1685		144.855	362.45357090579
1686		144.895	362.59597076659
1687		144.935	362.66671818331
1688		144.975	362.79091947485
1689		145.015	363.0233440618
1690		145.055	363.5317458514
1691		145.095	-nan
1692		145.135	-nan
1693		145.175	-nan
1694		145.215	-nan
1695		145.255	-nan
1696		145.295	-nan
1697		145.335	-nan
1698		145.375	-nan
1699		145.415	-nan
1700		145.455	-nan
1701		145.495	366.46590869915
1702		145.535	366.24494398739
1703		145.575	366.34413357286
1704		145.615	366.54926357827
1705		145.655	366.86250990608
1706		145.695	367.03554284128
1707		145.735	367.22232499596
1708		145.775	367.29297401423
1709		145.815	367.67310180183
1710		145.855	367.76935732699
1711		145.895	368.0140205443
1712		145.935	-nan
1713		145.975	368.87134414812
1714		146.015	369.12068417147
1715		146.055	369.44804767962
1716		146.095	369.80222623698
1717		146.135	370.13174385161
1718		146.175	370.4718356805
1719		146.215	370.80416915855
1720		146.255	371.08843218232
1721		146.295	371.43399210571
1722		146.335	372.18591313691
1723		146.375	-nan
1724		146.415	-nan
1725		146.455	-nan
1726		146.495	-nan
1727		146.535	-nan
1728		146.575	-nan
1729		146.615	-nan
1730		146.655	-nan
1731		146.695	-nan
1732		146.735	-nan
1733		146.775	375.11882538061
1734		146.815	374.87502582852
1735		146.855	375.07870940189
1736		146.895	375.44876252274
1737		146.935	375.88864730686
1738		146.975	376.27939451943
1739		147.015	376.67715481018
1740		147.055	376.98079640555
1741		147.095	377.28189533649
1742		147.135	377.60123522712
1743		147.175	377.86776393541
1744		147.215	-nan
1745		147.255	378.55574232478
1746		147.295	378.75071468119
1747		147.335	378.89786747951
1748		147.375	379.0246972637
1749		147.415	379.26206842287
1750		147.455	379.4606450827
1751		147.495	379.61417555409
1752		147.535	379.80093838288
1753		147.575	380.14346924734
1754		147.615	380.86895049925
1755		147.655	-nan
1756		147.695	-nan
1757		147.735	-nan
1758		147.775	-nan
1759		147.815	-nan
1760		147.855	-nan
1761		147.895	-nan
1762		147.935	-nan
1763		147.975	-nan
1764		148.015	-nan
1765		148.055	383.77240895006
1766		148.095	383.293660611
1767		148.135	383.25349076559
1768		148.175	383.34896068615
1769		148.215	383.45101955876
1770		148.255	383.53061147974
1771		148.295	383.59307045304
1772		148.335	383.64863590725
1773		148.375	383.79638986046
1774		148.415	383.98626665524
1775		148.455	384.08508846861
1776		148.495	-nan
1777		148.535	384.64554041038
1778		148.575	385.0390706812
1779		148.615	385.24404453188
1780		148.655	385.51620300114
1781		148.695	385.62402419439
1782		148.735	385.74455186482
1783		148.775	385.82987853234
1784		148.815	385.86926845851
1785		148.855	386.04082359594
1786		148.895	386.4914814983
1787		148.935	-nan
1788		148.975	-nan
1789		149.015	-nan
1790		149.055	-nan
1791		149.095	-nan
1792		149.135	-nan
1793		149.175	-nan
1794		149.215	-nan
1795		149.255	-nan
1796		149.295	-nan
1797		149.335	386.40058825191
1798		149.375	385.95831084603
1799		149.415	385.83152498826
1800		149.455	385.8721837023
1801		149.495	386.03708714794
1802		149.535	386.03174867437
1803		149.575	385.95173139989
1804		149.615	385.8660856239
1805		149.655	386.22915945325
1806		149.695	385.20268801081
1807		149.735	384.89103447835
1808		149.775	-nan
1809		149.815	383.23739141459
1810		149.855	383.28655061693
1811		149.895	382.96834807183
1812		149.935	382.07254421724
1813		149.975	383.27400230745
1814		150.015	383.12819930071
1815		150.055	382.3849467136
1816		150.095	382.93552740174
1817		150.135	383.790341378
1818		150.175	384.15112815479
1819		150.215	-nan
1820		150.255	-nan
1821		150.295	-nan
1822		150.335	-nan
1823		150.375	-nan
1824		150.415	-nan
1825		150.455	-nan
1826		150.495	-nan
1827		150.535	-nan
1828		150.575	-nan
1829		150.615	382.57829978553
1830		150.655	381.86441722888
1831		150.695	381.13538752307
1832		150.735	380.89944027577
1833		150.775	380.70629891114
1834		150.815	380.46687327852
1835		150.855	380.18508374124
1836		150.895	379.93581300817
1837		150.935	379.68797275479
1838		150.975	379.45759723653
1839		151.015	379.19332906992
1840		151.055	-nan
1841		151.095	378.63402281953
1842		151.135	378.41205196435
1843		151.175	378.08795464681
1844		151.215	377.78560805749
1845		151.255	377.41631936248
1846		151.295	377.00658061184
1847		151.335	376.61412109735
1848		151.375	376.18342572371
1849		151.415	375.64868928048
1850		151.455	375.60840152414
1851		151.495	-nan
1852		151.535	-nan
1853		151.575	-nan
1854		151.615	-nan
1855		151.655	-nan
1856		151.695	-nan
1857		151.735	-nan
1858		151.775	-nan
1859		151.815	-nan
1860		151.855	-nan
1861		151.895	371.53637345472
1862		151.935	370.69182793305
1863		151.975	370.11216689546
1864		152.015	369.72912766771
1865		152.055	369.3505288424
1866		152.095	368.86882801404
1867		152.135	368.38515403555
1868		152.175	367.85931827193
1869		152.215	367.3891555077
1870		152.255	366.96707384383
1871		152.295	366.46481949724
1872		152.335	-nan
1873		152.375	365.5030047276
1874		152.415	365.16688125153
1875		152.455	364.76967165073
1876		152.495	364.44166142577
1877		152.535	364.07591064339
1878		152.575	363.7550851484
1879		152.615	363.39409929651
1880		152.655	363.06611992283
1881		152.695	362.80257800908
1882		152.735	362.86127074741
1883		152.775	-nan
1884		152.815	-nan
1885		152.855	-nan
1886		152.895	-nan
1887		152.935	-nan
1888		152.975	-nan
1889		153.015	-nan
1890		153.055	-nan
1891		153.095	-nan
1892		153.135	-nan
1893		153.175	357.85589440353
1894		153.215	357.00300186151
1895		153.255	356.53178202171
1896		153.295	356.22766351582
1897		153.335	355.97989405672
1898		153.375	355.70240774967
1899		153.415	355.42688355991
1900		153.455	355.15344612228
1901		153.495	354.81118518332
1902		153.535	354.5635245097
1903		153.575	354.12977940751
1904		153.615	-nan
1905		153.655	353.19214543607
1906		153.695	352.79916317257
1907		153.735	352.34113524863
1908		153.775	351.89539018375
1909		153.815	351.44821461984
1910		153.855	351.06690346941
1911		153.895	350.63203667303
1912		153.935	350.18764632186
1913		153.975	349.91023551813
1914		154.015	349.85197478039
1915		154.055	-nan
1916		154.095	-nan
1917		154.135	-nan
1918		154.175	-nan
1919		154.215	-nan
1920		154.255	-nan
1921		154.295	-nan
1922		154.335	-nan
1923		154.375	-nan
1924		154.415	-nan
1925		154.455	346.83193908743
1926		154.495	346.03251061171
1927		154.535	345.53788438632
1928		154.575	345.19229638718
1929		154.615	344.87864691352
1930		154.655	344.50706579915
1931		154.695	344.1155638806
1932		154.735	343.75132258
1933		154.775	343.44491483526
1934		154.815	343.20923480629
1935		154.855	342.98496242091
1936		154.895	-nan
1937		154.935	342.56588042682
1938		154.975	342.43190535697
1939		155.015	342.29002591794
1940		155.055	342.16071301498
1941		155.095	341.98662980574
1942		155.135	341.81717424894
1943		155.175	341.53206019418
1944		155.215	341.21138592106
1945		155.255	341.01930534362
1946		155.295	340.96430718638
1947		155.335	-nan
1948		155.375	-nan
1949		155.415	-nan
1950		155.455	-nan
1951		155.495	-nan
1952		155.535	-nan
1953		155.575	-nan
1954		155.615	-nan
1955		155.655	-nan
1956		155.695	-nan
1957		155.735	338.6207285617
1958		155.775	338.13430201946
1959		155.815	338.02519268981
1960		155.855	337.99917562421
1961		155.895	337.99719794001
1962		155.935	337.95389228335
1963		155.975	337.83278919782
1964		156.015	337.69394059516
1965		156.055	337.60222333359
1966		156.095	337.43913389408
1967		156.135	337.26337171323
1968		156.175	-nan
1969		156.215	336.85161065011
1970		156.255	336.75465293372
1971		156.295	336.56759236721
1972		156.335	336.43635582857
1973		156.375	336.34465919215
1974		156.415	336.25089057701
1975		156.455	336.15905231156
1976		156.495	336.14903803996
1977		156.535	336.26107758649
1978		156.575	336.57009563315
1979		156.615	-nan
1980		156.655	-nan
1981		156.695	-nan
1982		156.735	-nan
1983		156.775	-nan
1984		156.815	-nan
1985		156.855	-nan
1986		156.895	-nan
1987		156.935	-nan
1988		156.975	-nan
1989		157.015	335.95507469479
1990		157.055	335.50538475556
1991		157.095	335.31373521539
1992		157.135	335.30463958826
1993		157.175	335.27405163498
1994		157.215	335.23682191885
1995		157.255	335.23005676967
1996		157.295	335.244774609
1997		157.335	335.29921857112
1998		157.375	335.36077725418
1999		157.415	335.41492964808
2000		157.455	-nan
2001		157.495	335.89355421142
2002		157.535	335.83152689757
2003		157.575	335.84000953539
2004		157.615	335.91343694514
2005		157.655	335.94218399941
2006		157.695	335.92129724502
2007		157.735	335.83537434973
2008		157.775	335.72784388147
2009		157.815	335.68702716261
2010		157.855	335.91501798908
2011		157.895	-nan
2012		157.935	-nan
2013		157.975	-nan
2014		158.015	-nan
2015		158.055	-nan
2016		158.095	-nan
2017		158.135	-nan
2018		158.175	-nan
2019		158.215	-nan
2020		158.255	-nan
2021		158.295	336.83564370787
2022		158.335	337.09106111974
2023		158.375	336.52228042069
2024		158.415	336.58728946585
2025		158.455	336.67275105014
2026		158.495	336.73515256502
2027		158.535	336.71271822436
2028		158.575	336.72131853692
2029		158.615	336.73745880334
2030		158.655	336.76651065548
2031		158.695	336.7227543446
2032		158.735	-nan
2033		158.775	336.82330371623
2034		158.815	336.91944071098
2035		158.855	337.01864587805
2036		158.895	337.16298360753
2037		158.935	337.32195699102
2038		158.975	337.4871194591
2039		159.015	337.66608489146
2040		159.055	337.77980742232
2041		159.095	337.94930062445
2042		159.135	338.39370373878
2043		159.175	-nan
2044		159.215	-nan
2045		159.255	-nan
2046		159.295	-nan
2047		159.335	-nan
2048		159.375	-nan
2049		159.415	-nan
2050		159.455	-nan
2051		159.495	-nan
2052		159.535	-nan
2053		159.575	338.36885226698
2054		159.615	337.98994726166
2055		159.655	337.97337403629
2056		159.695	338.06603930163
2057		159.735	338.20451712384
2058		159.775	338.37117181943
2059		159.815	338.48748971866
2060		159.855	338.62312672754
2061		159.895	338.76922996222
2062		159.935	338.8740606248
2063		159.975	338.8360610917
2064		160.015	-nan
2065		160.055	338.94130228969
2066		160.095	338.9963458106
2067		160.135	338.99977014693
2068		160.175	338.96723182144
2069		160.215	338.97546119164
2070		160.255	338.89921445853
2071		160.295	338.79269314938
2072		160.335	338.69046408243
2073		160.375	338.68378039457
2074		160.415	338.9910340145
2075		160.455	-nan
2076		160.495	-nan
2077		160.535	-nan
2078		160.575	-nan
2079		160.615	-nan
2080		160.655	-nan
2081		160.695	-nan
2082		160.735	-nan
2083		160.775	-nan
2084		160.815	-nan
2085		160.855	339.43889809073
2086		160.895	338.9163870003
2087		160.935	338.64450059617
2088		160.975	338.54822635022
2089		161.015	338.40970020892
2090		161.055	338.21729935504
2091		161.095	338.03580576295
2092		161.135	337.87806370964
2093		161.175	337.77033976476
2094		161.215	337.70771797877
2095		161.255	337.54962247747
2096		161.295	-nan
2097		161.335	337.47221967923
2098		161.375	337.50997990883
2099		161.415	337.48842502392
2100		161.455	337.4660916676
2101		161.495	337.43832563801
2102		161.535	337.36619528249
2103		161.575	337.23131705205
2104		161.615	337.03818239978
2105		161.655	336.98324850211
2106		161.695	337.1330572689
2107		161.735	-nan
2108		161.775	-nan
2109		161.815	-nan
2110		161.855	-nan
2111		161.895	-nan
2112		161.935	-nan
2113		161.975	-nan
2114		162.015	-nan
2115		162.055	-nan
2116		162.095	-nan
2117		162.135	334.61304969547
2118		162.175	334.06254652268
2119		162.215	333.78385611788
2120		162.255	333.62057607569
2121		162.295	333.50937309556
2122		162.335	333.35344460132
2123		162.375	333.2274439703
2124		162.415	332.92019317256
2125		162.455	332.73221060149
2126		162.495	332.45533012661
2127		162.535	332.07896568536
2128		162.575	-nan
2129		162.615	331.30774262713
2130		162.655	331.01086303238
2131		162.695	330.6653459369
2132		162.735	330.33075773491
2133		162.775	330.06350571056
2134		162.815	329.82606161126
2135		162.855	329.5167932098
2136		162.895	329.20301700459
2137		162.935	329.02484484344
2138		162.975	329.11977632328
2139		163.015	-nan
2140		163.055	-nan
2141		163.095	-nan
2142		163.135	-nan
2143		163.175	-nan
2144		163.215	-nan
2145		163.255	-nan
2146		163.295	-nan
2147		163.335	-nan
2148		163.375	-nan
2149		163.415	326.14473436707
2150		163.455	325.28640778718
2151		163.495	324.70284289197
2152		163.535	324.27199831176
2153		163.575	323.88616741489
2154		163.615	323.52791110642
2155		163.655	323.13290501388
2156		163.695	322.80742277607
2157		163.735	322.47463304635
2158		163.775	322.19378115173
2159		163.815	321.64769085424
2160		163.855	-nan
2161		163.895	321.01380399946
2162		163.935	320.95066752649
2163		163.975	320.67796986562
2164		164.015	320.41053372811
2165		164.055	320.01733598536
2166		164.095	319.61681422273
2167		164.135	319.11595951157
2168		164.175	318.55155176506
2169		164.215	318.08992063239
2170		164.255	317.89883399747
2171		164.295	-nan
2172		164.335	-nan
2173		164.375	-nan
2174		164.415	-nan
2175		164.455	-nan
2176		164.495	-nan
2177		164.535	-nan
2178		164.575	-nan
2179		164.615	-nan
2180		164.655	-nan
2181		164.695	312.20028216992
2182		164.735	311.48485767521
2183		164.775	310.96567069234
2184		164.815	310.62350755166
2185		164.855	310.26194277567
2186		164.895	309.89229299348
2187		164.935	309.43252414815
2188		164.975	308.9523946205
2189		165.015	308.46873052785
2190		165.055	307.97554679701
2191		165.095	307.41552422002
2192		165.135	-nan
2193		165.175	306.35817693371
2194		165.215	306.01128229058
2195		165.255	305.61055624707
2196		165.295	305.20144540648
2197		165.335	304.8618064032
2198		165.375	304.50302911148
2199		165.415	304.13804149428
2200		165.455	303.82251459792
2201		165.495	303.54850339866
2202		165.535	303.50405474777
2203		165.575	-nan
2204		165.615	-nan
2205		165.655	-nan
2206		165.695	-nan
2207		165.735	-nan
2208		165.775	-nan
2209		165.815	-nan
2210		165.855	-nan
2211		165.895	-nan
2212		165.935	-nan
2213		165.975	298.23941025515
2214		166.015	297.47648843385
2215		166.055	297.00925741384
2216		166.095	296.68734086979
2217		166.135	296.37508294803
2218		166.175	296.07476749813
2219		166.215	295.76741491256
2220		166.255	295.50145463973
2221		166.295	295.1625014329
2222		166.335	294.89261346862
2223		166.375	294.53401066286
2224		166.415	-nan
2225		166.455	293.88098410426
2226		166.495	293.62372331731
2227		166.535	293.2857026707
2228		166.575	292.91014457936
2229		166.615	292.49053708348
2230		166.655	292.15128240323
2231		166.695	291.60775936845
2232		166.735	291.17136319831
2233		166.775	290.81810586501
2234		166.815	290.71054576213
2235		166.855	-nan
2236		166.895	-nan
2237		166.935	-nan
2238		166.975	-nan
2239		167.015	-nan
2240		167.055	-nan
2241		167.095	-nan
2242		167.135	-nan
2243		167.175	-nan
2244		167.215	-nan
2245		167.255	287.55571121703
2246		167.295	286.87739894382
2247		167.335	286.39072573076
2248		167.375	285.9787250635
2249		167.415	285.65435742827
2250		167.455	285.2831683327
2251		167.495	284.92042857983
2252		167.535	284.56627080375
2253		167.575	284.26742300182
2254		167.615	284.04655551537
2255		167.655	283.73740935578
2256		167.695	-nan
2257		167.735	283.38244407122
2258		167.775	283.30356939504
2259		167.815	283.17319290222
2260		167.855	283.05759833412
2261		167.895	282.9467560682
2262		167.935	282.81251199171
2263		167.975	282.64941398445
2264		168.015	282.46877612734
2265		168.055	282.36714261004
2266		168.095	282.32941235385
2267		168.135	-nan
2268		168.175	-nan
2269		168.215	-nan
2270		168.255	-nan
2271		168.295	-nan
2272		168.335	-nan
2273		168.375	-nan
2274		168.415	-nan
2275		168.455	-nan
2276		168.495	-nan
2277		168.535	279.26094205853
2278		168.575	278.8104955787
2279		168.615	278.62977878128
2280		168.655	278.55891141006
2281		168.695	278.57517490365
2282		168.735	278.56925566576
2283		168.775	278.49926337686
2284		168.815	278.39480139733
2285		168.855	278.26052431616
2286		168.895	278.12179095786
2287		168.935	277.8708171271
2288		168.975	-nan
2289		169.015	277.46947482776
2290		169.055	277.39503791919
2291		169.095	277.22060650941
2292		169.135	277.06889177889
2293		169.175	276.9639272281
2294		169.215	276.85690259743
2295		169.255	276.75902742136
2296		169.295	276.67426080398
2297		169.335	276.68924543567
2298		169.375	276.90853132376
2299		169.415	-nan
2300		169.455	-nan
2301		169.495	-nan
2302		169.535	-nan
2303		169.575	-nan
2304		169.615	-nan
2305		169.655	-nan
2306		169.695	-nan
2307		169.735	-nan
2308		169.775	-nan
2309		169.815	275.86785373584
2310		169.855	275.32930935998
2311		169.895	275.01443955348
2312		169.935	274.83050788193
2313		169.975	274.67470795127
2314		170.015	274.5332934145
2315		170.055	274.36761272658
2316		170.095	274.2618957153
2317		170.135	274.19584235176
2318		170.175	274.18764176806
2319		170.215	274.12275662271
2320		170.255	-nan
2321		170.295	274.33783835018
2322		170.335	274.50075045984
2323		170.375	274.53306907375
2324		170.415	274.5153734658
2325		170.455	274.47470451763
2326		170.495	274.39263822274
2327		170.535	274.24380962055
2328		170.575	274.09629864783
2329		170.615	273.99926134044
2330		170.655	274.11307053797
2331		170.695	-nan
2332		170.735	-nan
2333		170.775	-nan
2334		170.815	-nan
2335		170.855	-nan
2336		170.895	-nan
2337		170.935	-nan
2338		170.975	-nan
2339		171.015	-nan
2340		171.055	-nan
2341		171.095	273.30746772588
2342		171.135	273.0030037636
2343		171.175	272.89731795167
2344		171.215	272.89101381329
2345		171.255	272.86902564682
2346		171.295	272.80155563815
2347		171.335	272.66183167857
2348		171.375	272.50029518951
2349		171.415	272.3839862112
2350		171.455	272.24283026339
2351		171.495	272.03866047761
2352		171.535	-nan
2353		171.575	271.87845168892
2354		171.615	271.88353003149
2355		171.655	271.79517522432
2356		171.695	271.74425448663
2357		171.735	271.76608178178
2358		171.775	271.85548331679
2359		171.815	271.95834321993
2360		171.855	272.02619983423
2361		171.895	272.16556970381
2362		171.935	272.46382880543
2363		171.975	-nan
2364		172.015	-nan
2365		172.055	-nan
2366		172.095	-nan
2367		172.135	-nan
2368		172.175	-nan
2369		172.215	-nan
2370		172.255	-nan
2371		172.295	-nan
2372		172.335	-nan
2373		172.375	270.91684415781
2374		172.415	270.44279020463
2375		172.455	270.23996896465
2376		172.495	270.134504553
2377		172.535	270.07930544491
2378		172.575	269.99849596162
2379		172.615	269.94100161773
2380		172.655	269.8976912708
2381		172.695	269.89686142015
2382		172.735	269.92834113201
2383		172.775	269.87504270763
2384		172.815	-nan
2385		172.855	269.75835481382
2386		172.895	269.77005126998
2387		172.935	269.65195741299
2388		172.975	269.48375239897
2389		173.015	269.39140872916
2390		173.055	269.2335628648
2391		173.095	269.03586281465
2392		173.135	268.81939873733
2393		173.175	268.67360193523
2394		173.215	268.72458772209
2395		173.255	-nan
2396		173.295	-nan
2397		173.335	-nan
2398		173.375	-nan
2399		173.415	-nan
2400		173.455	-nan
2401		173.495	-nan
2402		173.535	-nan
2403		173.575	-nan
2404		173.615	-nan
2405		173.655	267.57055249773
2406		173.695	267.0493688297
2407		173.735	266.71393890978
2408		173.775	266.44406763357
2409		173.815	266.16758860141
2410		173.855	265.82498158082
2411		173.895	265.52144058079
2412		173.935	265.20845460247
2413		173.975	264.93126114144
2414		174.015	264.66219424277
2415		174.055	264.35855954622
2416		174.095	-nan
2417		174.135	263.98464056777
2418		174.175	263.92780934215
2419		174.215	263.81781684363
2420		174.255	263.71797093291
2421		174.295	263.65044879222
2422		174.335	263.5746979192
2423		174.375	263.44461662188
2424		174.415	263.29401493928
2425		174.455	263.19222337644
2426		174.495	263.25583215333
2427		174.535	-nan
2428		174.575	-nan
2429		174.615	-nan
2430		174.655	-nan
2431		174.695	-nan
2432		174.735	-nan
2433		174.775	-nan
2434		174.815	-nan
2435		174.855	-nan
2436		174.895	-nan
2437		174.935	259.83943822674
2438		174.975	259.35058817728
2439		175.015	259.42414262234
2440		175.055	258.91866536041
2441		175.095	258.75960985425
2442		175.135	258.56479525139
2443		175.175	258.30315252536
2444		175.215	258.01160998223
2445		175.255	257.77538217985
2446		175.295	257.47047053184
2447		175.335	257.10621499372
2448		175.375	-nan
2449		175.415	256.37341619565
2450		175.455	256.08944312176
2451		175.495	255.68168933513
2452		175.535	255.38425841658
2453		175.575	255.04773625378
2454		175.615	254.71795623255
2455		175.655	254.41882364151
2456		175.695	254.13359523373
2457		175.735	253.90138408005
2458		175.775	253.94835600174
2459		175.815	-nan
2460		175.855	-nan
2461		175.895	-nan
2462		175.935	-nan
2463		175.975	-nan
2464		176.015	-nan
2465		176.055	-nan
2466		176.095	-nan
2467		176.135	-nan
2468		176.175	-nan
2469		176.215	251.10772012751
2470		176.255	250.36004647408
2471		176.295	249.79367484062
2472		176.335	249.2721432109
2473		176.375	248.77348122823
2474		176.415	248.28618163539
2475		176.455	247.80189694411
2476		176.495	247.41401298289
2477		176.535	247.06770305234
2478		176.575	246.81529072688
2479		176.615	246.49058309212
2480		176.655	-nan
2481		176.695	245.96845621134
2482		176.735	245.81797494965
2483		176.775	245.56975246639
2484		176.815	245.35962057689
2485		176.855	245.08522830777
2486		176.895	244.79832457325
2487		176.935	244.46603726173
2488		176.975	244.07983214445
2489		177.015	243.79486045109
2490		177.055	243.60198205306
2491		177.095	-nan
2492		177.135	-nan
2493		177.175	-nan
2494		177.215	-nan
2495		177.255	-nan
2496		177.295	-nan
2497		177.335	-nan
2498		177.375	-nan
2499		177.415	-nan
2500		177.455	-nan
2501		177.495	239.89921993266
2502		177.535	239.33150969236
2503		177.575	238.93908885999
2504		177.615	238.58551963657
2505		177.655	238.23789485726
2506		177.695	237.86082329405
2507		177.735	237.44287281611
2508		177.775	237.00978638096
2509		177.815	236.53923738632
2510		177.855	236.10620504202
2511		177.895	235.51705282901
2512		177.935	-nan
2513		177.975	234.52187971209
2514		178.015	234.1525763661
2515		178.055	233.81271888363
2516		178.095	233.52742941792
2517		178.135	233.2984182841
2518		178.175	233.11418875509
2519		178.215	232.90051804103
2520		178.255	232.7210762288
2521		178.295	232.59998749662
2522		178.335	232.64708783838
2523		178.375	-nan
2524		178.415	-nan
2525		178.455	-nan
2526		178.495	-nan
2527		178.535	-nan
2528		178.575	-nan
2529		178.615	-nan
2530		178.655	-nan
2531		178.695	-nan
2532		178.735	-nan
2533		178.775	229.08090672207
2534		178.815	228.45575284602
2535		178.855	228.00399196698
2536		178.895	227.64786698489
2537		178.935	227.35009985747
2538		178.975	227.08759851625
2539		179.015	226.79027881937
2540		179.055	226.57653469539
2541		179.095	226.35088970585
2542		179.135	226.19560998332
2543		179.175	225.82225769607
2544		179.215	-nan
2545		179.255	225.3483934604
2546		179.295	225.18923502189
2547		179.335	224.90867419956
2548		179.375	224.66562647614
2549		179.415	224.35791609413
2550		179.455	224.07818553265
2551		179.495	223.72963465675
2552		179.535	223.34078850807
2553		179.575	223.04539646076
2554		179.615	222.98906286705
2555		179.655	-nan
2556		179.695	-nan
2557		179.735	-nan
2558		179.775	-nan
2559		179.815	-nan
2560		179.855	-nan
2561		179.895	-nan
2562		179.935	-nan
2563		179.975	-nan
2564		180.015	-nan
2565		180.055	221.10522806388
2566		180.095	220.71185754813
2567		180.135	220.34044272083
2568		180.175	220.06194348073
2569		180.215	219.80194418764
2570		180.255	219.49801093498
2571		180.295	219.19784160788
2572		180.335	218.80164736968
2573		180.375	218.46725680515
2574		180.415	218.14300244336
2575		180.455	217.76806293786
2576		180.495	-nan
2577		180.535	217.26707505302
2578		180.575	217.18875594902
2579		180.615	217.05412930496
2580		180.655	216.92847207184
2581		180.695	216.86125265967
2582		180.735	216.81156498751
2583		180.775	216.67165724572
2584		180.815	216.59183468751
2585		180.855	216.46254180462
2586		180.895	216.65054251185
2587		180.935	-nan
2588		180.975	-nan
2589		181.015	-nan
2590		181.055	-nan
2591		181.095	-nan
2592		181.135	-nan
2593		181.175	-nan
2594		181.215	-nan
2595		181.255	-nan
2596		181.295	-nan
2597		181.335	214.70545950271
2598		181.375	214.29886378213
2599		181.415	214.13757978849
2600		181.455	214.04521160818
2601		181.495	213.98597323814
2602		181.535	213.89061967662
2603		181.575	213.76261266968
2604		181.615	213.64160869186
2605		181.655	213.50448344473
2606		181.695	213.35713528603
2607		181.735	213.0536224415
2608		181.775	-nan
2609		181.815	212.65805543241
2610		181.855	212.53619589306
2611		181.895	212.3382499786
2612		181.935	212.1571267482
2613		181.975	211.9883609547
2614		182.015	211.78123288031
2615		182.055	211.6258323108
2616		182.095	211.49537175514
2617		182.135	211.49313776509
2618		182.175	211.63811971882
2619		182.215	-nan
2620		182.255	-nan
2621		182.295	-nan
2622		182.335	-nan
2623		182.375	-nan
2624		182.415	-nan
2625		182.455	-nan
2626		182.495	-nan
2627		182.535	-nan
2628		182.575	-nan
2629		182.615	211.38121989006
2630		182.655	210.88381565044
2631		182.695	210.5628729383
2632		182.735	210.32005707749
2633		182.775	210.10618174773
2634		182.815	209.89501709595
2635		182.855	209.69245832434
2636		182.895	209.51250566177
2637		182.935	209.36154030395
2638		182.975	209.2425305456
2639		183.015	209.05390689205
2640		183.055	-nan
2641		183.095	209.00793135422
2642		183.135	209.05546422542
2643		183.175	209.01373942537
2644		183.215	209.01284340468
2645		183.255	209.0060801901
2646		183.295	208.94704918423
2647		183.335	208.87685239203
2648		183.375	208.74307126645
2649		183.415	208.73366195905
2650		183.455	208.79236608243
2651		183.495	-nan
2652		183.535	-nan
2653		183.575	-nan
2654		183.615	-nan
2655		183.655	-nan
2656		183.695	-nan
2657		183.735	-nan
2658		183.775	-nan
2659		183.815	-nan
2660		183.855	-nan
2661		183.895	207.98588971529
2662		183.935	207.73925119629
2663		183.975	207.66042641026
2664		184.015	207.66651145242
2665		184.055	207.66956104112
2666		184.095	207.63149492619
2667		184.135	207.52819757212
2668		184.175	207.35532909198
2669		184.215	207.1529329168
2670		184.255	206.97101887301
2671		184.295	206.57724724272
2672		184.335	-nan
2673		184.375	206.07503519491
2674		184.415	205.98015568003
2675		184.455	205.77740341736
2676		184.495	205.63146720713
2677		184.535	205.50795132319
2678		184.575	205.41194817923
2679		184.615	205.31514470135
2680		184.655	205.26814736641
2681		184.695	205.30642840559
2682		184.735	205.53306744288
2683		184.775	-nan
2684		184.815	-nan
2685		184.855	-nan
2686		184.895	-nan
2687		184.935	-nan
2688		184.975	-nan
2689		185.015	-nan
2690		185.055	-nan
2691		185.095	-nan
2692		185.135	-nan
2693		185.175	204.52854251318
2694		185.215	204.16260730189
2695		185.255	203.81315771858
2696		185.295	203.61358240689
2697		185.335	203.48522999374
2698		185.375	203.32395104701
2699		185.415	203.16314247274
2700		185.455	203.00556939042
2701		185.495	202.88438868818
2702		185.535	202.78319174395
2703		185.575	202.58994574755
2704		185.615	-nan
2705		185.655	202.42032402287
2706		185.695	202.37722143608
2707		185.735	202.23768065022
2708		185.775	202.04977017079
2709		185.815	201.88300526545
2710		185.855	201.57026854616
2711		185.895	201.28140329197
2712		185.935	201.00709805868
2713		185.975	200.82334730167
2714		186.015	200.79529277446
2715		186.055	-nan
2716		186.095	-nan
2717		186.135	-nan
2718		186.175	-nan
2719		186.215	-nan
2720		186.255	-nan
2721		186.295	-nan
2722		186.335	-nan
2723		186.375	-nan
2724		186.415	-nan
2725		186.455	199.8578366027
2726		186.495	199.48881724378
2727		186.535	199.23283730492
2728		186.575	199.06352945307
2729		186.615	198.83343130057
2730		186.655	198.58743329439
2731		186.695	198.23959013865
2732		186.735	197.90423117737
2733		186.775	197.56887128079
2734		186.815	197.2340527621
2735		186.855	196.80108120844
2736		186.895	-nan
2737		186.935	196.25485058578
2738		186.975	196.07048807597
2739		187.015	195.84442721759
2740		187.055	195.65224449184
2741		187.095	195.44034487716
2742		187.135	195.28889796968
2743		187.175	195.17307287395
2744		187.215	195.07519309605
2745		187.255	195.00038519625
2746		187.295	195.07055841697
2747		187.335	-nan
2748		187.375	-nan
2749		187.415	-nan
2750		187.455	-nan
2751		187.495	-nan
2752		187.535	-nan
2753		187.575	-nan
2754		187.615	-nan
2755		187.655	-nan
2756		187.695	-nan
2757		187.735	172.57825693035
2758		187.775	171.57353150069
2759		187.815	171.11941690739
2760		187.855	170.83683919372
2761		187.895	170.76035595646
2762		187.935	170.65487418466
2763		187.975	170.40086133341
2764		188.015	170.23460286636
2765		188.055	170.03650276298
2766		188.095	169.84795149659
2767		188.135	169.65963179324
2768		188.175	-nan
2769		188.215	169.11843903013
2770		188.255	168.85190160437
2771		188.295	168.59723877891
2772		188.335	168.3837316255
2773		188.375	168.17389070387
2774		188.415	167.94759166132
2775		188.455	167.63828502634
2776		188.495	167.34485871872
2777		188.535	167.26434909986
2778		188.575	167.68552255314
2779		188.615	-nan
2780		188.655	-nan
2781		188.695	-nan
2782		188.735	-nan
2783		188.775	-nan
2784		188.815	-nan
2785		188.855	-nan
2786		188.895	-nan
2787		188.935	-nan
2788		188.975	-nan
2789		189.015	166.5904955031
2790		189.055	165.56573875048
2791		189.095	165.110729955
2792		189.135	164.90151375443
2793		189.175	164.66467132518
2794		189.215	164.44569502962
2795		189.255	164.12769153919
2796		189.295	163.81402622315
2797		189.335	163.56508750213
2798		189.375	163.34174929786
2799		189.415	163.15132162516
2800		189.455	-nan
2801		189.495	162.64549720303
2802		189.535	162.44525300859
2803		189.575	162.25064606116
2804		189.615	162.1131193351
2805		189.655	161.95180560354
2806		189.695	161.76394404989
2807		189.735	161.52821927889
2808		189.775	161.30346683188
2809		189.815	161.19591842861
2810		189.855	161.50386993674
2811		189.895	-nan
2812		189.935	-nan
2813		189.975	-nan
2814		190.015	-nan
2815		190.055	-nan
2816		190.095	-nan
2817		190.135	-nan
2818		190.175	-nan
2819		190.215	-nan
2820		190.255	-nan
2821		190.295	159.77729497872
2822		190.335	158.98473448823
2823		190.375	158.67594972446
2824		190.415	158.62218833796
2825		190.455	158.56769600564
2826		190.495	158.39374361834
2827		190.535	158.23175185788
2828		190.575	158.00661183045
2829		190.615	157.76260780636
2830		190.655	157.52853247786
2831		190.695	157.294122501
2832		190.735	-nan
2833		190.775	156.67255887136
2834		190.815	156.34494420021
2835		190.855	156.06005628528
2836		190.895	155.83974601849
2837		190.935	155.6550689061
2838		190.975	155.39205285974
2839		191.015	155.18288006893
2840		191.055	154.93869323561
2841		191.095	154.87804107788
2842		191.135	155.2435484195
2843		191.175	-nan
2844		191.215	-nan
2845		191.255	-nan
2846		191.295	-nan
2847		191.335	-nan
2848		191.375	-nan
2849		191.415	-nan
2850		191.455	-nan
2851		191.495	-nan
2852		191.535	-nan
2853		191.575	153.9571320367
2854		191.615	153.16501401935
2855		191.655	152.96388256897
2856		191.695	152.6390700635
2857		191.735	152.51511444111
2858		191.775	152.34737562328
2859		191.815	152.10105817339
2860		191.855	151.94800329941
2861		191.895	151.82441821323
2862		191.935	151.76837686097
2863		191.975	151.65007976778
2864		192.015	-nan
2865		192.055	151.34605876392
2866		192.095	151.22298684545
2867		192.135	151.06591413768
2868		192.175	150.90631155819
2869		192.215	150.76885274781
2870		192.255	150.59728467108
2871		192.295	150.36311887787
2872		192.335	150.11356023466
2873		192.375	150.01114209476
2874		192.415	150.26805590491
2875		192.455	-nan
2876		192.495	-nan
2877		192.535	-nan
2878		192.575	-nan
2879		192.615	-nan
2880		192.655	-nan
2881		192.695	-nan
2882		192.735	-nan
2883		192.775	-nan
2884		192.815	-nan
2885		192.855	149.4724614237
2886		192.895	148.86877094796
2887		192.935	148.64811976984
2888		192.975	148.60865625781
2889		193.015	148.54733940106
2890		193.055	148.46077687013
2891		193.095	148.30856610063
2892		193.135	148.1558849847
2893		193.175	148.00354231656
2894		193.215	147.9064191414
2895		193.255	147.728008851
2896		193.295	-nan
2897		193.335	147.33073436215
2898		193.375	147.11088888316
2899		193.415	146.95593908346
2900		193.455	146.8703050213
2901		193.495	146.78488276044
2902		193.535	146.70729621562
2903		193.575	146.62188585473
2904		193.615	146.55001175245
2905		193.655	146.59042051304
2906		193.695	146.98363934299
2907		193.735	-nan
2908		193.775	-nan
2909		193.815	-nan
2910		193.855	-nan
2911		193.895	-nan
2912		193.935	-nan
2913		193.975	-nan
2914		194.015	-nan
2915		194.055	-nan
2916		194.095	-nan
2917		194.135	146.37389764521
2918		194.175	145.81669874124
2919		194.215	145.59292650437
2920		194.255	145.61555517384
2921		194.295	145.62585633674
2922		194.335	145.56780958902
2923		194.375	145.49363081785
2924		194.415	145.46428060044
2925		194.455	145.64732450055
2926		194.495	145.37272084549
2927		194.535	145.31598799837
2928		194.575	-nan
2929		194.615	145.09397616769
2930		194.655	144.93018263794
2931		194.695	144.81021304377
2932		194.735	144.66052953427
2933		194.775	144.5105727951
2934		194.815	144.20915326143
2935		194.855	143.65205914881
2936		194.895	143.45650638284
2937		194.935	143.38747780043
2938		194.975	143.64923557754
2939		195.015	-nan
2940		195.055	-nan
2941		195.095	-nan
2942		195.135	-nan
2943		195.175	-nan
2944		195.215	-nan
2945		195.255	-nan
2946		195.295	-nan
2947		195.335	-nan
2948		195.375	-nan
2949		195.415	143.50760348232
2950		195.455	142.96822833959
2951		195.495	142.75639773619
2952		195.535	142.69535818336
2953		195.575	142.62761778508
2954		195.615	142.53558081289
2955		195.655	142.39589341694
2956		195.695	142.27652123856
2957		195.735	142.19178797407
2958		195.775	142.12399632568
2959		195.815	142.03685032724
2960		195.855	-nan
2961		195.895	141.83117215681
2962		195.935	141.77610056002
2963		195.975	141.68144046766
2964		196.015	141.63263867515
2965		196.055	141.59119668822
2966		196.095	141.50683000381
2967		196.135	141.38158674839
2968		196.175	141.27609126353
2969		196.215	141.25893825279
2970		196.255	141.54903123489
2971		196.295	-nan
2972		196.335	-nan
2973		196.375	-nan
2974		196.415	-nan
2975		196.455	-nan
2976		196.495	-nan
2977		196.535	-nan
2978		196.575	-nan
2979		196.615	-nan
2980		196.655	-nan
2981		196.695	140.67776863683
2982		196.735	140.20105808867
2983		196.775	140.07332838497
2984		196.815	140.09441490319
2985		196.855	140.11567593974
2986		196.895	140.12019574153
2987		196.935	140.05478256551
2988		196.975	139.972066609
2989		197.015	139.91942995928
2990		197.055	139.84802251446
2991		197.095	139.73682897543
2992		197.135	-nan
2993		197.175	139.38803655408
2994		197.215	139.2187615454
2995		197.255	139.04098465238
2996		197.295	138.88042679992
2997		197.335	138.75987748944
2998		197.375	138.61646299685
2999		197.415	138.43867309536
3000		197.455	138.28164451589
3001		197.495	138.24219301104
3002		197.535	138.51815855697
3003		197.575	-nan
3004		197.615	-nan
3005		197.655	-nan
3006		197.695	-nan
3007		197.735	-nan
3008		197.775	-nan
3009		197.815	-nan
3010		197.855	-nan
3011		197.895	-nan
3012		197.935	-nan
3013		197.975	137.75101653094
3014		198.015	137.20868092262
3015		198.055	136.92775355508
3016		198.095	136.8252317012
3017		198.135	136.74808472958
3018		198.175	136.6301588908
3019		198.215	136.53052174577
3020		198.255	136.41708722297
3021		198.295	136.3333690832
3022		198.335	136.29862646266
3023		198.375	136.20992720408
3024		198.415	-nan
3025		198.455	135.99613277801
3026		198.495	135.89407854969
3027		198.535	135.77806988738
3028		198.575	135.66821884333
3029		198.615	135.56291447982
3030		198.655	135.40793291954
3031		198.695	135.18818153064
3032		198.735	134.97152552223
3033		198.775	134.83728197916
3034		198.815	134.97555296778
3035		198.855	-nan
3036		198.895	-nan
3037		198.935	-nan
3038		198.975	-nan
3039		199.015	-nan
3040		199.055	-nan
3041		199.095	-nan
3042		199.135	-nan
3043		199.175	-nan
3044		199.215	-nan
3045		199.255	133.59332123698
3046		199.295	133.10688251519
3047		199.335	132.92579388291
3048		199.375	132.85645439274
3049		199.415	132.8029510282
3050		199.455	132.73520351728
3051		199.495	132.58033551918
3052		199.535	132.44042451802
3053		199.575	132.28665329636
3054		199.615	132.0932682431
3055		199.655	131.8891265663
3056		199.695	-nan
3057		199.735	131.4406570735
3058		199.775	131.23524589691
3059		199.815	131.04825809561
3060		199.855	130.89903444322
3061		199.895	130.76995535697
3062		199.935	130.61774931812
3063		199.975	130.41645456287
3064		200.015	133.32957142437
3065		200.055	130.1738457119
3066		200.095	130.34929578676
3067		200.135	-nan
3068		200.175	-nan
3069		200.215	-nan
3070		200.255	-nan
3071		200.295	-nan
3072		200.335	-nan
3073		200.375	-nan
3074		200.415	-nan
3075		200.455	-nan
3076		200.495	-nan
3077		200.535	128.52731631811
3078		200.575	127.98244722195
3079		200.615	127.73482533785
3080		200.655	127.60977302486
3081		200.695	127.5210654231
3082		200.735	127.41025918262
3083		200.775	127.28390573084
3084		200.815	127.16791921286
3085		200.855	127.07540874941
3086		200.895	127.00398826135
3087		200.935	126.91777197396
3088		200.975	-nan
3089		201.015	126.63591005265
3090		201.055	126.47766493307
3091		201.095	126.32755782724
3092		201.135	126.17052881304
3093		201.175	125.97580075394
3094		201.215	125.75633541938
3095		201.255	125.4993439445
3096		201.295	125.24438922138
3097		201.335	125.08159899554
3098		201.375	125.14258097059
3099		201.415	-nan
3100		201.455	-nan
3101		201.495	-nan
3102		201.535	-nan
3103		201.575	-nan
3104		201.615	-nan
3105		201.655	-nan
3106		201.695	-nan
3107		201.735	-nan
3108		201.775	-nan
3109		201.815	123.60733976043
3110		201.855	123.17692657297
3111		201.895	122.91314624296
3112		201.935	122.78257273474
3113		201.975	122.64992231003
3114		202.015	122.47849595542
3115		202.055	122.32015793939
3116		202.095	122.14177900733
3117		202.135	121.99093501695
3118		202.175	121.85127783614
3119		202.215	121.73996846082
3120		202.255	-nan
3121		202.295	121.35486368068
3122		202.335	121.22590606784
3123		202.375	121.09256579534
3124		202.415	120.97234660868
3125		202.455	120.88840185722
3126		202.495	120.75638218881
3127		202.535	120.60719206
3128		202.575	120.4610982884
3129		202.615	120.37553847537
3130		202.655	120.45554613418
3131		202.695	-nan
3132		202.735	-nan
3133		202.775	-nan
3134		202.815	-nan
3135		202.855	-nan
3136		202.895	-nan
3137		202.935	-nan
3138		202.975	-nan
3139		203.015	-nan
3140		203.055	-nan
3141		203.095	118.41957949555
3142		203.135	118.00553980924
3143		203.175	117.8265242032
3144		203.215	117.72840542087
3145		203.255	117.68560077869
3146		203.295	117.61773826661
3147		203.335	117.51366535416
3148		203.375	117.40768556169
3149		203.415	117.32201646854
3150		203.455	117.19649107335
3151		203.495	117.0649397862
3152		203.535	-nan
3153		203.575	116.70559889969
3154		203.615	116.56348741482
3155		203.655	116.3722142484
3156		203.695	116.22425390939
3157		203.735	116.05210353406
3158		203.775	115.89076182954
3159		203.815	115.70403064524
3160		203.855	115.52810819667
3161		203.895	115.69370626715
3162		203.935	115.7989384971
3163		203.975	-nan
3164		204.015	-nan
3165		204.055	-nan
3166		204.095	-nan
3167		204.135	-nan
3168		204.175	-nan
3169		204.215	-nan
3170		204.255	-nan
3171		204.295	-nan
3172		204.335	-nan
3173		204.375	114.54683284798
3174		204.415	114.11587517964
3175		204.455	113.89715204623
3176		204.495	113.75779802735
3177		204.535	113.64666169436
3178		204.575	113.53937804734
3179		204.615	113.39439564548
3180		204.655	113.42610312375
3181		204.695	113.19767242815
3182		204.735	113.15763958788
3183		204.775	113.07401373539
3184		204.815	-nan
3185		204.855	112.91652815736
3186		204.895	112.88768679584
3187		204.935	112.83128457732
3188		204.975	112.76692300998
3189		205.015	112.67066066813
3190		205.055	112.56240825477
3191		205.095	112.40603014688
3192		205.135	112.24010913211
3193		205.175	112.13276015457
3194		205.215	112.15240229251
3195		205.255	-nan
3196		205.295	-nan
3197		205.335	-nan
3198		205.375	-nan
3199		205.415	-nan
3200		205.455	-nan
3201		205.495	-nan
3202		205.535	-nan
3203		205.575	-nan
3204		205.615	-nan
3205		205.655	110.68619969223
3206		205.695	110.38675878148
3207		205.735	110.25898624638
3208		205.775	110.23684263356
3209		205.815	110.21148378452
3210		205.855	110.15222937868
3211		205.895	110.08661655828
3212		205.935	109.98936544613
3213		205.975	109.89453794494
3214		206.015	109.79599233559
3215		206.055	109.66393140846
3216		206.095	-nan
3217		206.135	109.44806858485
3218		206.175	109.4187147395
3219		206.215	109.29023871836
3220		206.255	109.20836499663
3221		206.295	109.09092637857
3222		206.335	108.97988882853
3223		206.375	108.92117475945
3224		206.415	108.8343767129
3225		206.455	108.79444434539
3226		206.495	108.97756198117
3227		206.535	-nan
3228		206.575	-nan
3229		206.615	-nan
3230		206.655	-nan
3231		206.695	-nan
3232		206.735	-nan
3233		206.775	-nan
3234		206.815	-nan
3235		206.855	-nan
3236		206.895	-nan
3237		206.935	93.621645302617
3238		206.975	92.855487838339
3239		207.015	92.625822433707
3240		207.055	92.515846844524
3241		207.095	92.50547871524
3242		207.135	92.310742486397
3243		207.175	92.209903215099
3244		207.215	92.150105831337
3245		207.255	92.111584438945
3246		207.295	92.120427898933
3247		207.335	92.130264697997
3248		207.375	-nan
3249		207.415	92.046999172562
3250		207.455	91.993656750898
3251		207.495	91.953998538952
3252		207.535	91.929860489573
3253		207.575	91.90509295675
3254		207.615	91.85893202981
3255		207.655	91.772554333797
3256		207.695	91.644570621873
3257		207.735	91.668936497656
3258		207.775	92.110246282725
3259		207.815	-nan
3260		207.855	-nan
3261		207.895	-nan
3262		207.935	-nan
3263		207.975	-nan
3264		208.015	-nan
3265		208.055	-nan
3266		208.095	-nan
3267		208.135	-nan
3268		208.175	-nan
3269		208.215	91.702560095677
3270		208.255	90.989428660719
3271		208.295	90.764318915828
3272		208.335	91.052048968568
3273		208.375	90.706335765256
3274		208.415	90.645601576551
3275		208.455	90.537267850094
3276		208.495	90.418563691728
3277		208.535	90.355288988315
3278		208.575	90.313250733814
3279		208.615	90.270604848037
3280		208.655	-nan
3281		208.695	90.12062670442
3282		208.735	90.044582291791
3283		208.775	89.989000972635
3284		208.815	89.962735214517
3285		208.855	89.964359735421
3286		208.895	89.941355576469
3287		208.935	89.861295918201
3288		208.975	89.772590468798
3289		209.015	89.838396665099
3290		209.055	90.281913495088
3291		209.095	-nan
3292		209.135	-nan
3293		209.175	-nan
3294		209.215	-nan
3295		209.255	-nan
3296		209.295	-nan
3297		209.335	-nan
3298		209.375	-nan
3299		209.415	-nan
3300		209.455	-nan
3301		209.495	89.605911883138
3302		209.535	88.930483264676
3303		209.575	88.68919984366
3304		209.615	88.645207998764
3305		209.655	88.672610007395
3306		209.695	88.589775633904
3307		209.735	88.519120122312
3308		209.775	88.431299564584
3309		209.815	88.383047951289
3310		209.855	88.355444214089
3311		209.895	88.338352811617
3312		209.935	-nan
3313		209.975	88.153024922884
3314		210.015	88.070202127318
3315		210.055	87.997089495033
3316		210.095	87.941936406248
3317		210.135	87.877865008293
3318		210.175	87.812418114445
3319		210.215	87.690780169042
3320		210.255	87.567373217711
3321		210.295	87.589744217538
3322		210.335	87.993761557664
3323		210.375	-nan
3324		210.415	-nan
3325		210.455	-nan
3326		210.495	-nan
3327		210.535	-nan
3328		210.575	-nan
3329		210.615	-nan
3330		210.655	-nan
3331		210.695	-nan
3332		210.735	-nan
3333		210.775	87.297059526356
3334		210.815	86.62022617725
3335		210.855	86.351967680316
3336		210.895	86.248601814182
3337		210.935	86.191895559856
3338		210.975	86.084056769408
3339		211.015	85.97732510346
3340		211.055	85.871739741911
3341		211.095	85.734998860026
3342		211.135	85.693191296334
3343		211.175	85.608077124085
3344		211.215	-nan
3345		211.255	85.426963523373
3346		211.295	85.32871694127
3347		211.335	85.26324800166
3348		211.375	85.213011271219
3349		211.415	85.151123363005
3350		211.455	85.098519255572
3351		211.495	84.986411471719
3352		211.535	84.873216946663
3353		211.575	84.872557322291
3354		211.615	85.208429033846
3355		211.655	-nan
3356		211.695	-nan
3357		211.735	-nan
3358		211.775	-nan
3359		211.815	-nan
3360		211.855	-nan
3361		211.895	-nan
3362		211.935	-nan
3363		211.975	-nan
3364		212.015	-nan
3365		212.055	84.259682958101
3366		212.095	83.629240024548
3367		212.135	83.39310011176
3368		212.175	83.34657253983
3369		212.215	83.294966581137
3370		212.255	83.187696471471
3371		212.295	83.081140908694
3372		212.335	82.948628056466
3373		212.375	82.848663825517
3374		212.415	82.767772377704
3375		212.455	82.724946250073
3376		212.495	-nan
3377		212.535	82.429622817194
3378		212.575	82.277163268247
3379		212.615	82.172680956432
3380		212.655	82.126659710327
3381		212.695	82.00835345288
3382		212.735	81.914593182714
3383		212.775	81.796934703523
3384		212.815	81.690694477991
3385		212.855	81.661620586867
3386		212.895	81.959762010213
3387		212.935	-nan
3388		212.975	-nan
3389		213.015	-nan
3390		213.055	-nan
3391		213.095	-nan
3392		213.135	-nan
3393		213.175	-nan
3394		213.215	-nan
3395		213.255	-nan
3396		213.295	-nan
3397		213.335	80.976666444094
3398		213.375	80.37470283208
3399		213.415	80.102498525673
3400		213.455	79.988934864986
3401		213.495	79.903113368514
3402		213.535	79.773809294919
3403		213.575	79.640631299846
3404		213.615	79.527804786278
3405		213.655	79.431096674119
3406		213.695	79.386625589413
3407		213.735	79.317661708367
3408		213.775	-nan
3409		213.815	79.11761664356
3410		213.855	79.055183260787
3411		213.895	78.917083610908
3412		213.935	78.856145513236
3413		213.975	78.788639341493
3414		214.015	78.687232578361
3415		214.055	78.547975613858
3416		214.095	78.413858195475
3417		214.135	78.37559725998
3418		214.175	78.59152907087
3419		214.215	-nan
3420		214.255	-nan
3421		214.295	-nan
3422		214.335	-nan
3423		214.375	-nan
3424		214.415	-nan
3425		214.455	-nan
3426		214.495	-nan
3427		214.535	-nan
3428		214.575	-nan
3429		214.615	77.559532096778
3430		214.655	77.073980071157
3431		214.695	76.818892312516
3432		214.735	76.712882195556
3433		214.775	76.749664980423
3434		214.815	76.516157261102
3435		214.855	76.366143972056
3436		214.895	76.234578967694
3437		214.935	76.109740680933
3438		214.975	76.0186783158
3439		215.015	75.925731788275
3440		215.055	-nan
3441		215.095	75.616042919228
3442		215.135	75.508125399531
3443		215.175	75.393462121806
3444		215.215	75.325120963237
3445		215.255	75.2538139575
3446		215.295	75.186363154262
3447		215.335	75.112051908159
3448		215.375	74.989151461514
3449		215.415	75.008600695537
3450		215.455	75.183771383108
3451		215.495	-nan
3452		215.535	-nan
3453		215.575	-nan
3454		215.615	-nan
3455		215.655	-nan
3456		215.695	-nan
3457		215.735	-nan
3458		215.775	-nan
3459		215.815	-nan
3460		215.855	-nan
3461		215.895	74.176193791048
3462		215.935	73.725412685711
3463		215.975	73.4739343239
3464		216.015	73.416140359727
3465		216.055	73.334430949403
3466		216.095	73.228779826058
3467		216.135	73.133283742709
3468		216.175	73.041799260652
3469		216.215	73.031541251049
3470		216.255	72.970656502661
3471		216.295	72.910151141467
3472		216.335	-nan
3473		216.375	72.702693714012
3474		216.415	72.599376216892
3475		216.455	72.518020240178
3476		216.495	72.429373605238
3477		216.535	72.366813889463
3478		216.575	72.348241528221
3479		216.615	72.157283617677
3480		216.655	72.080540478136
3481		216.695	72.019892851486
3482		216.735	72.187190590706
3483		216.775	-nan
3484		216.815	-nan
3485		216.855	-nan
3486		216.895	-nan
3487		216.935	-nan
3488		216.975	-nan
3489		217.015	-nan
3490		217.055	-nan
3491		217.095	-nan
3492		217.135	-nan
3493		217.175	71.425520353864
3494		217.215	71.019421395853
3495		217.255	70.823352842063
3496		217.295	70.739272708669
3497		217.335	70.668630510481
3498		217.375	70.550294053362
3499		217.415	70.525922478698
3500		217.455	70.336651915249
3501		217.495	70.243406803474
3502		217.535	70.182943055056
3503		217.575	70.114761336557
3504		217.615	-nan
3505		217.655	69.975378420922
3506		217.695	69.88075437828
3507		217.735	69.828039149478
3508		217.775	69.810245945775
3509		217.815	69.771532266175
3510		217.855	69.72519008082
3511		217.895	69.648720384689
3512		217.935	69.573478770199
3513		217.975	69.616736932368
3514		218.015	69.729286088718
3515		218.055	-nan
3516		218.095	-nan
3517		218.135	-nan
3518		218.175	-nan
3519		218.215	-nan
3520		218.255	-nan
3521		218.295	-nan
3522		218.335	-nan
3523		218.375	-nan
3524		218.415	-nan
3525		218.455	68.998591303507
3526		218.495	68.64205840772
3527		218.535	68.468974898625
3528		218.575	68.445193767355
3529		218.615	68.387250021935
3530		218.655	68.274487961847
3531		218.695	68.192696958894
3532		218.735	68.121702563823
3533		218.775	68.050316048122
3534		218.815	67.987870000173
3535		218.855	67.91271724965
3536		218.895	-nan
3537		218.935	67.727524107869
3538		218.975	67.631364271763
3539		219.015	67.563225382075
3540		219.055	67.504947719827
3541		219.095	67.435549831555
3542		219.135	67.418164783042
3543		219.175	67.314167415979
3544		219.215	67.228205213519
3545		219.255	67.216854558943
3546		219.295	67.387289326663
3547		219.335	-nan
3548		219.375	-nan
3549		219.415	-nan
3550		219.455	-nan
3551		219.495	-nan
3552		219.535	-nan
3553		219.575	-nan
3554		219.615	-nan
3555		219.655	-nan
3556		219.695	-nan
3557		219.735	66.782771510599
3558		219.775	66.420033077335
3559		219.815	66.260174096749
3560		219.855	66.177364693256
3561		219.895	66.104026538769
3562		219.935	66.031547683267
3563		219.975	65.942399607326
3564		220.015	65.872968612519
3565		220.055	65.812614982747
3566		220.095	65.771929417625
3567		220.135	65.700621792429
3568		220.175	-nan
3569		220.215	65.582657212939
3570		220.255	65.511950565654
3571		220.295	65.453337757038
3572		220.335	65.42087706353
3573		220.375	65.365161440018
3574		220.415	65.309049534036
3575		220.455	65.231532156711
3576		220.495	65.133566096435
3577		220.535	65.124376841967
3578		220.575	65.244313503584
3579		220.615	-nan
3580		220.655	-nan
3581		220.695	-nan
3582		220.735	-nan
3583		220.775	-nan
3584		220.815	-nan
3585		220.855	-nan
3586		220.895	-nan
3587		220.935	-nan
3588		220.975	-nan
3589		221.015	64.596055970905
3590		221.055	64.2877077038
3591		221.095	64.158127285362
3592		221.135	64.110931966651
3593		221.175	64.040694140473
3594		221.215	63.974047041457
3595		221.255	63.890332529968
3596		221.295	63.79357589955
3597		221.335	63.787246854938
3598		221.375	63.656358181316
3599		221.415	63.556708692127
3600		221.455	-nan
3601		221.495	63.372309445702
3602		221.535	63.277412341244
3603		221.575	63.206507068696
3604		221.615	63.150375324677
3605		221.655	63.097079478572
3606		221.695	63.060639395168
3607		221.735	62.97153462448
3608		221.775	62.878651982459
3609		221.815	62.86564971355
3610		221.855	62.99202499045
3611		221.895	-nan
3612		221.935	-nan
3613		221.975	-nan
3614		222.015	-nan
3615		222.055	-nan
3616		222.095	-nan
3617		222.135	-nan
3618		222.175	-nan
3619		222.215	-nan
3620		222.255	-nan
3621		222.295	62.277029372031
3622		222.335	61.962888521859
3623		222.375	61.804455933392
3624		222.415	61.731430379244
3625		222.455	61.668239017325
3626		222.495	61.591496059338
3627		222.535	61.496775748687
3628		222.575	61.410981692913
3629		222.615	61.35418505489
3630		222.655	61.301186249534
3631		222.695	61.19169182942
3632		222.735	-nan
3633		222.775	61.018462537715
3634		222.815	60.915475691291
3635		222.855	60.88548901698
3636		222.895	60.720091702372
3637		222.935	60.640191615847
3638		222.975	60.559212717591
3639		223.015	60.456250973215
3640		223.055	60.34428442521
3641		223.095	60.298382071372
3642		223.135	60.380353498763
3643		223.175	-nan
3644		223.215	-nan
3645		223.255	-nan
3646		223.295	-nan
3647		223.335	-nan
3648		223.375	-nan
3649		223.415	-nan
3650		223.455	-nan
3651		223.495	-nan
3652		223.535	-nan
3653		223.575	53.919444801886
3654		223.615	53.42179336817
3655		223.655	53.212917031478
3656		223.695	53.152951739815
3657		223.735	53.070590758411
3658		223.775	53.00535827946
3659		223.815	52.894191178933
3660		223.855	52.778119222051
3661		223.895	52.699748913977
3662		223.935	52.659098810389
3663		223.975	52.590072025128
3664		224.015	-nan
3665		224.055	52.424889298339
3666		224.095	52.348003871747
3667		224.135	52.359817119794
3668		224.175	52.241272003848
3669		224.215	52.207087248358
3670		224.255	52.160851120481
3671		224.295	52.139836371261
3672		224.335	51.99148842781
3673		224.375	51.984803104885
3674		224.415	52.224991954736
3675		224.455	-nan
3676		224.495	-nan
3677		224.535	-nan
3678		224.575	-nan
3679		224.615	-nan
3680		224.655	-nan
3681		224.695	-nan
3682		224.735	-nan
3683		224.775	-nan
3684		224.815	-nan
3685		224.855	51.646513812109
3686		224.895	51.201764485254
3687		224.935	51.024983296303
3688		224.975	50.986872081215
3689		225.015	51.24964851902
3690		225.055	50.873881717052
3691		225.095	50.794639907024
3692		225.135	50.65484838351
3693		225.175	50.573247825557
3694		225.215	50.511630385274
3695		225.255	50.452971712372
3696		225.295	-nan
3697		225.335	50.270291138776
3698		225.375	50.165789881858
3699		225.415	50.09890955887
3700		225.455	50.091008938342
3701		225.495	49.943486961604
3702		225.535	49.885462110553
3703		225.575	49.7815174509
3704		225.615	49.687485608984
3705		225.655	49.733172906655
3706		225.695	49.855067615467
3707		225.735	-nan
3708		225.775	-nan
3709		225.815	-nan
3710		225.855	-nan
3711		225.895	-nan
3712		225.935	-nan
3713		225.975	-nan
3714		226.015	-nan
3715		226.055	-nan
3716		226.095	-nan
3717		226.135	49.244478913901
3718		226.175	48.819255855252
3719		226.215	48.634262652078
3720		226.255	48.595737515901
3721		226.295	48.504829531287
3722		226.335	48.415703093164
3723		226.375	48.313471829987
3724		226.415	48.21590543945
3725		226.455	48.141293943934
3726		226.495	48.075247832531
3727		226.535	48.009059913897
3728		226.575	-nan
3729		226.615	47.860006013989
3730		226.655	47.754307494112
3731		226.695	47.675777745318
3732		226.735	47.61165383928
3733		226.775	47.554667518838
3734		226.815	47.503987776059
3735		226.855	47.388132121366
3736		226.895	47.508683851804
3737		226.935	47.370633524182
3738		226.975	47.419695262218
3739		227.015	-nan
3740		227.055	-nan
3741		227.095	-nan
3742		227.135	-nan
3743		227.175	-nan
3744		227.215	-nan
3745		227.255	-nan
3746		227.295	-nan
3747		227.335	-nan
3748		227.375	-nan
3749		227.415	46.843481560554
3750		227.455	46.400612389706
3751		227.495	46.276488419077
3752		227.535	46.278433648148
3753		227.575	46.129841848215
3754		227.615	46.088427187385
3755		227.655	45.97079969921
3756		227.695	45.85484929936
3757		227.735	45.762203646937
3758		227.775	45.740973366115
3759		227.815	45.601874868299
3760		227.855	-nan
3761		227.895	45.402510693659
3762		227.935	45.315886603537
3763		227.975	45.257939076222
3764		228.015	45.166702534707
3765		228.055	45.099984417281
3766		228.095	45.104727684338
3767		228.135	44.942263112708
3768		228.175	44.861950630464
3769		228.215	44.839768127682
3770		228.255	44.972265347728
3771		228.295	-nan
3772		228.335	-nan
3773		228.375	-nan
3774		228.415	-nan
3775		228.455	-nan
3776		228.495	-nan
3777		228.535	-nan
3778		228.575	-nan
3779		228.615	-nan
3780		228.655	-nan
3781		228.695	44.329617295917
3782		228.735	43.995907198832
3783		228.775	43.851517538574
3784		228.815	43.818450707726
3785		228.855	43.725116144001
3786		228.895	43.700444665224
3787		228.935	43.607973802193
3788		228.975	43.491031276066
3789		229.015	43.444700026891
3790		229.055	43.364571409899
3791		229.095	43.404374103722
3792		229.135	-nan
3793		229.175	43.136669612447
3794		229.215	43.136313458108
3795		229.255	43.001598661348
3796		229.295	42.930585141844
3797		229.335	42.893452812162
3798		229.375	42.803107409953
3799		229.415	42.702365856788
3800		229.455	42.630554196028
3801		229.495	42.592778389186
3802		229.535	42.683294556079
3803		229.575	-nan
3804		229.615	-nan
3805		229.655	-nan
3806		229.695	-nan
3807		229.735	-nan
3808		229.775	-nan
3809		229.815	-nan
3810		229.855	-nan
3811		229.895	-nan
3812		229.935	-nan
3813		229.975	42.002204876775
3814		230.015	41.699668490501
3815		230.055	41.587711692955
3816		230.095	41.520529848363
3817		230.135	41.44707417132
3818		230.175	41.380380009677
3819		230.215	41.288136394059
3820		230.255	41.222310541016
3821		230.295	41.249328822908
3822		230.335	41.065394494109
3823		230.375	41.000975719046
3824		230.415	-nan
3825		230.455	40.83173731937
3826		230.495	40.773102759432
3827		230.535	40.715525001075
3828		230.575	40.641265089863
3829		230.615	40.602840512881
3830		230.655	40.54262844176
3831		230.695	40.481146533264
3832		230.735	40.413683428073
3833		230.775	40.382721839972
3834		230.815	40.47695879658
3835		230.855	-nan
3836		230.895	-nan
3837		230.935	-nan
3838		230.975	-nan
3839		231.015	-nan
