0				72.335	-nan
1				72.375	-nan
2				72.415	-nan
3				72.455	-nan
4				72.495	-nan
5				72.535	105.75437860957
6				72.575	106.07395730165
7				72.615	106.60510959874
8				72.655	107.22014985216
9				72.695	107.89563427481
10			72.735	108.51328006184
11			72.775	109.12362662912
12			72.815	109.88931596869
13			72.855	110.50407129318
14			72.895	111.13636021184
15			72.935	112.14818598234
16			72.975	-nan
17			73.015	113.53302566505
18			73.055	114.31546406076
19			73.095	115.02693524606
20			73.135	115.78217055116
21			73.175	116.54708813854
22			73.215	117.29686477577
23			73.255	118.00774562991
24			73.295	118.78696988646
25			73.335	119.59032834523
26			73.375	120.54814922815
27			73.415	-nan
28			73.455	-nan
29			73.495	-nan
30			73.535	-nan
31			73.575	-nan
32			73.615	-nan
33			73.655	-nan
34			73.695	-nan
35			73.735	-nan
36			73.775	-nan
37			73.815	129.98583766748
38			73.855	130.63859966038
39			73.895	131.53776227234
40			73.935	132.52251922251
41			73.975	133.48927834297
42			74.015	134.49316662339
43			74.055	135.44716556686
44			74.095	136.38551941348
45			74.135	137.42029325562
46			74.175	138.42694093471
47			74.215	139.43474108039
48			74.255	-nan
49			74.295	141.90400432143
50			74.335	142.98874599914
51			74.375	144.11934983497
52			74.415	145.24440141566
53			74.455	146.39852418942
54			74.495	147.6327268631
55			74.535	148.82601972766
56			74.575	150.0035909945
57			74.615	151.32340170191
58			74.655	152.7945988579
59			74.695	-nan
60			74.735	-nan
61			74.775	-nan
62			74.815	-nan
63			74.855	-nan
64			74.895	-nan
65			74.935	-nan
66			74.975	-nan
67			75.015	-nan
68			75.055	-nan
69			75.095	166.7578329258
70			75.135	167.75031374045
71			75.175	169.03988046206
72			75.215	170.55644463406
73			75.255	171.99045485271
74			75.295	173.44708536999
75			75.335	174.94564862516
76			75.375	176.41025683393
77			75.415	177.87987654792
78			75.455	179.42941040838
79			75.495	180.90513330506
80			75.535	-nan
81			75.575	184.49591119029
82			75.615	186.01011410814
83			75.655	187.54921439209
84			75.695	189.15892478851
85			75.735	190.73869522291
86			75.775	192.30557838132
87			75.815	193.92752274067
88			75.855	195.45150709468
89			75.895	197.08661823586
90			75.935	199.00907862823
91			75.975	-nan
92			76.015	-nan
93			76.055	-nan
94			76.095	-nan
95			76.135	-nan
96			76.175	-nan
97			76.215	-nan
98			76.255	-nan
99			76.295	-nan
100			76.335	-nan
101			76.375	217.88594084095
102			76.415	219.19037992742
103			76.455	220.75507136168
104			76.495	222.46081960208
105			76.535	224.2054768505
106			76.575	225.80612271266
107			76.615	227.42529205449
108			76.655	229.10385356501
109			76.695	230.74256746011
110			76.735	232.39705218472
111			76.775	234.18664191052
112			76.815	-nan
113			76.855	238.19024688555
114			76.895	239.95830267425
115			76.935	241.66774220314
116			76.975	243.42227169972
117			77.015	245.2083309268
118			77.055	246.92479210398
119			77.095	248.55872792403
120			77.135	250.27385735528
121			77.175	251.98214787028
122			77.215	253.92496639368
123			77.255	-nan
124			77.295	-nan
125			77.335	-nan
126			77.375	-nan
127			77.415	-nan
128			77.455	-nan
129			77.495	-nan
130			77.535	-nan
131			77.575	-nan
132			77.615	-nan
133			77.655	270.76953269923
134			77.695	271.6358314098
135			77.735	272.94855502211
136			77.775	274.36646971095
137			77.815	275.77095010623
138			77.855	277.18154608194
139			77.895	278.48174751773
140			77.935	279.76697454063
141			77.975	281.10699116281
142			78.015	282.39718776824
143			78.055	283.6280540207
144			78.095	-nan
145			78.135	286.36092499539
146			78.175	287.46446729852
147			78.215	288.55583835417
148			78.255	289.60709154795
149			78.295	290.66729832183
150			78.335	291.78353923826
151			78.375	292.7338161594
152			78.415	293.72189885218
153			78.455	294.8500831808
154			78.495	296.29782481063
155			78.535	-nan
156			78.575	-nan
157			78.615	-nan
158			78.655	-nan
159			78.695	-nan
160			78.735	-nan
161			78.775	-nan
162			78.815	-nan
163			78.855	-nan
164			78.895	-nan
165			78.935	305.19774685531
166			78.975	305.04131592546
167			79.015	305.26976406585
168			79.055	305.68530610696
169			79.095	306.08429733012
170			79.135	306.52970555324
171			79.175	306.98016470523
172			79.215	307.46228389732
173			79.255	307.96198470411
174			79.295	308.54771388818
175			79.335	308.98552503758
176			79.375	-nan
177			79.415	309.94600549671
178			79.455	310.35707651772
179			79.495	310.66455753321
180			79.535	311.00732341781
181			79.575	311.25190509124
182			79.615	311.41202196786
183			79.655	311.48092778711
184			79.695	311.43423792827
185			79.735	311.48377652757
186			79.775	311.94996553941
187			79.815	-nan
188			79.855	-nan
189			79.895	-nan
190			79.935	-nan
191			79.975	-nan
192			80.015	-nan
193			80.055	-nan
194			80.095	-nan
195			80.135	-nan
196			80.175	-nan
197			80.215	312.40628781946
198			80.255	311.78452486272
199			80.295	311.50806911349
200			80.335	311.42459329382
201			80.375	311.33335018435
202			80.415	311.19099827278
203			80.455	310.93292102586
204			80.495	310.65670903233
205			80.535	310.34732530078
206			80.575	310.06046040935
207			80.615	309.66361851947
208			80.655	-nan
209			80.695	309.0134159882
210			80.735	308.84971975136
211			80.775	308.68261519825
212			80.815	308.62878660425
213			80.855	308.56291845291
214			80.895	308.41224235069
215			80.935	308.28475288625
216			80.975	308.06194138577
217			81.015	308.01734141584
218			81.055	308.32094484762
219			81.095	-nan
220			81.135	-nan
221			81.175	-nan
222			81.215	-nan
223			81.255	-nan
224			81.295	-nan
225			81.335	-nan
226			81.375	-nan
227			81.415	-nan
228			81.455	-nan
229			81.495	305.12778145027
230			81.535	304.35110046295
231			81.575	303.9966712721
232			81.615	303.8393030684
233			81.655	303.74997070635
234			81.695	303.67605323341
235			81.735	303.57237453141
236			81.775	303.50256511685
237			81.815	303.38551478226
238			81.855	303.31408520523
239			81.895	303.08892277028
240			81.935	-nan
241			81.975	302.75032679276
242			82.015	302.61578002856
243			82.055	302.39586412944
244			82.095	302.22189378804
245			82.135	301.98305963114
246			82.175	301.69308172076
247			82.215	301.41160804878
248			82.255	301.2407749515
249			82.295	301.20906116706
250			82.335	301.59975441638
251			82.375	-nan
252			82.415	-nan
253			82.455	-nan
254			82.495	-nan
255			82.535	-nan
256			82.575	-nan
257			82.615	-nan
258			82.655	-nan
259			82.695	-nan
260			82.735	-nan
261			82.775	302.05233331146
262			82.815	301.46663200048
263			82.855	301.1680873767
264			82.895	301.06802829147
265			82.935	301.03358535928
266			82.975	301.05316623962
267			83.015	301.0650060735
268			83.055	301.10783344118
269			83.095	301.18793699188
270			83.135	301.34024684679
271			83.175	301.46212229588
272			83.215	-nan
273			83.255	302.02837193612
274			83.295	302.37369500632
275			83.335	302.69800069309
276			83.375	303.02273808516
277			83.415	303.32114628241
278			83.455	303.62196923732
279			83.495	303.88696846676
280			83.535	304.05250853544
281			83.575	304.38475173214
282			83.615	304.950038978
283			83.655	-nan
284			83.695	-nan
285			83.735	-nan
286			83.775	-nan
287			83.815	-nan
288			83.855	-nan
289			83.895	-nan
290			83.935	-nan
291			83.975	-nan
292			84.015	-nan
293			84.055	307.83802907503
294			84.095	307.81080656353
295			84.135	308.1587482177
296			84.175	308.6998812591
297			84.215	309.31600303931
298			84.255	309.88860061719
299			84.295	310.39697443798
300			84.335	310.75175248787
301			84.375	311.12811692714
302			84.415	311.47455339565
303			84.455	311.76991537188
304			84.495	-nan
305			84.535	312.76796496337
306			84.575	313.25628000499
307			84.615	313.65843763586
308			84.655	314.19255590578
309			84.695	314.69438860587
310			84.735	315.23506447192
311			84.775	315.76784068189
312			84.815	316.45052306035
313			84.855	317.17614580463
314			84.895	318.30208741135
315			84.935	-nan
316			84.975	-nan
317			85.015	-nan
318			85.055	-nan
319			85.095	-nan
320			85.135	-nan
321			85.175	-nan
322			85.215	-nan
323			85.255	-nan
324			85.295	-nan
325			85.335	325.49514699107
326			85.375	325.39572219739
327			85.415	325.79134313829
328			85.455	326.39743149077
329			85.495	327.09064057501
330			85.535	327.83090908854
331			85.575	328.54548804012
332			85.615	329.24889001702
333			85.655	330.05104854568
334			85.695	330.90244310587
335			85.735	331.78332539446
336			85.775	-nan
337			85.815	334.01868227203
338			85.855	334.97867431485
339			85.895	335.76767437618
340			85.935	336.54774096586
341			85.975	337.21612922658
342			86.015	337.83719260181
343			86.055	338.38125885156
344			86.095	338.92336947717
345			86.135	339.68171074966
346			86.175	340.75802217444
347			86.215	-nan
348			86.255	-nan
349			86.295	-nan
350			86.335	-nan
351			86.375	-nan
352			86.415	-nan
353			86.455	-nan
354			86.495	-nan
355			86.535	-nan
356			86.575	-nan
357			86.615	349.97685596837
358			86.655	350.25936110598
359			86.695	350.96099771539
360			86.735	351.75386299251
361			86.775	352.517866465
362			86.815	353.13995099598
363			86.855	353.66632193781
364			86.895	354.15043072215
365			86.935	354.55874198082
366			86.975	355.13901401251
367			87.015	355.70931781446
368			87.055	-nan
369			87.095	357.39901809471
370			87.135	358.22613108116
371			87.175	358.97077768113
372			87.215	359.78065203929
373			87.255	360.58511778186
374			87.295	361.47305377814
375			87.335	362.3775633465
376			87.375	363.30518405872
377			87.415	364.37360001924
378			87.455	365.64940807322
379			87.495	-nan
380			87.535	-nan
381			87.575	-nan
382			87.615	-nan
383			87.655	-nan
384			87.695	-nan
385			87.735	-nan
386			87.775	-nan
387			87.815	-nan
388			87.855	-nan
389			87.895	370.48087135394
390			87.935	370.27621253204
391			87.975	370.59913629249
392			88.015	371.40453343463
393			88.055	371.94306950006
394			88.095	372.62833041693
395			88.135	373.24698367702
396			88.175	373.82261572767
397			88.215	374.35970218298
398			88.255	374.8787074135
399			88.295	375.36766421294
400			88.335	-nan
401			88.375	376.27401279749
402			88.415	376.43686254708
403			88.455	376.78991615724
404			88.495	377.11087552328
405			88.535	376.99372736359
406			88.575	376.71384250127
407			88.615	376.91505258081
408			88.655	377.12923377371
409			88.695	377.47981170603
410			88.735	378.17528673947
411			88.775	-nan
412			88.815	-nan
413			88.855	-nan
414			88.895	-nan
415			88.935	-nan
416			88.975	-nan
417			89.015	-nan
418			89.055	-nan
419			89.095	-nan
420			89.135	-nan
421			89.175	380.60234477724
422			89.215	379.72163857436
423			89.255	379.2577098875
424			89.295	379.04106966223
425			89.335	378.86280580208
426			89.375	378.56702288241
427			89.415	378.18304626953
428			89.455	377.89318340017
429			89.495	377.79711819873
430			89.535	377.60214218004
431			89.575	377.56120656315
432			89.615	-nan
433			89.655	377.66748140108
434			89.695	377.93141315543
435			89.735	377.80882467439
436			89.775	377.75907722602
437			89.815	377.7966473174
438			89.855	377.75546594367
439			89.895	377.54816752563
440			89.935	377.21343509645
441			89.975	376.96779057066
442			90.015	376.95625407632
443			90.055	-nan
444			90.095	-nan
445			90.135	-nan
446			90.175	-nan
447			90.215	-nan
448			90.255	-nan
449			90.295	-nan
450			90.335	-nan
451			90.375	-nan
452			90.415	-nan
453			90.455	372.00760522508
454			90.495	371.51875776056
455			90.535	371.06445878652
456			90.575	370.77489226663
457			90.615	370.50424922308
458			90.655	370.06370863546
459			90.695	369.51419094626
460			90.735	368.80301184974
461			90.775	368.17041638594
462			90.815	367.47974176957
463			90.855	366.74762411177
464			90.895	-nan
465			90.935	365.07217704175
466			90.975	364.29968070274
467			91.015	363.51572278602
468			91.055	362.84215556907
469			91.095	362.26189885098
470			91.135	361.82688121592
471			91.175	361.41275583701
472			91.215	361.07769770878
473			91.255	360.89158742646
474			91.295	361.16102736726
475			91.335	-nan
476			91.375	-nan
477			91.415	-nan
478			91.455	-nan
479			91.495	-nan
480			91.535	-nan
481			91.575	-nan
482			91.615	-nan
483			91.655	-nan
484			91.695	-nan
485			91.735	354.49605538614
486			91.775	352.85599622662
487			91.815	351.95669712742
488			91.855	351.50953723602
489			91.895	350.90534123542
490			91.935	350.20801690986
491			91.975	349.22328434687
492			92.015	348.67170625651
493			92.055	348.68612455061
494			92.095	348.61846145204
495			92.135	347.82054085834
496			92.175	-nan
497			92.215	346.86789261316
498			92.255	346.43098341435
499			92.295	345.82880156318
500			92.335	345.25243421848
501			92.375	344.68644468346
502			92.415	344.11404018692
503			92.455	343.44445521311
504			92.495	343.10373022057
505			92.535	342.01698481272
506			92.575	341.62985388053
507			92.615	-nan
508			92.655	-nan
509			92.695	-nan
510			92.735	-nan
511			92.775	-nan
512			92.815	-nan
513			92.855	-nan
514			92.895	-nan
515			92.935	-nan
516			92.975	-nan
517			93.015	337.74893672156
518			93.055	337.00080872113
519			93.095	336.45973752606
520			93.135	335.96331967243
521			93.175	335.41437269152
522			93.215	334.71741296713
523			93.255	334.07852215427
524			93.295	334.5310595195
525			93.335	332.92785892502
526			93.375	332.28802973258
527			93.415	331.71723881597
528			93.455	-nan
529			93.495	330.56057016058
530			93.535	330.19818480497
531			93.575	329.94057064499
532			93.615	329.763762553
533			93.655	330.24681455333
534			93.695	327.42877927485
535			93.735	329.05740116459
536			93.775	329.88783814277
537			93.815	329.76637600717
538			93.855	329.9473450342
539			93.895	-nan
540			93.935	-nan
541			93.975	-nan
542			94.015	-nan
543			94.055	-nan
544			94.095	-nan
545			94.135	-nan
546			94.175	-nan
547			94.215	-nan
548			94.255	-nan
549			94.295	326.497954187
550			94.335	325.84368915002
551			94.375	325.29708029276
552			94.415	325.27530562802
553			94.455	325.96728335255
554			94.495	322.15071468562
555			94.535	325.38778010389
556			94.575	325.4640070726
557			94.615	325.58568782138
558			94.655	325.64800170737
559			94.695	325.5403643967
560			94.735	-nan
561			94.775	325.12544037184
562			94.815	324.95428444845
563			94.855	324.60454778793
564			94.895	327.77264886125
565			94.935	324.97019711909
566			94.975	324.26746226918
567			95.015	324.12415835349
568			95.055	323.99972347342
569			95.095	324.08696834286
570			95.135	324.52193003116
571			95.175	-nan
572			95.215	-nan
573			95.255	-nan
574			95.295	-nan
575			95.335	-nan
576			95.375	-nan
577			95.415	-nan
578			95.455	-nan
579			95.495	-nan
580			95.535	-nan
581			95.575	327.35316711174
582			95.615	326.8797854516
583			95.655	326.63809851433
584			95.695	326.91155588335
585			95.735	326.26831155179
586			95.775	326.12877000151
587			95.815	326.06720273339
588			95.855	326.161737722
589			95.895	326.33418793857
590			95.935	326.56339895682
591			95.975	326.76185264851
592			96.015	-nan
593			96.055	327.94093690129
594			96.095	325.80311257775
595			96.135	329.13243358856
596			96.175	329.43256346402
597			96.215	330.02392248976
598			96.255	330.53059844428
599			96.295	331.37802565175
600			96.335	331.11034901566
601			96.375	331.24633061635
602			96.415	331.71570896683
603			96.455	-nan
604			96.495	-nan
605			96.535	-nan
606			96.575	-nan
607			96.615	-nan
608			96.655	-nan
609			96.695	-nan
610			96.735	-nan
611			96.775	-nan
612			96.815	-nan
613			96.855	335.27336388716
614			96.895	333.28546238574
615			96.935	336.82525355784
616			96.975	336.23658351358
617			97.015	336.78548691991
618			97.055	337.24552916532
619			97.095	337.99526610663
620			97.135	337.98298584359
621			97.175	338.21541554458
622			97.215	338.37455644649
623			97.255	338.35890160643
624			97.295	-nan
625			97.335	338.60155143674
626			97.375	338.74128334148
627			97.415	339.01071798094
628			97.455	339.47405085581
629			97.495	340.01654589779
630			97.535	340.60937808241
631			97.575	341.18234336689
632			97.615	341.79358880298
633			97.655	342.69851144794
634			97.695	340.83802027858
635			97.735	-nan
636			97.775	-nan
637			97.815	-nan
638			97.855	-nan
639			97.895	-nan
640			97.935	-nan
641			97.975	-nan
642			98.015	-nan
643			98.055	-nan
644			98.095	-nan
645			98.135	352.66244009797
646			98.175	348.62723277044
647			98.215	348.33139833591
648			98.255	348.73426646147
649			98.295	349.31076243972
650			98.335	349.67647454386
651			98.375	350.05019108694
652			98.415	350.64721987347
653			98.455	351.63068623075
654			98.495	351.72269201164
655			98.535	352.79793652217
656			98.575	-nan
657			98.615	353.39173492079
658			98.655	353.98829179323
659			98.695	354.66060275432
660			98.735	354.83008840222
661			98.775	354.96207414057
662			98.815	354.94944459999
663			98.855	355.41606573654
664			98.895	357.82076733098
665			98.935	357.9938036519
666			98.975	355.54112827202
667			99.015	-nan
668			99.055	-nan
669			99.095	-nan
670			99.135	-nan
671			99.175	-nan
672			99.215	-nan
673			99.255	-nan
674			99.295	-nan
675			99.335	-nan
676			99.375	-nan
677			99.415	360.89563596999
678			99.455	360.60325598566
679			99.495	360.55437229057
680			99.535	360.62456847769
681			99.575	360.65200332382
682			99.615	360.52029084629
683			99.655	364.83180839377
684			99.695	351.53154769203
685			99.735	362.64632532035
686			99.775	359.62711564513
687			99.815	359.49798494989
688			99.855	-nan
689			99.895	361.44693423206
690			99.935	359.75931664853
691			99.975	360.09085114277
692			100.015	360.47598521436
693			100.055	360.90129480387
694			100.095	363.33127549803
695			100.135	361.59118685626
696			100.175	361.55874185668
697			100.215	362.41465531402
698			100.255	362.62654424723
699			100.295	-nan
700			100.335	-nan
701			100.375	-nan
702			100.415	-nan
703			100.455	-nan
704			100.495	-nan
705			100.535	-nan
706			100.575	-nan
707			100.615	-nan
708			100.655	-nan
709			100.695	360.56561262739
710			100.735	359.64927606066
711			100.775	359.404226501
712			100.815	359.42957940567
713			100.855	359.66257252026
714			100.895	359.41831356566
715			100.935	360.07623671379
716			100.975	359.62695956687
717			101.015	359.43382632583
718			101.055	359.41907821084
719			101.095	361.11945025107
720			101.135	-nan
721			101.175	358.00054520439
722			101.215	357.49423945891
723			101.255	358.11350239001
724			101.295	359.05542926833
725			101.335	357.81835920901
726			101.375	355.19749612959
727			101.415	354.74035097872
728			101.455	354.41543583694
729			101.495	354.70542247185
730			101.535	354.61394271396
731			101.575	-nan
732			101.615	-nan
733			101.655	-nan
734			101.695	-nan
735			101.735	-nan
736			101.775	-nan
737			101.815	-nan
738			101.855	-nan
739			101.895	-nan
740			101.935	-nan
741			101.975	352.30640400552
742			102.015	351.09619933804
743			102.055	350.20498305034
744			102.095	349.73532142639
745			102.135	348.91496837979
746			102.175	348.32295714847
747			102.215	347.69878032926
748			102.255	347.24819676032
749			102.295	347.05741123613
750			102.335	346.39037707735
751			102.375	345.73707629599
752			102.415	-nan
753			102.455	345.13629155555
754			102.495	345.19298031996
755			102.535	344.79815890783
756			102.575	344.47765238746
757			102.615	344.10321770976
758			102.655	343.6989396594
759			102.695	343.24621747641
760			102.735	342.64964031043
761			102.775	342.14463332982
762			102.815	341.88465992552
763			102.855	-nan
764			102.895	-nan
765			102.935	-nan
766			102.975	-nan
767			103.015	-nan
768			103.055	-nan
769			103.095	-nan
770			103.135	-nan
771			103.175	-nan
772			103.215	-nan
773			103.255	335.93356495353
774			103.295	335.33909700096
775			103.335	334.96935476
776			103.375	334.79675298954
777			103.415	334.57909562318
778			103.455	334.20963872303
779			103.495	333.68565486213
780			103.535	333.3829041795
781			103.575	332.25568350377
782			103.615	331.45645564928
783			103.655	330.59591219376
784			103.695	-nan
785			103.735	329.02749371987
786			103.775	328.40440374182
787			103.815	327.7924056013
788			103.855	327.21124578832
789			103.895	326.89545150125
790			103.935	326.33851770101
791			103.975	326.06730848597
792			104.015	325.9246368273
793			104.055	325.92034523492
794			104.095	326.4601085967
795			104.135	-nan
796			104.175	-nan
797			104.215	-nan
798			104.255	-nan
799			104.295	-nan
800			104.335	-nan
801			104.375	-nan
802			104.415	-nan
803			104.455	-nan
804			104.495	-nan
805			104.535	322.57664197582
806			104.575	321.07530989944
807			104.615	320.54302117466
808			104.655	320.20502019113
809			104.695	320.73790850466
810			104.735	319.83310346226
811			104.775	319.48951559255
812			104.815	319.24585591609
813			104.855	319.13990208064
814			104.895	319.16200621776
815			104.935	319.04528670932
816			104.975	-nan
817			105.015	318.86783391986
818			105.055	318.73345578101
819			105.095	318.497069972
820			105.135	317.94671464406
821			105.175	317.4448930672
822			105.215	316.93294120093
823			105.255	316.4558399136
824			105.295	316.54347812623
825			105.335	315.6696633611
826			105.375	315.57550369531
827			105.415	-nan
828			105.455	-nan
829			105.495	-nan
830			105.535	-nan
831			105.575	-nan
832			105.615	-nan
833			105.655	-nan
834			105.695	-nan
835			105.735	-nan
836			105.775	-nan
837			105.815	315.7303315802
838			105.855	315.36423816009
839			105.895	315.30293677151
840			105.935	315.12221923673
841			105.975	314.93294505249
842			106.015	314.58838439328
843			106.055	314.1963245891
844			106.095	316.24225711654
845			106.135	313.55034068716
846			106.175	313.04438181951
847			106.215	312.82764212627
848			106.255	-nan
849			106.295	316.78389687237
850			106.335	313.5275135119
851			106.375	312.81023539442
852			106.415	312.95315125111
853			106.455	313.15028143349
854			106.495	313.82984328614
855			106.535	313.83160828347
856			106.575	314.14477998022
857			106.615	314.42625393573
858			106.655	314.85415869222
859			106.695	-nan
860			106.735	-nan
861			106.775	-nan
862			106.815	-nan
863			106.855	-nan
864			106.895	-nan
865			106.935	-nan
866			106.975	-nan
867			107.015	-nan
868			107.055	-nan
869			107.095	314.78305555888
870			107.135	314.70813161627
871			107.175	314.96370025873
872			107.215	315.40061709113
873			107.255	315.90994040158
874			107.295	317.02038564249
875			107.335	316.64500832425
876			107.375	316.91852692007
877			107.415	317.24197410629
878			107.455	317.84667237998
879			107.495	318.12790527486
880			107.535	-nan
881			107.575	318.16497217528
882			107.615	318.16329784504
883			107.655	318.16677198968
884			107.695	320.25297769762
885			107.735	318.28881121438
886			107.775	317.96355231092
887			107.815	318.13649020981
888			107.855	318.54955711295
889			107.895	320.20265042808
890			107.935	319.79502450841
891			107.975	-nan
892			108.015	-nan
893			108.055	-nan
894			108.095	-nan
895			108.135	-nan
896			108.175	-nan
897			108.215	-nan
898			108.255	-nan
899			108.295	-nan
900			108.335	-nan
901			108.375	324.76622240182
902			108.415	324.6045543753
903			108.455	324.7366335136
904			108.495	324.87464875904
905			108.535	325.06836247353
906			108.575	325.20221545008
907			108.615	325.33783171509
908			108.655	325.59095666351
909			108.695	325.95907537707
910			108.735	326.47969213117
911			108.775	326.96747105372
912			108.815	-nan
913			108.855	328.33026068289
914			108.895	328.92706513308
915			108.935	329.45690392187
916			108.975	330.03086578384
917			109.015	330.62429991282
918			109.055	331.12999629643
919			109.095	331.56087005845
920			109.135	331.80852796524
921			109.175	332.09733051047
922			109.215	332.54628192358
923			109.255	-nan
924			109.295	-nan
925			109.335	-nan
926			109.375	-nan
927			109.415	-nan
928			109.455	-nan
929			109.495	-nan
930			109.535	-nan
931			109.575	-nan
932			109.615	-nan
933			109.655	337.0605102212
934			109.695	337.45963062851
935			109.735	338.08182070689
936			109.775	338.73154437462
937			109.815	339.28997174055
938			109.855	339.66290586206
939			109.895	339.96492020505
940			109.935	340.23825646639
941			109.975	340.46316585935
942			110.015	340.67886135137
943			110.055	340.8074471623
944			110.095	-nan
945			110.135	341.12203585387
946			110.175	341.28416506331
947			110.215	341.46282737644
948			110.255	341.77361484331
949			110.295	342.17656191826
950			110.335	342.64873007626
951			110.375	343.14661005372
952			110.415	343.60103142837
953			110.455	344.15056227456
954			110.495	344.96922960466
955			110.535	-nan
956			110.575	-nan
957			110.615	-nan
958			110.655	-nan
959			110.695	-nan
960			110.735	-nan
961			110.775	-nan
962			110.815	-nan
963			110.855	-nan
964			110.895	-nan
965			110.935	347.91197128297
966			110.975	347.64174995836
967			111.015	347.67745933406
968			111.055	347.91036017088
969			111.095	348.18904760694
970			111.135	348.51047386468
971			111.175	348.96054600332
972			111.215	349.48516151305
973			111.255	350.05146407695
974			111.295	350.66070552336
975			111.335	351.06974005652
976			111.375	-nan
977			111.415	351.87347371309
978			111.455	352.14919539342
979			111.495	352.2951515594
980			111.535	352.38410634962
981			111.575	352.50146054113
982			111.615	352.50349385944
983			111.655	352.396066071
984			111.695	352.16333301308
985			111.735	352.07026845789
986			111.775	352.32055872986
987			111.815	-nan
988			111.855	-nan
989			111.895	-nan
990			111.935	-nan
991			111.975	-nan
992			112.015	-nan
993			112.055	-nan
994			112.095	-nan
995			112.135	-nan
996			112.175	-nan
997			112.215	354.63753376784
998			112.255	354.3723065813
999			112.295	354.22316430792
1000		112.335	354.14763596641
1001		112.375	354.01959324075
1002		112.415	353.84446191354
1003		112.455	353.49468573852
1004		112.495	353.26680071184
1005		112.535	353.01392906329
1006		112.575	352.84195314837
1007		112.615	352.49368605013
1008		112.655	-nan
1009		112.695	352.06565211892
1010		112.735	352.04947080002
1011		112.775	352.10786310751
1012		112.815	352.28209878636
1013		112.855	352.4580518818
1014		112.895	352.97638995247
1015		112.935	352.59919337755
1016		112.975	352.54588006025
1017		113.015	352.72285708743
1018		113.055	352.72275422978
1019		113.095	-nan
1020		113.135	-nan
1021		113.175	-nan
1022		113.215	-nan
1023		113.255	-nan
1024		113.295	-nan
1025		113.335	-nan
1026		113.375	-nan
1027		113.415	-nan
1028		113.455	-nan
1029		113.495	349.62694912397
1030		113.535	349.08882938424
1031		113.575	348.85840720515
1032		113.615	348.75208659234
1033		113.655	348.7402048623
1034		113.695	348.70947727373
1035		113.735	348.66992652871
1036		113.775	348.70272136082
1037		113.815	348.62741183245
1038		113.855	348.47663232149
1039		113.895	348.13304438207
1040		113.935	-nan
1041		113.975	347.08177403649
1042		114.015	346.61370805178
1043		114.055	346.09512836025
1044		114.095	345.6579643998
1045		114.135	345.00306979166
1046		114.175	344.47587514994
1047		114.215	343.82072928681
1048		114.255	343.30156807122
1049		114.295	342.99695144171
1050		114.335	342.99978724159
1051		114.375	-nan
1052		114.415	-nan
1053		114.455	-nan
1054		114.495	-nan
1055		114.535	-nan
1056		114.575	-nan
1057		114.615	-nan
1058		114.655	-nan
1059		114.695	-nan
1060		114.735	-nan
1061		114.775	340.55899647671
1062		114.815	339.61593867231
1063		114.855	338.95096714047
1064		114.895	338.36474949254
1065		114.935	337.7701321972
1066		114.975	337.369441345
1067		115.015	336.91197837244
1068		115.055	336.53583036378
1069		115.095	336.23144347761
1070		115.135	335.91333695696
1071		115.175	335.53762547681
1072		115.215	-nan
1073		115.255	335.05548505304
1074		115.295	335.02157672613
1075		115.335	334.92278960967
1076		115.375	334.84015589049
1077		115.415	334.67102160051
1078		115.455	334.40045790204
1079		115.495	333.99266801481
1080		115.535	333.5134821208
1081		115.575	333.11928458659
1082		115.615	332.97405574526
1083		115.655	-nan
1084		115.695	-nan
1085		115.735	-nan
1086		115.775	-nan
1087		115.815	-nan
1088		115.855	-nan
1089		115.895	-nan
1090		115.935	-nan
1091		115.975	-nan
1092		116.015	-nan
1093		116.055	328.95724457651
1094		116.095	328.46660989092
1095		116.135	328.23584969028
1096		116.175	328.09782465089
1097		116.215	327.96664041666
1098		116.255	327.82339844889
1099		116.295	327.6232430948
1100		116.335	327.27926145995
1101		116.375	326.91829463608
1102		116.415	326.46026415318
1103		116.455	325.86121204059
1104		116.495	-nan
1105		116.535	324.86721712199
1106		116.575	324.52500774032
1107		116.615	324.19895715218
1108		116.655	323.9295293717
1109		116.695	323.71310063545
1110		116.735	323.50078684997
1111		116.775	323.31204540759
1112		116.815	323.16962959411
1113		116.855	323.19956919636
1114		116.895	323.55905654431
1115		116.935	-nan
1116		116.975	-nan
1117		117.015	-nan
1118		117.055	-nan
1119		117.095	-nan
1120		117.135	-nan
1121		117.175	-nan
1122		117.215	-nan
1123		117.255	-nan
1124		117.295	-nan
1125		117.335	321.29740121989
1126		117.375	320.59198701638
1127		117.415	320.22874918477
1128		117.455	320.06182677723
1129		117.495	320.0131960299
1130		117.535	320.06684276182
1131		117.575	320.11823154011
1132		117.615	320.20769482706
1133		117.655	320.29072602795
1134		117.695	320.37111615566
1135		117.735	320.36469699967
1136		117.775	-nan
1137		117.815	320.52981687267
1138		117.855	320.62379296325
1139		117.895	320.64347070061
1140		117.935	320.53181746733
1141		117.975	320.39137549422
1142		118.015	320.12583981211
1143		118.055	319.85637958935
1144		118.095	319.60886821672
1145		118.135	319.51829771694
1146		118.175	319.67008916203
1147		118.215	-nan
1148		118.255	-nan
1149		118.295	-nan
1150		118.335	-nan
1151		118.375	-nan
1152		118.415	-nan
1153		118.455	-nan
1154		118.495	-nan
1155		118.535	-nan
1156		118.575	-nan
1157		118.615	321.01576938116
1158		118.655	320.7767517561
1159		118.695	320.77484708455
1160		118.735	320.87657409215
1161		118.775	320.99616835911
1162		118.815	321.09549574304
1163		118.855	321.07998377326
1164		118.895	321.07523439871
1165		118.935	321.02088521642
1166		118.975	320.96069880363
1167		119.015	320.93262094979
1168		119.055	-nan
1169		119.095	321.41548965051
1170		119.135	321.7690566254
1171		119.175	322.0535873549
1172		119.215	322.38316021902
1173		119.255	322.70675436742
1174		119.295	323.00296032685
1175		119.335	323.30684463283
1176		119.375	323.60126997816
1177		119.415	323.98892463403
1178		119.455	324.53098864573
1179		119.495	-nan
1180		119.535	-nan
1181		119.575	-nan
1182		119.615	-nan
1183		119.655	-nan
1184		119.695	-nan
1185		119.735	-nan
1186		119.775	-nan
1187		119.815	-nan
1188		119.855	-nan
1189		119.895	326.42974016151
1190		119.935	326.34584556837
1191		119.975	326.61264262356
1192		120.015	327.24214324191
1193		120.055	327.59954626275
1194		120.095	328.16420809948
1195		120.135	328.6121885815
1196		120.175	329.04373683626
1197		120.215	329.48235063706
1198		120.255	329.89927957376
1199		120.295	330.2214825995
1200		120.335	-nan
1201		120.375	331.11311954746
1202		120.415	331.44758234075
1203		120.455	331.94092543636
1204		120.495	331.88964095435
1205		120.535	332.12000235575
1206		120.575	332.33530827405
1207		120.615	332.56354149111
1208		120.655	332.86588433202
1209		120.695	333.33509893039
1210		120.735	334.06545648439
1211		120.775	-nan
1212		120.815	-nan
1213		120.855	-nan
1214		120.895	-nan
1215		120.935	-nan
1216		120.975	-nan
1217		121.015	-nan
1218		121.055	-nan
1219		121.095	-nan
1220		121.135	-nan
1221		121.175	339.44328854435
1222		121.215	339.41887602322
1223		121.255	339.5666910061
1224		121.295	339.97959394207
1225		121.335	340.37050915141
1226		121.375	340.72707799465
1227		121.415	341.08799547659
1228		121.455	341.4157984967
1229		121.495	341.82990037756
1230		121.535	342.26872763329
1231		121.575	342.70273768037
1232		121.615	-nan
1233		121.655	344.0616811531
1234		121.695	344.70071372884
1235		121.735	345.24308364497
1236		121.775	345.79138698853
1237		121.815	346.27590182724
1238		121.855	346.72358286394
1239		121.895	347.1425600491
1240		121.935	347.49353526352
1241		121.975	347.98005389666
1242		122.015	348.60671525684
1243		122.055	-nan
1244		122.095	-nan
1245		122.135	-nan
1246		122.175	-nan
1247		122.215	-nan
1248		122.255	-nan
1249		122.295	-nan
1250		122.335	-nan
1251		122.375	-nan
1252		122.415	-nan
1253		122.455	352.96542647066
1254		122.495	353.07643360133
1255		122.535	353.50465429202
1256		122.575	354.07665126829
1257		122.615	354.89898932828
1258		122.655	355.15226543028
1259		122.695	355.55377220681
1260		122.735	355.88209410544
1261		122.775	356.16950055441
1262		122.815	356.43381707504
1263		122.855	356.6979388089
1264		122.895	-nan
1265		122.935	357.41775504411
1266		122.975	357.77282164012
1267		123.015	357.97887654718
1268		123.055	358.20221321634
1269		123.095	358.51672286323
1270		123.135	358.86998660461
1271		123.175	359.19364908044
1272		123.215	359.59533866228
1273		123.255	360.10164442984
1274		123.295	360.8939216195
1275		123.335	-nan
1276		123.375	-nan
1277		123.415	-nan
1278		123.455	-nan
1279		123.495	-nan
1280		123.535	-nan
1281		123.575	-nan
1282		123.615	-nan
1283		123.655	-nan
1284		123.695	-nan
1285		123.735	363.88143439333
1286		123.775	363.54123949173
1287		123.815	363.59762650697
1288		123.855	363.84162428121
1289		123.895	364.1231975248
1290		123.935	364.38212804197
1291		123.975	364.60556878729
1292		124.015	364.7847422861
1293		124.055	365.05597586648
1294		124.095	365.37565836446
1295		124.135	365.63472020931
1296		124.175	-nan
1297		124.215	366.28386979264
1298		124.255	366.51803208454
1299		124.295	366.63106673577
1300		124.335	366.73250163381
1301		124.375	366.83962330329
1302		124.415	366.85766708308
1303		124.455	366.89101055571
1304		124.495	366.8070045288
1305		124.535	366.85593445411
1306		124.575	367.14425492298
1307		124.615	-nan
1308		124.655	-nan
1309		124.695	-nan
1310		124.735	-nan
1311		124.775	-nan
1312		124.815	-nan
1313		124.855	-nan
1314		124.895	-nan
1315		124.935	-nan
1316		124.975	-nan
1317		125.015	368.43862793913
1318		125.055	367.51614514065
1319		125.095	367.47900032527
1320		125.135	367.5274533035
1321		125.175	367.5695968483
1322		125.215	367.50818656571
1323		125.255	367.32841651104
1324		125.295	367.13562019775
1325		125.335	367.06143769491
1326		125.375	366.97359737951
1327		125.415	366.87999999934
1328		125.455	-nan
1329		125.495	366.69515953463
1330		125.535	366.65607813195
1331		125.575	366.56316018924
1332		125.615	366.49675828467
1333		125.655	366.49350618837
1334		125.695	366.45130118397
1335		125.735	366.3733501043
1336		125.775	366.27045869461
1337		125.815	366.28440128845
1338		125.855	366.56223996624
1339		125.895	-nan
1340		125.935	-nan
1341		125.975	-nan
1342		126.015	-nan
1343		126.055	-nan
1344		126.095	-nan
1345		126.135	-nan
1346		126.175	-nan
1347		126.215	-nan
1348		126.255	-nan
1349		126.295	364.13766881284
1350		126.335	363.45119415715
1351		126.375	363.1617711233
1352		126.415	363.02929062199
1353		126.455	362.9209554335
1354		126.495	362.76927684604
1355		126.535	362.88711564055
1356		126.575	362.42674008616
1357		126.615	362.24534765644
1358		126.655	362.08829639173
1359		126.695	361.8085988089
1360		126.735	-nan
1361		126.775	361.19116810901
1362		126.815	360.92969540415
1363		126.855	360.60379636462
1364		126.895	360.28845350321
1365		126.935	359.98557366872
1366		126.975	359.71128275566
1367		127.015	359.373389778
1368		127.055	359.03170356772
1369		127.095	358.80606954319
1370		127.135	358.87930009646
1371		127.175	-nan
1372		127.215	-nan
1373		127.255	-nan
1374		127.295	-nan
1375		127.335	-nan
1376		127.375	-nan
1377		127.415	-nan
1378		127.455	-nan
1379		127.495	-nan
1380		127.535	-nan
1381		127.575	355.98851051098
1382		127.615	355.17481669345
1383		127.655	354.67547877981
1384		127.695	354.30848380284
1385		127.735	353.94759148565
1386		127.775	353.58066095585
1387		127.815	353.15885691042
1388		127.855	352.82202453237
1389		127.895	352.52702484982
1390		127.935	352.2901969486
1391		127.975	351.96432000787
1392		128.015	-nan
1393		128.055	351.49905637121
1394		128.095	351.36438121641
1395		128.135	351.16529969399
1396		128.175	350.99555382354
1397		128.215	350.82857095327
1398		128.255	350.58034736675
1399		128.295	350.32940172426
1400		128.335	349.97873390616
1401		128.375	349.72440686861
1402		128.415	349.71945616392
1403		128.455	-nan
1404		128.495	-nan
1405		128.535	-nan
1406		128.575	-nan
1407		128.615	-nan
1408		128.655	-nan
1409		128.695	-nan
1410		128.735	-nan
1411		128.775	-nan
1412		128.815	-nan
1413		128.855	347.09786584526
1414		128.895	346.42985485926
1415		128.935	346.14888221143
1416		128.975	345.9585146215
1417		129.015	345.78449908398
1418		129.055	345.61596089724
1419		129.095	345.39201748459
1420		129.135	345.1381493776
1421		129.175	344.95228774012
1422		129.215	344.7447151748
1423		129.255	344.50589439522
1424		129.295	-nan
1425		129.335	344.04111012495
1426		129.375	343.87978197023
1427		129.415	343.63431977198
1428		129.455	343.41043490492
1429		129.495	343.23849096406
1430		129.535	343.08918014871
1431		129.575	342.86311559865
1432		129.615	342.70511300167
1433		129.655	342.65999464638
1434		129.695	342.91339700853
1435		129.735	-nan
1436		129.775	-nan
1437		129.815	-nan
1438		129.855	-nan
1439		129.895	-nan
1440		129.935	-nan
1441		129.975	-nan
1442		130.015	-nan
1443		130.055	-nan
1444		130.095	-nan
1445		130.135	341.82913460496
1446		130.175	341.25981333979
1447		130.215	340.65860520192
1448		130.255	340.58260167223
1449		130.295	339.39742979616
1450		130.335	338.86002490612
1451		130.375	339.21105704927
1452		130.415	340.46070249511
1453		130.455	341.16980869907
1454		130.495	341.28317503879
1455		130.535	341.31569169515
1456		130.575	-nan
1457		130.615	341.50395105304
1458		130.655	341.62241247604
1459		130.695	341.70594547733
1460		130.735	341.79340771914
1461		130.775	341.87069189669
1462		130.815	341.9534582291
1463		130.855	341.96313167211
1464		130.895	341.96371245241
1465		130.935	342.11168849839
1466		130.975	342.48011389205
1467		131.015	-nan
1468		131.055	-nan
1469		131.095	-nan
1470		131.135	-nan
1471		131.175	-nan
1472		131.215	-nan
1473		131.255	-nan
1474		131.295	-nan
1475		131.335	-nan
1476		131.375	-nan
1477		131.415	343.90681471793
1478		131.455	343.67160074495
1479		131.495	343.66576083778
1480		131.535	343.8946499345
1481		131.575	344.05857994028
1482		131.615	344.18096841347
1483		131.655	344.35174657242
1484		131.695	344.4829941836
1485		131.735	344.64667309722
1486		131.775	344.86005432564
1487		131.815	345.01818323046
1488		131.855	-nan
1489		131.895	345.53476348214
1490		131.935	345.77444447528
1491		131.975	346.03350552858
1492		132.015	346.41888154732
1493		132.055	346.50642579826
1494		132.095	346.75597346042
1495		132.135	346.97530133935
1496		132.175	347.2345869607
1497		132.215	347.57339962597
1498		132.255	348.18633963745
1499		132.295	-nan
1500		132.335	-nan
1501		132.375	-nan
1502		132.415	-nan
1503		132.455	-nan
1504		132.495	-nan
1505		132.535	-nan
1506		132.575	-nan
1507		132.615	-nan
1508		132.655	-nan
1509		132.695	351.52910911592
1510		132.735	351.30234146073
1511		132.775	351.52456907817
1512		132.815	351.92146776846
1513		132.855	352.4727287351
1514		132.895	352.78048375609
1515		132.935	353.17572652621
1516		132.975	353.56547549889
1517		133.015	353.96691953751
1518		133.055	354.39899758295
1519		133.095	354.70535565559
1520		133.135	-nan
1521		133.175	355.69073091651
1522		133.215	356.08868770191
1523		133.255	356.52483630757
1524		133.295	356.93935054462
1525		133.335	357.3581763172
1526		133.375	357.74783176084
1527		133.415	358.10955143929
1528		133.455	358.49609492852
1529		133.495	359.090333122
1530		133.535	359.72305858775
1531		133.575	-nan
1532		133.615	-nan
1533		133.655	-nan
1534		133.695	-nan
1535		133.735	-nan
1536		138.895	-nan
1537		138.935	-nan
1538		138.975	-nan
1539		139.015	-nan
1540		139.055	-nan
1541		139.095	384.559479594
1542		139.135	383.75784265322
1543		139.175	383.25044902164
1544		139.215	382.91658132297
1545		139.255	382.61356314469
1546		139.295	382.30475947577
1547		139.335	381.86184053293
1548		139.375	381.49652248049
1549		139.415	381.11444513168
1550		139.455	380.82974836197
1551		139.495	380.44585025259
1552		139.535	-nan
1553		139.575	379.7661730412
1554		139.615	379.56371185349
1555		139.655	379.29456436978
1556		139.695	379.06733813243
1557		139.735	378.83738190642
1558		139.775	378.603387307
1559		139.815	378.26770819172
1560		139.855	377.95480461103
1561		139.895	377.75570678038
1562		139.935	377.91311066561
1563		139.975	-nan
1564		140.015	-nan
1565		140.055	-nan
1566		140.095	-nan
1567		140.135	-nan
1568		140.175	-nan
1569		140.215	-nan
1570		140.255	-nan
1571		140.295	-nan
1572		140.335	-nan
1573		140.375	374.07095232319
1574		140.415	373.26759416658
1575		140.455	372.80771654759
1576		140.495	372.57884295207
1577		140.535	372.32079946127
1578		140.575	372.0937402388
1579		140.615	371.82379571148
1580		140.655	371.59119541663
1581		140.695	371.33199622251
1582		140.735	371.0876458798
1583		140.775	370.72766952104
1584		140.815	-nan
1585		140.855	370.01528098568
1586		140.895	369.7476808702
1587		140.935	369.38977211283
1588		140.975	369.09334431653
1589		141.015	368.78504896219
1590		141.055	368.45180638869
1591		141.095	368.09751149173
1592		141.135	367.75485644708
1593		141.175	367.54399901296
1594		141.215	367.64583244977
1595		141.255	-nan
1596		141.295	-nan
1597		141.335	-nan
1598		141.375	-nan
1599		141.415	-nan
1600		141.455	-nan
1601		141.495	-nan
1602		141.535	-nan
1603		141.575	-nan
1604		141.615	-nan
1605		141.655	365.56225117675
1606		141.695	364.21549330158
1607		141.735	363.80592371465
1608		141.775	363.50614942313
1609		141.815	363.29729359493
1610		141.855	363.0469365363
1611		141.895	362.76304579135
1612		141.935	362.51457770939
1613		141.975	362.28730206009
1614		142.015	362.06136655334
1615		142.055	361.85638789059
1616		142.095	-nan
1617		142.135	361.55060091447
1618		142.175	361.50220246745
1619		142.215	361.43714869883
1620		142.255	361.33160372644
1621		142.295	361.26119674298
1622		142.335	361.17898396062
1623		142.375	360.99286145355
1624		142.415	360.81275367819
1625		142.455	360.67913132295
1626		142.495	360.82911888936
1627		142.535	-nan
1628		142.575	-nan
1629		142.615	-nan
1630		142.655	-nan
1631		142.695	-nan
1632		142.735	-nan
1633		142.775	-nan
1634		142.815	-nan
1635		142.855	-nan
1636		142.895	-nan
1637		142.935	359.610255236
1638		142.975	359.10262498473
1639		143.015	358.90440673917
1640		143.055	358.90551412958
1641		143.095	358.89621693737
1642		143.135	358.85529358235
1643		143.175	358.82987595107
1644		143.215	358.69089781474
1645		143.255	358.63405740603
1646		143.295	358.54449346651
1647		143.335	358.45704050298
1648		143.375	-nan
1649		143.415	358.34677932874
1650		143.455	358.32006431508
1651		143.495	358.32176082097
1652		143.535	358.34876120582
1653		143.575	358.4280759533
1654		143.615	358.46180598248
1655		143.655	358.51536635827
1656		143.695	358.53112920982
1657		143.735	358.75438944949
1658		143.775	359.20458225054
1659		143.815	-nan
1660		143.855	-nan
1661		143.895	-nan
1662		143.935	-nan
1663		143.975	-nan
1664		144.015	-nan
1665		144.055	-nan
1666		144.095	-nan
1667		144.135	-nan
1668		144.175	-nan
1669		144.215	359.88712813284
1670		144.255	359.47374059692
1671		144.295	359.39575333217
1672		144.335	359.52066130364
1673		144.375	359.64733159352
1674		144.415	359.93558265109
1675		144.455	360.16338201262
1676		144.495	360.32410458807
1677		144.535	360.61619340053
1678		144.575	360.87839503793
1679		144.615	361.05972758215
1680		144.655	-nan
1681		144.695	361.6434684657
1682		144.735	361.88408586535
1683		144.775	362.10069299859
1684		144.815	362.27090439548
1685		144.855	362.47278925149
1686		144.895	362.62076054985
1687		144.935	362.68988286717
1688		144.975	362.81509231288
1689		145.015	363.04591680023
1690		145.055	363.55506328233
1691		145.095	-nan
1692		145.135	-nan
1693		145.175	-nan
1694		145.215	-nan
1695		145.255	-nan
1696		145.295	-nan
1697		145.335	-nan
1698		145.375	-nan
1699		145.415	-nan
1700		145.455	-nan
1701		145.495	366.50010230689
1702		145.535	366.28086628003
1703		145.575	366.37683671142
1704		145.615	366.58332999285
1705		145.655	366.89801191734
1706		145.695	367.06727939694
1707		145.735	367.25671095763
1708		145.775	367.3274206581
1709		145.815	367.71545629009
1710		145.855	367.79748086035
1711		145.895	368.04580229484
1712		145.935	-nan
1713		145.975	368.90833401505
1714		146.015	369.1567720775
1715		146.055	369.48685700289
1716		146.095	369.83555773439
1717		146.135	370.16646294911
1718		146.175	370.50666148408
1719		146.215	370.83966365391
1720		146.255	371.1224160358
1721		146.295	371.46773883898
1722		146.335	372.21668757687
1723		146.375	-nan
1724		146.415	-nan
1725		146.455	-nan
1726		146.495	-nan
1727		146.535	-nan
1728		146.575	-nan
1729		146.615	-nan
1730		146.655	-nan
1731		146.695	-nan
1732		146.735	-nan
1733		146.775	375.14550317173
1734		146.815	374.89379265388
1735		146.855	375.09814949761
1736		146.895	375.46942067372
1737		146.935	375.91018477408
1738		146.975	376.29913721259
1739		147.015	376.69159982969
1740		147.055	377.00312185072
1741		147.095	377.30330537014
1742		147.135	377.61879056452
1743		147.175	377.89045485183
1744		147.215	-nan
1745		147.255	378.57102568306
1746		147.295	378.77261304336
1747		147.335	378.92147101436
1748		147.375	379.04725720809
1749		147.415	379.28589865723
1750		147.455	379.47887388975
1751		147.495	379.63830894361
1752		147.535	379.81952423313
1753		147.575	380.16739261295
1754		147.615	380.8882351185
1755		147.655	-nan
1756		147.695	-nan
1757		147.735	-nan
1758		147.775	-nan
1759		147.815	-nan
1760		147.855	-nan
1761		147.895	-nan
1762		147.935	-nan
1763		147.975	-nan
1764		148.015	-nan
1765		148.055	383.79863518654
1766		148.095	383.32480079877
1767		148.135	383.28407450721
1768		148.175	383.37983308132
1769		148.215	383.48043962206
1770		148.255	383.56087369464
1771		148.295	383.6219498342
1772		148.335	383.68041147266
1773		148.375	383.82273339421
1774		148.415	384.01629092992
1775		148.455	384.11385864002
1776		148.495	-nan
1777		148.535	384.67147352482
1778		148.575	385.06485925332
1779		148.615	385.27505704425
1780		148.655	385.54778204967
1781		148.695	385.65834900352
1782		148.735	385.77390273417
1783		148.775	385.86229769549
1784		148.815	385.90186193523
1785		148.855	386.06987718194
1786		148.895	386.5234993799
1787		148.935	-nan
1788		148.975	-nan
1789		149.015	-nan
1790		149.055	-nan
1791		149.095	-nan
1792		149.135	-nan
1793		149.175	-nan
1794		149.215	-nan
1795		149.255	-nan
1796		149.295	-nan
1797		149.335	386.41203806955
1798		149.375	385.95301674403
1799		149.415	385.84923893795
1800		149.455	385.89008836177
1801		149.495	386.05291850234
1802		149.535	386.04009324066
1803		149.575	385.95938988845
1804		149.615	385.85944097565
1805		149.655	386.1858336799
1806		149.695	385.15567014652
1807		149.735	384.80460002026
1808		149.775	-nan
1809		149.815	383.00108791159
1810		149.855	383.00123023147
1811		149.895	382.78010196001
1812		149.935	382.12901430672
1813		149.975	383.00241806618
1814		150.015	383.16384695706
1815		150.055	382.17899193975
1816		150.095	382.62607265374
1817		150.135	383.67967458575
1818		150.175	384.07448279571
1819		150.215	-nan
1820		150.255	-nan
1821		150.295	-nan
1822		150.335	-nan
1823		150.375	-nan
1824		150.415	-nan
1825		150.455	-nan
1826		150.495	-nan
1827		150.535	-nan
1828		150.575	-nan
1829		150.615	382.60627423763
1830		150.655	381.87289977483
1831		150.695	381.1650137916
1832		150.735	380.92677584351
1833		150.775	380.73201635812
1834		150.815	380.48884011785
1835		150.855	380.2139803228
1836		150.895	379.96466721265
1837		150.935	379.71726470169
1838		150.975	379.48710335347
1839		151.015	379.22405862738
1840		151.055	-nan
1841		151.095	378.6586539611
1842		151.135	378.43474391302
1843		151.175	378.11524674137
1844		151.215	377.81689292597
1845		151.255	377.44694207301
1846		151.295	377.03367416774
1847		151.335	376.64235113339
1848		151.375	376.20724053191
1849		151.415	375.68120169742
1850		151.455	375.63608111981
1851		151.495	-nan
1852		151.535	-nan
1853		151.575	-nan
1854		151.615	-nan
1855		151.655	-nan
1856		151.695	-nan
1857		151.735	-nan
1858		151.775	-nan
1859		151.815	-nan
1860		151.855	-nan
1861		151.895	371.57904859097
1862		151.935	370.73850304468
1863		151.975	370.1551201787
1864		152.015	369.77556134399
1865		152.055	369.39737630699
1866		152.095	368.91730739903
1867		152.135	368.42866277867
1868		152.175	367.9049176068
1869		152.215	367.42908580874
1870		152.255	367.01344143108
1871		152.295	366.50837917786
1872		152.335	-nan
1873		152.375	365.54771827259
1874		152.415	365.21022756377
1875		152.455	364.81529614427
1876		152.495	364.483504987
1877		152.535	364.12258740517
1878		152.575	363.79946230064
1879		152.615	363.44129812708
1880		152.655	363.1093542644
1881		152.695	362.84981947577
1882		152.735	362.9075241555
1883		152.775	-nan
1884		152.815	-nan
1885		152.855	-nan
1886		152.895	-nan
1887		152.935	-nan
1888		152.975	-nan
1889		153.015	-nan
1890		153.055	-nan
1891		153.095	-nan
1892		153.135	-nan
1893		153.175	357.89227175585
1894		153.215	357.04331194794
1895		153.255	356.56702811278
1896		153.295	356.26553148235
1897		153.335	356.01720255367
1898		153.375	355.73915447506
1899		153.415	355.46146202913
1900		153.455	355.19020320122
1901		153.495	354.84941420676
1902		153.535	354.59627020732
1903		153.575	354.16590340713
1904		153.615	-nan
1905		153.655	353.22820719528
1906		153.695	352.83465046905
1907		153.735	352.37425710835
1908		153.775	351.92654678162
1909		153.815	351.48186832811
1910		153.855	351.10406784127
1911		153.895	350.66441522978
1912		153.935	350.22181588359
1913		153.975	349.94320415948
1914		154.015	349.8899979136
1915		154.055	-nan
1916		154.095	-nan
1917		154.135	-nan
1918		154.175	-nan
1919		154.215	-nan
1920		154.255	-nan
1921		154.295	-nan
1922		154.335	-nan
1923		154.375	-nan
1924		154.415	-nan
1925		154.455	346.86949218537
1926		154.495	346.0674376217
1927		154.535	345.57215351665
1928		154.575	345.22605696692
1929		154.615	344.91143271577
1930		154.655	344.53971262761
1931		154.695	344.1457012061
1932		154.735	343.78239960583
1933		154.775	343.47492522984
1934		154.815	343.24426257976
1935		154.855	343.01446381447
1936		154.895	-nan
1937		154.935	342.59296910154
1938		154.975	342.46397159176
1939		155.015	342.31900125869
1940		155.055	342.19109414928
1941		155.095	342.01649839968
1942		155.135	341.84700933731
1943		155.175	341.56087456027
1944		155.215	341.24117126398
1945		155.255	341.04795682683
1946		155.295	340.99369316238
1947		155.335	-nan
1948		155.375	-nan
1949		155.415	-nan
1950		155.455	-nan
1951		155.495	-nan
1952		155.535	-nan
1953		155.575	-nan
1954		155.615	-nan
1955		155.655	-nan
1956		155.695	-nan
1957		155.735	338.63588729017
1958		155.775	338.15306648874
1959		155.815	338.03818632124
1960		155.855	338.01621702015
1961		155.895	338.01116899388
1962		155.935	337.96642158362
1963		155.975	337.85024403485
1964		156.015	337.70875794348
1965		156.055	337.6191193283
1966		156.095	337.45261544348
1967		156.135	337.27819536353
1968		156.175	-nan
1969		156.215	336.8665176583
1970		156.255	336.7686874754
1971		156.295	336.58739874862
1972		156.335	336.45200484301
1973		156.375	336.3593851444
1974		156.415	336.26885751694
1975		156.455	336.1744296181
1976		156.495	336.1650465614
1977		156.535	336.27490664306
1978		156.575	336.58606165634
1979		156.615	-nan
1980		156.655	-nan
1981		156.695	-nan
1982		156.735	-nan
1983		156.775	-nan
1984		156.815	-nan
1985		156.855	-nan
1986		156.895	-nan
1987		156.935	-nan
1988		156.975	-nan
1989		157.015	335.96675170396
1990		157.055	335.51639705032
1991		157.095	335.32603921932
1992		157.135	335.31735666045
1993		157.175	335.28594504827
1994		157.215	335.24731689675
1995		157.255	335.24208203666
1996		157.295	335.25966292884
1997		157.335	335.31068021515
1998		157.375	335.36848403387
1999		157.415	335.42499399803
2000		157.455	-nan
2001		157.495	335.89492185587
2002		157.535	335.84434260065
2003		157.575	335.85024560852
2004		157.615	335.92564315904
2005		157.655	335.95067774383
2006		157.695	335.93557124471
2007		157.735	335.84919485211
2008		157.775	335.74291532395
2009		157.815	335.69747421734
2010		157.855	335.92377536921
2011		157.895	-nan
2012		157.935	-nan
2013		157.975	-nan
2014		158.015	-nan
2015		158.055	-nan
2016		158.095	-nan
2017		158.135	-nan
2018		158.175	-nan
2019		158.215	-nan
2020		158.255	-nan
2021		158.295	336.8462809801
2022		158.335	337.077840077
2023		158.375	336.52688511732
2024		158.415	336.5962234334
2025		158.455	336.6851898222
2026		158.495	336.74141013275
2027		158.535	336.72239819184
2028		158.575	336.72773641481
2029		158.615	336.74559165971
2030		158.655	336.77676300358
2031		158.695	336.73048644733
2032		158.735	-nan
2033		158.775	336.82876697307
2034		158.815	336.92696700061
2035		158.855	337.02893019322
2036		158.895	337.17379570103
2037		158.935	337.32966411876
2038		158.975	337.49787466599
2039		159.015	337.67858299714
2040		159.055	337.78974633003
2041		159.095	337.95905683792
2042		159.135	338.39974272486
2043		159.175	-nan
2044		159.215	-nan
2045		159.255	-nan
2046		159.295	-nan
2047		159.335	-nan
2048		159.375	-nan
2049		159.415	-nan
2050		159.455	-nan
2051		159.495	-nan
2052		159.535	-nan
2053		159.575	338.37738619641
2054		159.615	337.9975955067
2055		159.655	337.98127825559
2056		159.695	338.07033777857
2057		159.735	338.21479325675
2058		159.775	338.37917744168
2059		159.815	338.49267280107
2060		159.855	338.63461750627
2061		159.895	338.77793908176
2062		159.935	338.88334784291
2063		159.975	338.84492803808
2064		160.015	-nan
2065		160.055	338.94863938158
2066		160.095	339.00830899383
2067		160.135	339.01130674774
2068		160.175	338.97468214579
2069		160.215	338.98431097007
2070		160.255	338.91458960687
2071		160.295	338.80081202216
2072		160.335	338.70191269577
2073		160.375	338.68986541709
2074		160.415	339.00192362908
2075		160.455	-nan
2076		160.495	-nan
2077		160.535	-nan
2078		160.575	-nan
2079		160.615	-nan
2080		160.655	-nan
2081		160.695	-nan
2082		160.735	-nan
2083		160.775	-nan
2084		160.815	-nan
2085		160.855	339.44602572695
2086		160.895	338.92364708964
2087		160.935	338.65118808809
2088		160.975	338.55457832929
2089		161.015	338.41321929162
2090		161.055	338.22572845213
2091		161.095	338.04726221748
2092		161.135	337.88705357968
2093		161.175	337.78204955627
2094		161.215	337.71523565082
2095		161.255	337.55647542613
2096		161.295	-nan
2097		161.335	337.48158312561
2098		161.375	337.51879360572
2099		161.415	337.49561071563
2100		161.455	337.47841477473
2101		161.495	337.44807641729
2102		161.535	337.37156369769
2103		161.575	337.23624433798
2104		161.615	337.05155174056
2105		161.655	336.99430470366
2106		161.695	337.14034313986
2107		161.735	-nan
2108		161.775	-nan
2109		161.815	-nan
2110		161.855	-nan
2111		161.895	-nan
2112		161.935	-nan
2113		161.975	-nan
2114		162.015	-nan
2115		162.055	-nan
2116		162.095	-nan
2117		162.135	334.62248305805
2118		162.175	334.06706528333
2119		162.215	333.7941796795
2120		162.255	333.63033296118
2121		162.295	333.51857293852
2122		162.335	333.36090187802
2123		162.375	333.23407849383
2124		162.415	332.9273710694
2125		162.455	332.73744929769
2126		162.495	332.46198552108
2127		162.535	332.08354648475
2128		162.575	-nan
2129		162.615	331.3171340181
2130		162.655	331.02027348457
2131		162.695	330.67688545014
2132		162.735	330.33883717565
2133		162.775	330.06942592002
2134		162.815	329.83217549048
2135		162.855	329.52727154849
2136		162.895	329.21224341466
2137		162.935	329.03275532969
2138		162.975	329.12914357689
2139		163.015	-nan
2140		163.055	-nan
2141		163.095	-nan
2142		163.135	-nan
2143		163.175	-nan
2144		163.215	-nan
2145		163.255	-nan
2146		163.295	-nan
2147		163.335	-nan
2148		163.375	-nan
2149		163.415	326.15398997741
2150		163.455	325.29104791312
2151		163.495	324.70488019027
2152		163.535	324.27913858539
2153		163.575	323.89256782402
2154		163.615	323.5263495363
2155		163.655	323.13872336562
2156		163.695	322.80912670364
2157		163.735	322.47622314404
2158		163.775	322.19078533046
2159		163.815	321.63109155268
2160		163.855	-nan
2161		163.895	320.9682500891
2162		163.935	320.92986522596
2163		163.975	320.66021880908
2164		164.015	320.39724982983
2165		164.055	319.99991811363
2166		164.095	319.60486567479
2167		164.135	319.10633834982
2168		164.175	318.53898233655
2169		164.215	318.07797689474
2170		164.255	317.88511507406
2171		164.295	-nan
2172		164.335	-nan
2173		164.375	-nan
2174		164.415	-nan
2175		164.455	-nan
2176		164.495	-nan
2177		164.535	-nan
2178		164.575	-nan
2179		164.615	-nan
2180		164.655	-nan
2181		164.695	312.20675036226
2182		164.735	311.49409772662
2183		164.775	310.97127643973
2184		164.815	310.63144137611
2185		164.855	310.26574565502
2186		164.895	309.89905229744
2187		164.935	309.43961656562
2188		164.975	308.96241433875
2189		165.015	308.47438217084
2190		165.055	307.98243728963
2191		165.095	307.42247854521
2192		165.135	-nan
2193		165.175	306.36046525301
2194		165.215	306.01688664905
2195		165.255	305.61951622394
2196		165.295	305.20753996335
2197		165.335	304.87194531946
2198		165.375	304.51183187493
2199		165.415	304.14429896992
2200		165.455	303.83121609142
2201		165.495	303.55550732839
2202		165.535	303.50805494197
2203		165.575	-nan
2204		165.615	-nan
2205		165.655	-nan
2206		165.695	-nan
2207		165.735	-nan
2208		165.775	-nan
2209		165.815	-nan
2210		165.855	-nan
2211		165.895	-nan
2212		165.935	-nan
2213		165.975	298.24668752678
2214		166.015	297.4846069734
2215		166.055	297.01511851552
2216		166.095	296.69413883315
2217		166.135	296.3830565073
2218		166.175	296.08053891926
2219		166.215	295.77375829541
2220		166.255	295.50418748355
2221		166.295	295.16899185177
2222		166.335	294.89954161554
2223		166.375	294.53995842782
2224		166.415	-nan
2225		166.455	293.88705330423
2226		166.495	293.63071283405
2227		166.535	293.29280852667
2228		166.575	292.91712147924
2229		166.615	292.49710293365
2230		166.655	292.15507977918
2231		166.695	291.61735658516
2232		166.735	291.18102509178
2233		166.775	290.82440053131
2234		166.815	290.71645369708
2235		166.855	-nan
2236		166.895	-nan
2237		166.935	-nan
2238		166.975	-nan
2239		167.015	-nan
2240		167.055	-nan
2241		167.095	-nan
2242		167.135	-nan
2243		167.175	-nan
2244		167.215	-nan
2245		167.255	287.56103749136
2246		167.295	286.88171169106
2247		167.335	286.39552751338
2248		167.375	285.98310264206
2249		167.415	285.65967817198
2250		167.455	285.29276710774
2251		167.495	284.92864047611
2252		167.535	284.57271999198
2253		167.575	284.27258144834
2254		167.615	284.05194323514
2255		167.655	283.74216094196
2256		167.695	-nan
2257		167.735	283.38544655908
2258		167.775	283.30863861939
2259		167.815	283.17793604503
2260		167.855	283.06310262182
2261		167.895	282.95155981394
2262		167.935	282.8175367097
2263		167.975	282.6562442754
2264		168.015	282.46952544059
2265		168.055	282.3740370845
2266		168.095	282.33482566325
2267		168.135	-nan
2268		168.175	-nan
2269		168.215	-nan
2270		168.255	-nan
2271		168.295	-nan
2272		168.335	-nan
2273		168.375	-nan
2274		168.415	-nan
2275		168.455	-nan
2276		168.495	-nan
2277		168.535	279.26563944311
2278		168.575	278.81525114242
2279		168.615	278.63239818906
2280		168.655	278.56001923888
2281		168.695	278.57669129409
2282		168.735	278.57279539792
2283		168.775	278.50535389628
2284		168.815	278.39856246675
2285		168.855	278.26565812217
2286		168.895	278.12591795091
2287		168.935	277.87275818474
2288		168.975	-nan
2289		169.015	277.47155645703
2290		169.055	277.40222107138
2291		169.095	277.22779194355
2292		169.135	277.07453658158
2293		169.175	276.96886198873
2294		169.215	276.86137923467
2295		169.255	276.76492996098
2296		169.295	276.68049433858
2297		169.335	276.69085967311
2298		169.375	276.90835518685
2299		169.415	-nan
2300		169.455	-nan
2301		169.495	-nan
2302		169.535	-nan
2303		169.575	-nan
2304		169.615	-nan
2305		169.655	-nan
2306		169.695	-nan
2307		169.735	-nan
2308		169.775	-nan
2309		169.815	275.84742945365
2310		169.855	275.30731241226
2311		169.895	274.9952755495
2312		169.935	274.81022813977
2313		169.975	274.65258287895
2314		170.015	274.50946486962
2315		170.055	274.3489715286
2316		170.095	274.24193184512
2317		170.135	274.17350455775
2318		170.175	274.16140146005
2319		170.215	274.09655807124
2320		170.255	-nan
2321		170.295	274.30919039705
2322		170.335	274.47796477862
2323		170.375	274.50771515003
2324		170.415	274.49484174836
2325		170.455	274.45196078911
2326		170.495	274.37371509177
2327		170.535	274.22376130293
2328		170.575	274.07629831765
2329		170.615	273.9807275814
2330		170.655	274.09408187045
2331		170.695	-nan
2332		170.735	-nan
2333		170.775	-nan
2334		170.815	-nan
2335		170.855	-nan
2336		170.895	-nan
2337		170.935	-nan
2338		170.975	-nan
2339		171.015	-nan
2340		171.055	-nan
2341		171.095	273.28401487063
2342		171.135	272.98368382271
2343		171.175	272.87673887207
2344		171.215	272.87292895265
2345		171.255	272.84817461048
2346		171.295	272.77905270244
2347		171.335	272.63969235577
2348		171.375	272.47527986168
2349		171.415	272.36046143107
2350		171.455	272.22079738729
2351		171.495	272.012537517
2352		171.535	-nan
2353		171.575	271.85256994237
2354		171.615	271.85379996387
2355		171.655	271.77164077351
2356		171.695	271.72069697742
2357		171.735	271.73795131412
2358		171.775	271.8266585703
2359		171.815	271.93424336574
2360		171.855	271.9999003348
2361		171.895	272.14283261405
2362		171.935	272.43626678039
2363		171.975	-nan
2364		172.015	-nan
2365		172.055	-nan
2366		172.095	-nan
2367		172.135	-nan
2368		172.175	-nan
2369		172.215	-nan
2370		172.255	-nan
2371		172.295	-nan
2372		172.335	-nan
2373		172.375	270.88715503217
2374		172.415	270.41587776998
2375		172.455	270.20962486341
2376		172.495	270.10251727559
2377		172.535	270.04713765946
2378		172.575	269.96851001977
2379		172.615	269.907891524
2380		172.655	269.86754663105
2381		172.695	269.86968328344
2382		172.735	269.89480916344
2383		172.775	269.83924238892
2384		172.815	-nan
2385		172.855	269.72048469368
2386		172.895	269.73384184293
2387		172.935	269.61735899386
2388		172.975	269.44802003136
2389		173.015	269.35268550326
2390		173.055	269.20011904369
2391		173.095	268.99882289846
2392		173.135	268.77865554437
2393		173.175	268.63505325817
2394		173.215	268.68714299892
2395		173.255	-nan
2396		173.295	-nan
2397		173.335	-nan
2398		173.375	-nan
2399		173.415	-nan
2400		173.455	-nan
2401		173.495	-nan
2402		173.535	-nan
2403		173.575	-nan
2404		173.615	-nan
2405		173.655	267.5240587597
2406		173.695	267.00256635817
2407		173.735	266.66971458006
2408		173.775	266.40134589781
2409		173.815	266.12157122097
2410		173.855	265.77987646032
2411		173.895	265.47909013465
2412		173.935	265.16136568697
2413		173.975	264.89048236637
2414		174.015	264.6153589888
2415		174.055	264.30997121904
2416		174.095	-nan
2417		174.135	263.92839534284
2418		174.175	263.8739437435
2419		174.215	263.76559485277
2420		174.255	263.66533276803
2421		174.295	263.59913884019
2422		174.335	263.52518597208
2423		174.375	263.39037599536
2424		174.415	263.24065255889
2425		174.455	263.14223450386
2426		174.495	263.19998211465
2427		174.535	-nan
2428		174.575	-nan
2429		174.615	-nan
2430		174.655	-nan
2431		174.695	-nan
2432		174.735	-nan
2433		174.775	-nan
2434		174.815	-nan
2435		174.855	-nan
2436		174.895	-nan
2437		174.935	259.75212668353
2438		174.975	259.26413240994
2439		175.015	259.34344022519
2440		175.055	258.83235247565
2441		175.095	258.67241815516
2442		175.135	258.4777444451
2443		175.175	258.21740816669
2444		175.215	257.92533726138
2445		175.255	257.69059566855
2446		175.295	257.38108198722
2447		175.335	257.017970243
2448		175.375	-nan
2449		175.415	256.27414462978
2450		175.455	255.99380152081
2451		175.495	255.58956141902
2452		175.535	255.28857945764
2453		175.575	254.95290125538
2454		175.615	254.62823185154
2455		175.655	254.32976753009
2456		175.695	254.04083076616
2457		175.735	253.80912279216
2458		175.775	253.8553871066
2459		175.815	-nan
2460		175.855	-nan
2461		175.895	-nan
2462		175.935	-nan
2463		175.975	-nan
2464		176.015	-nan
2465		176.055	-nan
2466		176.095	-nan
2467		176.135	-nan
2468		176.175	-nan
2469		176.215	250.99318164234
2470		176.255	250.24394384267
2471		176.295	249.68094431674
2472		176.335	249.15827174993
2473		176.375	248.66660074847
2474		176.415	248.17861404142
2475		176.455	247.69185086652
2476		176.495	247.30653426659
2477		176.535	246.96049149655
2478		176.575	246.70318880364
2479		176.615	246.37390199647
2480		176.655	-nan
2481		176.695	245.84354259326
2482		176.735	245.69669772178
2483		176.775	245.4531545174
2484		176.815	245.24008623102
2485		176.855	244.96562765113
2486		176.895	244.68230616759
2487		176.935	244.34998921597
2488		176.975	243.96402600806
2489		177.015	243.67960410551
2490		177.055	243.48224022838
2491		177.095	-nan
2492		177.135	-nan
2493		177.175	-nan
2494		177.215	-nan
2495		177.255	-nan
2496		177.295	-nan
2497		177.335	-nan
2498		177.375	-nan
2499		177.415	-nan
2500		177.455	-nan
2501		177.495	239.75857468671
2502		177.535	239.19013360541
2503		177.575	238.80332265557
2504		177.615	238.44797458636
2505		177.655	238.10017630517
2506		177.695	237.72584467814
2507		177.735	237.30991650535
2508		177.775	236.87774606049
2509		177.815	236.40635168306
2510		177.855	235.97305875491
2511		177.895	235.37861274786
2512		177.935	-nan
2513		177.975	234.37810596767
2514		178.015	234.01824292071
2515		178.055	233.67762739216
2516		178.095	233.39312166347
2517		178.135	233.16539958019
2518		178.175	232.98520508612
2519		178.215	232.77028215473
2520		178.255	232.58822832328
2521		178.295	232.46866642638
2522		178.335	232.51142891833
2523		178.375	-nan
2524		178.415	-nan
2525		178.455	-nan
2526		178.495	-nan
2527		178.535	-nan
2528		178.575	-nan
2529		178.615	-nan
2530		178.655	-nan
2531		178.695	-nan
2532		178.735	-nan
2533		178.775	228.9359563296
2534		178.815	228.31150318256
2535		178.855	227.86377709632
2536		178.895	227.50922974629
2537		178.935	227.21042660771
2538		178.975	226.94692943735
2539		179.015	226.6506354581
2540		179.055	226.43753483924
2541		179.095	226.21278409042
2542		179.135	226.05949066456
2543		179.175	225.67579212866
2544		179.215	-nan
2545		179.255	225.1941519512
2546		179.295	225.04378327574
2547		179.335	224.76479540764
2548		179.375	224.5212950558
2549		179.415	224.21855079994
2550		179.455	223.93615824783
2551		179.495	223.59028959149
2552		179.535	223.20085725055
2553		179.575	222.90750125134
2554		179.615	222.85167779748
2555		179.655	-nan
2556		179.695	-nan
2557		179.735	-nan
2558		179.775	-nan
2559		179.815	-nan
2560		179.855	-nan
2561		179.895	-nan
2562		179.935	-nan
2563		179.975	-nan
2564		180.015	-nan
2565		180.055	220.94767649596
2566		180.095	220.55858709882
2567		180.135	220.19405631762
2568		180.175	219.91097989359
2569		180.215	219.65605250566
2570		180.255	219.34848872097
2571		180.295	219.06288908275
2572		180.335	218.6602311569
2573		180.375	218.32740438747
2574		180.415	217.99912715743
2575		180.455	217.61444813327
2576		180.495	-nan
2577		180.535	217.11026118858
2578		180.575	217.04588451896
2579		180.615	216.91037195226
2580		180.655	216.78591247517
2581		180.695	216.71588837642
2582		180.735	216.66846235093
2583		180.775	216.52609762742
2584		180.815	216.4481444179
2585		180.855	216.31785371565
2586		180.895	216.50973078384
2587		180.935	-nan
2588		180.975	-nan
2589		181.015	-nan
2590		181.055	-nan
2591		181.095	-nan
2592		181.135	-nan
2593		181.175	-nan
2594		181.215	-nan
2595		181.255	-nan
2596		181.295	-nan
2597		181.335	214.55235648806
2598		181.375	214.14819059965
2599		181.415	213.9878911945
2600		181.455	213.8930076488
2601		181.495	213.83487281424
2602		181.535	213.7413931359
2603		181.575	213.61426582625
2604		181.615	213.48976214339
2605		181.655	213.35472863533
2606		181.695	213.20352268473
2607		181.735	212.89279670339
2608		181.775	-nan
2609		181.815	212.4983518387
2610		181.855	212.38634525196
2611		181.895	212.19113975673
2612		181.935	212.01196744063
2613		181.975	211.84137800457
2614		182.015	211.63584942068
2615		182.055	211.48031103786
2616		182.095	211.35254375338
2617		182.135	211.34939102773
2618		182.175	211.4930304573
2619		182.215	-nan
2620		182.255	-nan
2621		182.295	-nan
2622		182.335	-nan
2623		182.375	-nan
2624		182.415	-nan
2625		182.455	-nan
2626		182.495	-nan
2627		182.535	-nan
2628		182.575	-nan
2629		182.615	211.22317960132
2630		182.655	210.72602333496
2631		182.695	210.40615526079
2632		182.735	210.16391051793
2633		182.775	209.95024448144
2634		182.815	209.73648817287
2635		182.855	209.53723054642
2636		182.895	209.35831838867
2637		182.935	209.20741421164
2638		182.975	209.09213780139
2639		183.015	208.89295585848
2640		183.055	-nan
2641		183.095	208.84375123919
2642		183.135	208.90479136009
2643		183.175	208.86797318836
2644		183.215	208.863166097
2645		183.255	208.85416954181
2646		183.295	208.79669723366
2647		183.335	208.73049571398
2648		183.375	208.59608927732
2649		183.415	208.59009626955
2650		183.455	208.64543826737
2651		183.495	-nan
2652		183.535	-nan
2653		183.575	-nan
2654		183.615	-nan
2655		183.655	-nan
2656		183.695	-nan
2657		183.735	-nan
2658		183.775	-nan
2659		183.815	-nan
2660		183.855	-nan
2661		183.895	207.82491645801
2662		183.935	207.57856522533
2663		183.975	207.50036079659
2664		184.015	207.50692793322
2665		184.055	207.50885475494
2666		184.095	207.47415634588
2667		184.135	207.37396797999
2668		184.175	207.19876851129
2669		184.215	207.00251145745
2670		184.255	206.82352929569
2671		184.295	206.41309546913
2672		184.335	-nan
2673		184.375	205.91549626454
2674		184.415	205.83263698532
2675		184.455	205.63295282376
2676		184.495	205.48698926368
2677		184.535	205.36179840528
2678		184.575	205.26659927819
2679		184.615	205.16972361265
2680		184.655	205.12299972815
2681		184.695	205.16034591838
2682		184.735	205.38621338513
2683		184.775	-nan
2684		184.815	-nan
2685		184.855	-nan
2686		184.895	-nan
2687		184.935	-nan
2688		184.975	-nan
2689		185.015	-nan
2690		185.055	-nan
2691		185.095	-nan
2692		185.135	-nan
2693		185.175	204.35711201133
2694		185.215	203.99546287348
2695		185.255	203.64978878358
2696		185.295	203.45009042881
2697		185.335	203.32167819648
2698		185.375	203.15913374533
2699		185.415	203.00168269734
2700		185.455	202.84509647621
2701		185.495	202.72188439438
2702		185.535	202.6207228311
2703		185.575	202.41551366001
2704		185.615	-nan
2705		185.655	202.24649195933
2706		185.695	202.21500070383
2707		185.735	202.08184856392
2708		185.775	201.89603374348
2709		185.815	201.72744012628
2710		185.855	201.41589971697
2711		185.895	201.12749897611
2712		185.935	200.85326198676
2713		185.975	200.67142915755
2714		186.015	200.64201805658
2715		186.055	-nan
2716		186.095	-nan
2717		186.135	-nan
2718		186.175	-nan
2719		186.215	-nan
2720		186.255	-nan
2721		186.295	-nan
2722		186.335	-nan
2723		186.375	-nan
2724		186.415	-nan
2725		186.455	199.68293115699
2726		186.495	199.3194022978
2727		186.535	199.06082704738
2728		186.575	198.89576998375
2729		186.615	198.66834503652
2730		186.655	198.42242804307
2731		186.695	198.07863511045
2732		186.735	197.74310313263
2733		186.775	197.41021798968
2734		186.815	197.07833369176
2735		186.855	196.63216505388
2736		186.895	-nan
2737		186.935	196.08467706243
2738		186.975	195.91665009176
2739		187.015	195.69739970432
2740		187.055	195.50327809427
2741		187.095	195.28797489833
2742		187.135	195.13499100772
2743		187.175	195.018958171
2744		187.215	194.92528727953
2745		187.255	194.84535781961
2746		187.295	194.91614700612
2747		187.335	-nan
2748		187.375	-nan
2749		187.415	-nan
2750		187.455	-nan
2751		187.495	-nan
2752		187.535	-nan
2753		187.575	-nan
2754		187.615	-nan
2755		187.655	-nan
2756		187.695	-nan
2757		187.735	172.56641811285
2758		187.775	171.55814844907
2759		187.815	171.11054778481
2760		187.855	170.83301074052
2761		187.895	170.7597090404
2762		187.935	170.65884798995
2763		187.975	170.40146136651
2764		188.015	170.23967570562
2765		188.055	170.03730895985
2766		188.095	169.84749380264
2767		188.135	169.66536773136
2768		188.175	-nan
2769		188.215	169.14763954655
2770		188.255	168.87954250025
2771		188.295	168.62410123201
2772		188.335	168.40970686986
2773		188.375	168.19782651072
2774		188.415	167.9733942231
2775		188.455	167.66134333524
2776		188.495	167.36631260291
2777		188.535	167.28683873627
2778		188.575	167.70997436639
2779		188.615	-nan
2780		188.655	-nan
2781		188.695	-nan
2782		188.735	-nan
2783		188.775	-nan
2784		188.815	-nan
2785		188.855	-nan
2786		188.895	-nan
2787		188.935	-nan
2788		188.975	-nan
2789		189.015	166.62538417081
2790		189.055	165.60010255422
2791		189.095	165.14335003377
2792		189.135	164.93270149865
2793		189.175	164.69854223963
2794		189.215	164.48219688871
2795		189.255	164.15958681155
2796		189.295	163.8474671829
2797		189.335	163.59850915328
2798		189.375	163.37415071468
2799		189.415	163.18382946797
2800		189.455	-nan
2801		189.495	162.67922732228
2802		189.535	162.47759655857
2803		189.575	162.28367211648
2804		189.615	162.14805487031
2805		189.655	161.98421381792
2806		189.695	161.79828063124
2807		189.735	161.56197292577
2808		189.775	161.33851050337
2809		189.815	161.23109091899
2810		189.855	161.53861516107
2811		189.895	-nan
2812		189.935	-nan
2813		189.975	-nan
2814		190.015	-nan
2815		190.055	-nan
2816		190.095	-nan
2817		190.135	-nan
2818		190.175	-nan
2819		190.215	-nan
2820		190.255	-nan
2821		190.295	159.80891371122
2822		190.335	159.01554242807
2823		190.375	158.70482367341
2824		190.415	158.65457432487
2825		190.455	158.60098960569
2826		190.495	158.43024103472
2827		190.535	158.26418280239
2828		190.575	158.04255048671
2829		190.615	157.79934452644
2830		190.655	157.56564328613
2831		190.695	157.33124907388
2832		190.735	-nan
2833		190.775	156.71844206036
2834		190.815	156.38594705504
2835		190.855	156.09860502695
2836		190.895	155.88104076873
2837		190.935	155.69587026062
2838		190.975	155.43488605229
2839		191.015	155.22430584281
2840		191.055	154.98049137383
2841		191.095	154.9200848654
2842		191.135	155.28834180301
2843		191.175	-nan
2844		191.215	-nan
2845		191.255	-nan
2846		191.295	-nan
2847		191.335	-nan
2848		191.375	-nan
2849		191.415	-nan
2850		191.455	-nan
2851		191.495	-nan
2852		191.535	-nan
2853		191.575	154.02218717569
2854		191.615	153.22511548063
2855		191.655	153.02834103322
2856		191.695	152.6972389719
2857		191.735	152.57467905582
2858		191.775	152.40593114243
2859		191.815	152.16233863184
2860		191.855	152.00628013988
2861		191.895	151.88466157354
2862		191.935	151.82825396956
2863		191.975	151.70944710938
2864		192.015	-nan
2865		192.055	151.40714084314
2866		192.095	151.28236476683
2867		192.135	151.12444019536
2868		192.175	150.96423282291
2869		192.215	150.82551452592
2870		192.255	150.65184226504
2871		192.295	150.41864691238
2872		192.335	150.16960934663
2873		192.375	150.06572293542
2874		192.415	150.32453064853
2875		192.455	-nan
2876		192.495	-nan
2877		192.535	-nan
2878		192.575	-nan
2879		192.615	-nan
2880		192.655	-nan
2881		192.695	-nan
2882		192.735	-nan
2883		192.775	-nan
2884		192.815	-nan
2885		192.855	149.53172406168
2886		192.895	148.92730731048
2887		192.935	148.70580133591
2888		192.975	148.66613844116
2889		193.015	148.6049741536
2890		193.055	148.51634282188
2891		193.095	148.36569585571
2892		193.135	148.21012710237
2893		193.175	148.05779929757
2894		193.215	147.96004528141
2895		193.255	147.78365658367
2896		193.295	-nan
2897		193.335	147.38634623159
2898		193.375	147.16615364989
2899		193.415	147.00981563827
2900		193.455	146.92618034464
2901		193.495	146.84198400971
2902		193.535	146.76245087338
2903		193.575	146.67717628506
2904		193.615	146.6057385151
2905		193.655	146.64582781582
2906		193.695	147.03810203701
2907		193.735	-nan
2908		193.775	-nan
2909		193.815	-nan
2910		193.855	-nan
2911		193.895	-nan
2912		193.935	-nan
2913		193.975	-nan
2914		194.015	-nan
2915		194.055	-nan
2916		194.095	-nan
2917		194.135	146.42723735983
2918		194.175	145.86684236024
2919		194.215	145.6449638845
2920		194.255	145.6690567251
2921		194.295	145.67638992952
2922		194.335	145.62035840787
2923		194.375	145.55177016898
2924		194.415	145.52285107526
2925		194.455	145.67560536057
2926		194.495	145.42912440721
2927		194.535	145.37279045864
2928		194.575	-nan
2929		194.615	145.13140427905
2930		194.655	144.97119744555
2931		194.695	144.80303587636
2932		194.735	144.68504053366
2933		194.775	144.53481048492
2934		194.815	144.25035325679
2935		194.855	143.67802922664
2936		194.895	143.48263864425
2937		194.935	143.4440766574
2938		194.975	143.70704138989
2939		195.015	-nan
2940		195.055	-nan
2941		195.095	-nan
2942		195.135	-nan
2943		195.175	-nan
2944		195.215	-nan
2945		195.255	-nan
2946		195.295	-nan
2947		195.335	-nan
2948		195.375	-nan
2949		195.415	143.56370182222
2950		195.455	143.02127843379
2951		195.495	142.81152073196
2952		195.535	142.7495852443
2953		195.575	142.68103571131
2954		195.615	142.58892141755
2955		195.655	142.45063766374
2956		195.695	142.32991336117
2957		195.735	142.24408881666
2958		195.775	142.17868136432
2959		195.815	142.09412171231
2960		195.855	-nan
2961		195.895	141.88577131511
2962		195.935	141.82977904886
2963		195.975	141.73526347599
2964		196.015	141.68486226253
2965		196.055	141.6465712346
2966		196.095	141.5619002282
2967		196.135	141.43676524092
2968		196.175	141.33067228626
2969		196.215	141.31192321576
2970		196.255	141.60267631111
2971		196.295	-nan
2972		196.335	-nan
2973		196.375	-nan
2974		196.415	-nan
2975		196.455	-nan
2976		196.495	-nan
2977		196.535	-nan
2978		196.575	-nan
2979		196.615	-nan
2980		196.655	-nan
2981		196.695	140.74263514853
2982		196.735	140.26638785947
2983		196.775	140.13995108521
2984		196.815	140.15935054146
2985		196.855	140.18164756061
2986		196.895	140.18695657212
2987		196.935	140.12129104445
2988		196.975	140.03795552298
2989		197.015	139.98492369522
2990		197.055	139.9142934141
2991		197.095	139.80222907773
2992		197.135	-nan
2993		197.175	139.45704609423
2994		197.215	139.28447104708
2995		197.255	139.10773028638
2996		197.295	138.94489176414
2997		197.335	138.82525238424
2998		197.375	138.67929085726
2999		197.415	138.50126411706
3000		197.455	138.34474416665
3001		197.495	138.30583466633
3002		197.535	138.58360383032
3003		197.575	-nan
3004		197.615	-nan
3005		197.655	-nan
3006		197.695	-nan
3007		197.735	-nan
3008		197.775	-nan
3009		197.815	-nan
3010		197.855	-nan
3011		197.895	-nan
3012		197.935	-nan
3013		197.975	137.83507235406
3014		198.015	137.28961977992
3015		198.055	137.00937060049
3016		198.095	136.907298329
3017		198.135	136.82911358903
3018		198.175	136.71091394092
3019		198.215	136.61370125539
3020		198.255	136.49824411268
3021		198.295	136.41318590427
3022		198.335	136.38001566532
3023		198.375	136.2909836181
3024		198.415	-nan
3025		198.455	136.07859619244
3026		198.495	135.97628052482
3027		198.535	135.85919454051
3028		198.575	135.74939238786
3029		198.615	135.64375104061
3030		198.655	135.48882285442
3031		198.695	135.26762602937
3032		198.735	135.05294241417
3033		198.775	134.91714106511
3034		198.815	135.05429283178
3035		198.855	-nan
3036		198.895	-nan
3037		198.935	-nan
3038		198.975	-nan
3039		199.015	-nan
3040		199.055	-nan
3041		199.095	-nan
3042		199.135	-nan
3043		199.175	-nan
3044		199.215	-nan
3045		199.255	133.65668995173
3046		199.295	133.16961066577
3047		199.335	132.98912383682
3048		199.375	132.91973805976
3049		199.415	132.86521245094
3050		199.455	132.79622391338
3051		199.495	132.64169652776
3052		199.535	132.5024679906
3053		199.575	132.35164386909
3054		199.615	132.15411838298
3055		199.655	131.95116171885
3056		199.695	-nan
3057		199.735	131.50063840627
3058		199.775	131.29544042802
3059		199.815	131.10676573225
3060		199.855	130.95731629096
3061		199.895	130.83044626151
3062		199.935	130.67576208557
3063		199.975	130.47381303569
3064		200.015	133.26949398522
3065		200.055	130.23093683441
3066		200.095	130.40784140155
3067		200.135	-nan
3068		200.175	-nan
3069		200.215	-nan
3070		200.255	-nan
3071		200.295	-nan
3072		200.335	-nan
3073		200.375	-nan
3074		200.415	-nan
3075		200.455	-nan
3076		200.495	-nan
3077		200.535	128.66010758635
3078		200.575	128.11161359506
3079		200.615	127.86196890196
3080		200.655	127.73523031759
3081		200.695	127.647625555
3082		200.735	127.53573952748
3083		200.775	127.40904205526
3084		200.815	127.29253699788
3085		200.855	127.19982769876
3086		200.895	127.12954803265
3087		200.935	127.04523244322
3088		200.975	-nan
3089		201.015	126.76529029181
3090		201.055	126.60378234064
3091		201.095	126.45059849245
3092		201.135	126.29206348173
3093		201.175	126.0983792329
3094		201.215	125.87779314421
3095		201.255	125.61813734648
3096		201.295	125.3608412747
3097		201.335	125.19569830477
3098		201.375	125.26008467406
3099		201.415	-nan
3100		201.455	-nan
3101		201.495	-nan
3102		201.535	-nan
3103		201.575	-nan
3104		201.615	-nan
3105		201.655	-nan
3106		201.695	-nan
3107		201.735	-nan
3108		201.775	-nan
3109		201.815	123.71905647861
3110		201.855	123.28344709246
3111		201.895	123.01929911273
3112		201.935	122.89270704042
3113		201.975	122.75412711512
3114		202.015	122.58266282245
3115		202.055	122.42469451746
3116		202.095	122.24472261219
3117		202.135	122.09575865153
3118		202.175	121.95341985435
3119		202.215	121.8503737842
3120		202.255	-nan
3121		202.295	121.45985585981
3122		202.335	121.32529539169
3123		202.375	121.19444723398
3124		202.415	121.07303666775
3125		202.455	120.98798750404
3126		202.495	120.85207022341
3127		202.535	120.70243708409
3128		202.575	120.55648945283
3129		202.615	120.46906185455
3130		202.655	120.54700900937
3131		202.695	-nan
3132		202.735	-nan
3133		202.775	-nan
3134		202.815	-nan
3135		202.855	-nan
3136		202.895	-nan
3137		202.935	-nan
3138		202.975	-nan
3139		203.015	-nan
3140		203.055	-nan
3141		203.095	118.51592507754
3142		203.135	118.09978376792
3143		203.175	117.92110389998
3144		203.215	117.82066667768
3145		203.255	117.77901437504
3146		203.295	117.71042434618
3147		203.335	117.60703857121
3148		203.375	117.50068046498
3149		203.415	117.41619567877
3150		203.455	117.28831095574
3151		203.495	117.15670358924
3152		203.535	-nan
3153		203.575	116.80103664665
3154		203.615	116.6546594883
3155		203.655	116.46202634814
3156		203.695	116.31160641088
3157		203.735	116.14105990831
3158		203.775	115.97676345518
3159		203.815	115.78887796136
3160		203.855	115.60853662875
3161		203.895	115.76644426654
3162		203.935	115.87307180155
3163		203.975	-nan
3164		204.015	-nan
3165		204.055	-nan
3166		204.095	-nan
3167		204.135	-nan
3168		204.175	-nan
3169		204.215	-nan
3170		204.255	-nan
3171		204.295	-nan
3172		204.335	-nan
3173		204.375	114.62598338568
3174		204.415	114.19732643553
3175		204.455	113.97397081169
3176		204.495	113.83524666953
3177		204.535	113.72074518459
3178		204.575	113.61385980934
3179		204.615	113.4681255283
3180		204.655	113.50243999971
3181		204.695	113.27042212604
3182		204.735	113.22951822691
3183		204.775	113.14644088362
3184		204.815	-nan
3185		204.855	112.98658270273
3186		204.895	112.95782545708
3187		204.935	112.90028215637
3188		204.975	112.8371082267
3189		205.015	112.73780476712
3190		205.055	112.62946499744
3191		205.095	112.46671068809
3192		205.135	112.30533901047
3193		205.175	112.19864987993
3194		205.215	112.22037716319
3195		205.255	-nan
3196		205.295	-nan
3197		205.335	-nan
3198		205.375	-nan
3199		205.415	-nan
3200		205.455	-nan
3201		205.495	-nan
3202		205.535	-nan
3203		205.575	-nan
3204		205.615	-nan
3205		205.655	110.76616378064
3206		205.695	110.46603679973
3207		205.735	110.33843917168
3208		205.775	110.31367733989
3209		205.815	110.28980609401
3210		205.855	110.23011375452
3211		205.895	110.16507744186
3212		205.935	110.06559666095
3213		205.975	109.97161595016
3214		206.015	109.87243322498
3215		206.055	109.74450123225
3216		206.095	-nan
3217		206.135	109.52636617277
3218		206.175	109.50122109284
3219		206.215	109.37049924554
3220		206.255	109.28753799181
3221		206.295	109.16793650905
3222		206.335	109.05904165221
3223		206.375	109.00040203686
3224		206.415	108.91248982037
3225		206.455	108.87786363576
3226		206.495	109.06554627519
3227		206.535	-nan
3228		206.575	-nan
3229		206.615	-nan
3230		206.655	-nan
3231		206.695	-nan
3232		206.735	-nan
3233		206.775	-nan
3234		206.815	-nan
3235		206.855	-nan
3236		206.895	-nan
3237		206.935	93.697561542445
3238		206.975	92.920887056895
3239		207.015	92.694957694772
3240		207.055	92.589386383853
3241		207.095	92.580627722992
3242		207.135	92.377143009353
3243		207.175	92.28039957978
3244		207.215	92.226059853716
3245		207.255	92.185572285742
3246		207.295	92.192119778773
3247		207.335	92.202631273713
3248		207.375	-nan
3249		207.415	92.130213834331
3250		207.455	92.070304590034
3251		207.495	92.030396465736
3252		207.535	92.010205781583
3253		207.575	91.987397024078
3254		207.615	91.940626741072
3255		207.655	91.850346431493
3256		207.695	91.723945649094
3257		207.735	91.749652497686
3258		207.775	92.193961210679
3259		207.815	-nan
3260		207.855	-nan
3261		207.895	-nan
3262		207.935	-nan
3263		207.975	-nan
3264		208.015	-nan
3265		208.055	-nan
3266		208.095	-nan
3267		208.135	-nan
3268		208.175	-nan
3269		208.215	91.791817504586
3270		208.255	91.074790747249
3271		208.295	90.846726601199
3272		208.335	91.13239464916
3273		208.375	90.790890130273
3274		208.415	90.728063238664
3275		208.455	90.62381287699
3276		208.495	90.506430834822
3277		208.535	90.439183538863
3278		208.575	90.397825425548
3279		208.615	90.354976079489
3280		208.655	-nan
3281		208.695	90.206516926171
3282		208.735	90.130255785725
3283		208.775	90.073949071236
3284		208.815	90.046488809977
3285		208.855	90.049409068736
3286		208.895	90.024732134682
3287		208.935	89.944717846198
3288		208.975	89.85584394321
3289		209.015	89.919167860342
3290		209.055	90.367455223267
3291		209.095	-nan
3292		209.135	-nan
3293		209.175	-nan
3294		209.215	-nan
3295		209.255	-nan
3296		209.295	-nan
3297		209.335	-nan
3298		209.375	-nan
3299		209.415	-nan
3300		209.455	-nan
3301		209.495	89.693855513198
3302		209.535	89.012090446388
3303		209.575	88.768950421498
3304		209.615	88.726348265244
3305		209.655	88.756640322181
3306		209.695	88.67196967891
3307		209.735	88.603125249882
3308		209.775	88.512487495722
3309		209.815	88.464295368393
3310		209.855	88.437080517664
3311		209.895	88.425130495272
3312		209.935	-nan
3313		209.975	88.239524541694
3314		210.015	88.154129026795
3315		210.055	88.080300173429
3316		210.095	88.024537301358
3317		210.135	87.960330343744
3318		210.175	87.892880282767
3319		210.215	87.770537343841
3320		210.255	87.645727728094
3321		210.295	87.668429430281
3322		210.335	88.079168591177
3323		210.375	-nan
3324		210.415	-nan
3325		210.455	-nan
3326		210.495	-nan
3327		210.535	-nan
3328		210.575	-nan
3329		210.615	-nan
3330		210.655	-nan
3331		210.695	-nan
3332		210.735	-nan
3333		210.775	87.383534703103
3334		210.815	86.700677329525
3335		210.855	86.431189223198
3336		210.895	86.328835872162
3337		210.935	86.272082228453
3338		210.975	86.162479261787
3339		211.015	86.05798979373
3340		211.055	85.951193632633
3341		211.095	85.813569262507
3342		211.135	85.775771411356
3343		211.175	85.68700390846
3344		211.215	-nan
3345		211.255	85.508442034823
3346		211.295	85.409752085086
3347		211.335	85.343827256019
3348		211.375	85.293759327783
3349		211.415	85.232784329409
3350		211.455	85.179140157211
3351		211.495	85.065030872081
3352		211.535	84.950939469644
3353		211.575	84.951170452073
3354		211.615	85.287550296587
3355		211.655	-nan
3356		211.695	-nan
3357		211.735	-nan
3358		211.775	-nan
3359		211.815	-nan
3360		211.855	-nan
3361		211.895	-nan
3362		211.935	-nan
3363		211.975	-nan
3364		212.015	-nan
3365		212.055	84.342205235049
3366		212.095	83.709077827848
3367		212.135	83.470748390862
3368		212.175	83.42395697546
3369		212.215	83.374343951983
3370		212.255	83.265296626691
3371		212.295	83.158435860931
3372		212.335	83.025489590782
3373		212.375	82.926154083332
3374		212.415	82.84351755393
3375		212.455	82.801793255019
3376		212.495	-nan
3377		212.535	82.510086750551
3378		212.575	82.357129011273
3379		212.615	82.252341506513
3380		212.655	82.204666791579
3381		212.695	82.085139005579
3382		212.735	81.991458700451
3383		212.775	81.872255161513
3384		212.815	81.767927873803
3385		212.855	81.737439298359
3386		212.895	82.037671319757
3387		212.935	-nan
3388		212.975	-nan
3389		213.015	-nan
3390		213.055	-nan
3391		213.095	-nan
3392		213.135	-nan
3393		213.175	-nan
3394		213.215	-nan
3395		213.255	-nan
3396		213.295	-nan
3397		213.335	81.059405965043
3398		213.375	80.44724922168
3399		213.415	80.177484692784
3400		213.455	80.062016693533
3401		213.495	79.975478060514
3402		213.535	79.848638875027
3403		213.575	79.714782756811
3404		213.615	79.601010267033
3405		213.655	79.505411860183
3406		213.695	79.460633051689
3407		213.735	79.393399468958
3408		213.775	-nan
3409		213.815	79.194997748955
3410		213.855	79.132876428876
3411		213.895	78.994775256794
3412		213.935	78.933382709431
3413		213.975	78.863420088136
3414		214.015	78.761130920703
3415		214.055	78.622485172057
3416		214.095	78.48620650441
3417		214.135	78.446024230063
3418		214.175	78.666904363441
3419		214.215	-nan
3420		214.255	-nan
3421		214.295	-nan
3422		214.335	-nan
3423		214.375	-nan
3424		214.415	-nan
3425		214.455	-nan
3426		214.495	-nan
3427		214.535	-nan
3428		214.575	-nan
3429		214.615	77.638355845755
3430		214.655	77.14861106742
3431		214.695	76.890280771205
3432		214.735	76.786449124953
3433		214.775	76.824686744421
3434		214.815	76.587776648514
3435		214.855	76.438534416591
3436		214.895	76.305476007011
3437		214.935	76.180460297767
3438		214.975	76.089409548072
3439		215.015	75.996382137745
3440		215.055	-nan
3441		215.095	75.689962034648
3442		215.135	75.580673339561
3443		215.175	75.464154311082
3444		215.215	75.396311858983
3445		215.255	75.326340931394
3446		215.295	75.256988444009
3447		215.335	75.181529502569
3448		215.375	75.057760785896
3449		215.415	75.080543586561
3450		215.455	75.253203781884
3451		215.495	-nan
3452		215.535	-nan
3453		215.575	-nan
3454		215.615	-nan
3455		215.655	-nan
3456		215.695	-nan
3457		215.735	-nan
3458		215.775	-nan
3459		215.815	-nan
3460		215.855	-nan
3461		215.895	74.247768944372
3462		215.935	73.796134033299
3463		215.975	73.543734551688
3464		216.015	73.48738155931
3465		216.055	73.403797605464
3466		216.095	73.296746560304
3467		216.135	73.201024520171
3468		216.175	73.109680198851
3469		216.215	73.098480246846
3470		216.255	73.035550085697
3471		216.295	72.975521583391
3472		216.335	-nan
3473		216.375	72.772169425042
3474		216.415	72.667416748818
3475		216.455	72.585706623518
3476		216.495	72.496903057235
3477		216.535	72.433624288917
3478		216.575	72.417631098658
3479		216.615	72.221924365575
3480		216.655	72.146037629722
3481		216.695	72.084380631216
3482		216.735	72.252055461371
3483		216.775	-nan
3484		216.815	-nan
3485		216.855	-nan
3486		216.895	-nan
3487		216.935	-nan
3488		216.975	-nan
3489		217.015	-nan
3490		217.055	-nan
3491		217.095	-nan
3492		217.135	-nan
3493		217.175	71.495017235992
3494		217.215	71.085054557118
3495		217.255	70.887783925072
3496		217.295	70.804151405026
3497		217.335	70.729136608371
3498		217.375	70.614150118832
3499		217.415	70.596261323668
3500		217.455	70.39912602072
3501		217.495	70.306845074531
3502		217.535	70.246352970106
3503		217.575	70.176469348873
3504		217.615	-nan
3505		217.655	70.028495384923
3506		217.695	69.931669636408
3507		217.735	69.880165849956
3508		217.775	69.862726090697
3509		217.815	69.822650782876
3510		217.855	69.776093690446
3511		217.895	69.702849832973
3512		217.935	69.638482722536
3513		217.975	69.695615421749
3514		218.015	69.810420265413
3515		218.055	-nan
3516		218.095	-nan
3517		218.135	-nan
3518		218.175	-nan
3519		218.215	-nan
3520		218.255	-nan
3521		218.295	-nan
3522		218.335	-nan
3523		218.375	-nan
3524		218.415	-nan
3525		218.455	68.997424590242
3526		218.495	68.642233758812
3527		218.535	68.468645863465
3528		218.575	68.447446905289
3529		218.615	68.387221080658
3530		218.655	68.27449472186
3531		218.695	68.191035535811
3532		218.735	68.120620250813
3533		218.775	68.050113368488
3534		218.815	67.987070265694
3535		218.855	67.912508871447
3536		218.895	-nan
3537		218.935	67.727244901065
3538		218.975	67.631476836784
3539		219.015	67.563273737163
3540		219.055	67.505247909097
3541		219.095	67.436588138622
3542		219.135	67.41976368841
3543		219.175	67.315453818364
3544		219.215	67.229274871269
3545		219.255	67.217882394784
3546		219.295	67.388407332042
3547		219.335	-nan
3548		219.375	-nan
3549		219.415	-nan
3550		219.455	-nan
3551		219.495	-nan
3552		219.535	-nan
3553		219.575	-nan
3554		219.615	-nan
3555		219.655	-nan
3556		219.695	-nan
3557		219.735	66.782135367616
3558		219.775	66.42091935703
3559		219.815	66.261326366602
3560		219.855	66.178204828533
3561		219.895	66.105102230278
3562		219.935	66.032210611799
3563		219.975	65.944121199242
3564		220.015	65.873358050017
3565		220.055	65.813985921898
3566		220.095	65.773207248785
3567		220.135	65.700704409764
3568		220.175	-nan
3569		220.215	65.582446617749
3570		220.255	65.512683481635
3571		220.295	65.454641952098
3572		220.335	65.421526362222
3573		220.375	65.365118131802
3574		220.415	65.310690786952
3575		220.455	65.231717192264
3576		220.495	65.1349531332
3577		220.535	65.123662689831
3578		220.575	65.244197158611
3579		220.615	-nan
3580		220.655	-nan
3581		220.695	-nan
3582		220.735	-nan
3583		220.775	-nan
3584		220.815	-nan
3585		220.855	-nan
3586		220.895	-nan
3587		220.935	-nan
3588		220.975	-nan
3589		221.015	64.595869247872
3590		221.055	64.288609988601
3591		221.095	64.159198666312
3592		221.135	64.111537025058
3593		221.175	64.041914127822
3594		221.215	63.973947901718
3595		221.255	63.890496171689
3596		221.295	63.794353598743
3597		221.335	63.791659362605
3598		221.375	63.657483018043
3599		221.415	63.556949757138
3600		221.455	-nan
3601		221.495	63.372406251781
3602		221.535	63.27682862689
3603		221.575	63.206866027758
3604		221.615	63.151261433669
3605		221.655	63.098329199677
3606		221.695	63.061643080783
3607		221.735	62.973704076732
3608		221.775	62.879549711332
3609		221.815	62.865019153682
3610		221.855	62.993357141463
3611		221.895	-nan
3612		221.935	-nan
3613		221.975	-nan
3614		222.015	-nan
3615		222.055	-nan
3616		222.095	-nan
3617		222.135	-nan
3618		222.175	-nan
3619		222.215	-nan
3620		222.255	-nan
3621		222.295	62.276866972526
3622		222.335	61.963609924591
3623		222.375	61.805132567531
3624		222.415	61.731241139999
3625		222.455	61.669099137882
3626		222.495	61.591724159378
3627		222.535	61.497717297409
3628		222.575	61.411482847072
3629		222.615	61.35682823831
3630		222.655	61.306644254661
3631		222.695	61.192161867507
3632		222.735	-nan
3633		222.775	61.01760973756
3634		222.815	60.915151461917
3635		222.855	60.895414366636
3636		222.895	60.720991101066
3637		222.935	60.640501878383
3638		222.975	60.55911342526
3639		223.015	60.45249067464
3640		223.055	60.340121842726
3641		223.095	60.294722825014
3642		223.135	60.354005805452
3643		223.175	-nan
3644		223.215	-nan
3645		223.255	-nan
3646		223.295	-nan
3647		223.335	-nan
3648		223.375	-nan
3649		223.415	-nan
3650		223.455	-nan
3651		223.495	-nan
3652		223.535	-nan
3653		223.575	53.937364818346
3654		223.615	53.446133863566
3655		223.655	53.235328624054
3656		223.695	53.175317579014
3657		223.735	53.094275999674
3658		223.775	53.027844700343
3659		223.815	52.916902026102
3660		223.855	52.801518008071
3661		223.895	52.722768733472
3662		223.935	52.681597894736
3663		223.975	52.613836906909
3664		224.015	-nan
3665		224.055	52.448141409557
3666		224.095	52.371459067435
3667		224.135	52.388361655715
3668		224.175	52.264690007881
3669		224.215	52.23134382408
3670		224.255	52.184078344095
3671		224.295	52.16749006311
3672		224.335	52.0147560869
3673		224.375	52.00802492788
3674		224.415	52.249393037086
3675		224.455	-nan
3676		224.495	-nan
3677		224.535	-nan
3678		224.575	-nan
3679		224.615	-nan
3680		224.655	-nan
3681		224.695	-nan
3682		224.735	-nan
3683		224.775	-nan
3684		224.815	-nan
3685		224.855	51.673779661193
3686		224.895	51.227984940547
3687		224.935	51.049655079847
3688		224.975	51.011404146907
3689		225.015	51.281006103508
3690		225.055	50.904760371016
3691		225.095	50.82524756775
3692		225.135	50.681223525709
3693		225.175	50.598555517474
3694		225.215	50.537069393693
3695		225.255	50.478587214746
3696		225.295	-nan
3697		225.335	50.295476124922
3698		225.375	50.191589405189
3699		225.415	50.123594574468
3700		225.455	50.121781616941
3701		225.495	49.96851383979
3702		225.535	49.909697848239
3703		225.575	49.805275809988
3704		225.615	49.709581343011
3705		225.655	49.766266864696
3706		225.695	49.879124969685
3707		225.735	-nan
3708		225.775	-nan
3709		225.815	-nan
3710		225.855	-nan
3711		225.895	-nan
3712		225.935	-nan
3713		225.975	-nan
3714		226.015	-nan
3715		226.055	-nan
3716		226.095	-nan
3717		226.135	49.271267610392
3718		226.175	48.845544476577
3719		226.215	48.660606333975
3720		226.255	48.62706846441
3721		226.295	48.529923649412
3722		226.335	48.440509464721
3723		226.375	48.338968985637
3724		226.415	48.24067414502
3725		226.455	48.1656104222
3726		226.495	48.098413831322
3727		226.535	48.031024291751
3728		226.575	-nan
3729		226.615	47.88136208397
3730		226.655	47.776919674375
3731		226.695	47.699133730591
3732		226.735	47.63590042543
3733		226.775	47.57701524309
3734		226.815	47.52239474783
3735		226.855	47.411392369891
3736		226.895	47.533626273566
3737		226.935	47.402178374209
3738		226.975	47.443652334019
3739		227.015	-nan
3740		227.055	-nan
3741		227.095	-nan
3742		227.135	-nan
3743		227.175	-nan
3744		227.215	-nan
3745		227.255	-nan
3746		227.295	-nan
3747		227.335	-nan
3748		227.375	-nan
3749		227.415	46.879048749609
3750		227.455	46.427395329267
3751		227.495	46.299145633202
3752		227.535	46.310190361437
3753		227.575	46.15635006069
3754		227.615	46.114131878208
3755		227.655	45.989773580993
3756		227.695	45.877828318248
3757		227.735	45.78703993929
3758		227.775	45.77305621594
3759		227.815	45.625264926979
3760		227.855	-nan
3761		227.895	45.426072517439
3762		227.935	45.336026500203
3763		227.975	45.281799644683
3764		228.015	45.185753937948
3765		228.055	45.119295504117
3766		228.095	45.132875180398
3767		228.135	44.960458648719
3768		228.175	44.881434679986
3769		228.215	44.857796370307
3770		228.255	44.992300076057
3771		228.295	-nan
3772		228.335	-nan
3773		228.375	-nan
3774		228.415	-nan
3775		228.455	-nan
3776		228.495	-nan
3777		228.535	-nan
3778		228.575	-nan
3779		228.615	-nan
3780		228.655	-nan
3781		228.695	44.340624525468
3782		228.735	44.008441164144
3783		228.775	43.863005451665
3784		228.815	43.834922473906
3785		228.855	43.739522339516
3786		228.895	43.717270420709
3787		228.935	43.623943589642
3788		228.975	43.504370378602
3789		229.015	43.44687174936
3790		229.055	43.380635886189
3791		229.095	43.418452560707
3792		229.135	-nan
3793		229.175	43.152338751679
3794		229.215	43.153100419816
3795		229.255	43.012038745434
3796		229.295	42.941154109631
3797		229.335	42.901758162663
3798		229.375	42.810497709393
3799		229.415	42.711663236193
3800		229.455	42.635395568709
3801		229.495	42.596463271903
3802		229.535	42.69207082199
3803		229.575	-nan
3804		229.615	-nan
3805		229.655	-nan
3806		229.695	-nan
3807		229.735	-nan
3808		229.775	-nan
3809		229.815	-nan
3810		229.855	-nan
3811		229.895	-nan
3812		229.935	-nan
3813		229.975	42.026607357488
3814		230.015	41.72294486043
3815		230.055	41.605447933829
3816		230.095	41.539201378828
3817		230.135	41.469147318014
3818		230.175	41.40210890766
3819		230.215	41.309682232499
3820		230.255	41.240137856844
3821		230.295	41.275574856975
3822		230.335	41.085790482388
3823		230.375	41.020884907849
3824		230.415	-nan
3825		230.455	40.853128097429
3826		230.495	40.79047996079
3827		230.535	40.735426673118
3828		230.575	40.66119016878
3829		230.615	40.622104820953
3830		230.655	40.563427287881
3831		230.695	40.50002063357
3832		230.735	40.430776771339
3833		230.775	40.401920624578
3834		230.815	40.49745867824
3835		230.855	-nan
3836		230.895	-nan
3837		230.935	-nan
3838		230.975	-nan
3839		231.015	-nan
