0				72.335	-nan
1				72.375	-nan
2				72.415	-nan
3				72.455	-nan
4				72.495	-nan
5				72.535	165.47671000153
6				72.575	166.04143477926
7				72.615	167.00531612316
8				72.655	168.28111530935
9				72.695	169.13539392945
10			72.735	170.49716442997
11			72.775	171.70454678794
12			72.815	172.78468478389
13			72.855	174.31890036263
14			72.895	175.63880420669
15			72.935	177.17097283098
16			72.975	-nan
17			73.015	179.48690509517
18			73.055	180.66488981225
19			73.095	181.84685027203
20			73.135	182.9569826863
21			73.175	184.2336587501
22			73.215	185.17629107369
23			73.255	185.99006758588
24			73.295	187.16325203248
25			73.335	187.93881029799
26			73.375	188.22406831933
27			73.415	-nan
28			73.455	-nan
29			73.495	-nan
30			73.535	-nan
31			73.575	-nan
32			73.615	-nan
33			73.655	-nan
34			73.695	-nan
35			73.735	-nan
36			73.775	-nan
37			73.815	205.05895325852
38			73.855	205.5285952239
39			73.895	207.73103377912
40			73.935	209.55652382848
41			73.975	211.10682971111
42			74.015	212.26603883703
43			74.055	214.11453265985
44			74.095	215.62119273616
45			74.135	216.96742777702
46			74.175	218.79010936471
47			74.215	220.52614646111
48			74.255	-nan
49			74.295	224.16048833727
50			74.335	225.55961498491
51			74.375	227.43959992089
52			74.415	229.23573104698
53			74.455	230.64496387579
54			74.495	232.98131613205
55			74.535	234.81862964616
56			74.575	235.38664325879
57			74.615	237.79290153396
58			74.655	239.57136155733
59			74.695	-nan
60			74.735	-nan
61			74.775	-nan
62			74.815	-nan
63			74.855	-nan
64			74.895	-nan
65			74.935	-nan
66			74.975	-nan
67			75.015	-nan
68			75.055	-nan
69			75.095	260.51368531515
70			75.135	262.9995283675
71			75.175	265.61782056275
72			75.215	266.42422079725
73			75.255	270.16195973062
74			75.295	272.5181585043
75			75.335	274.22512575544
76			75.375	276.97593092689
77			75.415	279.28506933089
78			75.455	281.64998763954
79			75.495	284.05428301066
80			75.535	-nan
81			75.575	289.22380507868
82			75.615	291.49971014025
83			75.655	293.57591122959
84			75.695	296.17677750352
85			75.735	298.49751469833
86			75.775	299.86145783869
87			75.815	303.21250812006
88			75.855	304.85343125822
89			75.895	305.45468836731
90			75.935	309.165368097
91			75.975	-nan
92			76.015	-nan
93			76.055	-nan
94			76.095	-nan
95			76.135	-nan
96			76.175	-nan
97			76.215	-nan
98			76.255	-nan
99			76.295	-nan
100			76.335	-nan
101			76.375	338.46310943959
102			76.415	338.02708083852
103			76.455	341.63965426286
104			76.495	344.68444826738
105			76.535	345.88985116138
106			76.575	349.58334951062
107			76.615	352.31145045844
108			76.655	353.40021854516
109			76.695	357.17314407821
110			76.735	359.80187516825
111			76.775	361.97723323982
112			76.815	-nan
113			76.855	368.06856614537
114			76.895	370.6507542848
115			76.935	373.22309951189
116			76.975	375.70229191856
117			77.015	378.58388633446
118			77.055	381.07604681787
119			77.095	381.66106541741
120			77.135	385.640801823
121			77.175	388.26094543213
122			77.215	387.43547775981
123			77.255	-nan
124			77.295	-nan
125			77.335	-nan
126			77.375	-nan
127			77.415	-nan
128			77.455	-nan
129			77.495	-nan
130			77.535	-nan
131			77.575	-nan
132			77.615	-nan
133			77.655	414.24179190197
134			77.695	415.15172201168
135			77.735	415.6686006939
136			77.775	419.57068275088
137			77.815	421.74881472831
138			77.855	423.74598391655
139			77.895	425.63776884422
140			77.935	427.29246699598
141			77.975	429.3536480089
142			78.015	431.17509851108
143			78.055	432.94893356906
144			78.095	-nan
145			78.135	436.50451949192
146			78.175	437.85586965856
147			78.215	438.68444297041
148			78.255	440.87558588244
149			78.295	442.46201647464
150			78.335	443.56044453623
151			78.375	445.3718210164
152			78.415	446.16512774085
153			78.455	447.4277287374
154			78.495	448.0956854528
155			78.535	-nan
156			78.575	-nan
157			78.615	-nan
158			78.655	-nan
159			78.695	-nan
160			78.735	-nan
161			78.775	-nan
162			78.815	-nan
163			78.855	-nan
164			78.895	-nan
165			78.935	461.90708447051
166			78.975	462.33914353873
167			79.015	462.3237349105
168			79.055	462.84834965456
169			79.095	463.45751339358
170			79.135	464.17110654776
171			79.175	464.77207098073
172			79.215	465.47782098797
173			79.255	466.32504413616
174			79.295	467.1824264645
175			79.335	468.04395432431
176			79.375	-nan
177			79.415	469.36433596716
178			79.455	469.84283695485
179			79.495	470.28169158264
180			79.535	470.73045156405
181			79.575	471.04344490544
182			79.615	471.18049198451
183			79.655	471.03827655572
184			79.695	470.80614842031
185			79.735	470.98894164843
186			79.775	472.33985913033
187			79.815	-nan
188			79.855	-nan
189			79.895	-nan
190			79.935	-nan
191			79.975	-nan
192			80.015	-nan
193			80.055	-nan
194			80.095	-nan
195			80.135	-nan
196			80.175	-nan
197			80.215	474.11687222748
198			80.255	472.2171131807
199			80.295	471.6128613223
200			80.335	471.49243255008
201			80.375	471.34776206745
202			80.415	471.05924857446
203			80.455	470.58429449543
204			80.495	470.03289814081
205			80.535	469.43469561448
206			80.575	468.98597172167
207			80.615	468.50107577751
208			80.655	-nan
209			80.695	467.5348464532
210			80.735	467.22614398862
211			80.775	467.00811925516
212			80.815	467.01388090437
213			80.855	467.05043702341
214			80.895	466.92692768597
215			80.935	466.72632651421
216			80.975	466.4756952113
217			81.015	466.6017823903
218			81.055	467.87924547448
219			81.095	-nan
220			81.135	-nan
221			81.175	-nan
222			81.215	-nan
223			81.255	-nan
224			81.295	-nan
225			81.335	-nan
226			81.375	-nan
227			81.415	-nan
228			81.455	-nan
229			81.495	463.68688428215
230			81.535	460.7895001686
231			81.575	460.8622964114
232			81.615	460.52451058088
233			81.655	460.85308908307
234			81.695	460.854032218
235			81.735	460.73699241824
236			81.775	460.6317429612
237			81.815	460.45459615212
238			81.855	460.36299909048
239			81.895	460.20775896909
240			81.935	-nan
241			81.975	459.47098048149
242			82.015	458.84181185068
243			82.055	458.6710254434
244			82.095	458.22972117823
245			82.135	457.87961433139
246			82.175	457.39915935697
247			82.215	456.95835090132
248			82.255	455.99556594004
249			82.295	455.50628900617
250			82.335	457.85489172785
251			82.375	-nan
252			82.415	-nan
253			82.455	-nan
254			82.495	-nan
255			82.535	-nan
256			82.575	-nan
257			82.615	-nan
258			82.655	-nan
259			82.695	-nan
260			82.735	-nan
261			82.775	457.43710138941
262			82.815	457.1311100614
263			82.855	456.90749886205
264			82.895	456.71986857488
265			82.935	456.68340474523
266			82.975	456.72507878746
267			83.015	456.60623564574
268			83.055	456.3253129844
269			83.095	456.75321818161
270			83.135	457.09917212357
271			83.175	457.14312362675
272			83.215	-nan
273			83.255	458.05052856008
274			83.295	458.55224314379
275			83.335	459.23161325827
276			83.375	459.74981312129
277			83.415	460.34737476215
278			83.455	460.67954165175
279			83.495	460.96568194728
280			83.535	461.18957320953
281			83.575	461.63150034401
282			83.615	463.0405011265
283			83.655	-nan
284			83.695	-nan
285			83.735	-nan
286			83.775	-nan
287			83.815	-nan
288			83.855	-nan
289			83.895	-nan
290			83.935	-nan
291			83.975	-nan
292			84.015	-nan
293			84.055	467.15060868733
294			84.095	466.16786881781
295			84.135	466.88081781411
296			84.175	467.84235926436
297			84.215	468.71799848766
298			84.255	469.54689821822
299			84.295	470.05665198892
300			84.335	470.49534498357
301			84.375	470.81921814352
302			84.415	471.23182627901
303			84.455	471.66521665609
304			84.495	-nan
305			84.535	472.80248127967
306			84.575	473.05012000794
307			84.615	473.85013464545
308			84.655	474.57255052068
309			84.695	474.80594771384
310			84.735	476.2835227199
311			84.775	477.06602294072
312			84.815	477.66229803553
313			84.855	479.07712976864
314			84.895	481.89316811644
315			84.935	-nan
316			84.975	-nan
317			85.015	-nan
318			85.055	-nan
319			85.095	-nan
320			85.135	-nan
321			85.175	-nan
322			85.215	-nan
323			85.255	-nan
324			85.295	-nan
325			85.335	490.89359760781
326			85.375	490.08274616135
327			85.415	489.37652738488
328			85.455	490.42572415375
329			85.495	492.22946434159
330			85.535	492.99450116608
331			85.575	493.95406670706
332			85.615	495.39808556376
333			85.655	496.51545838652
334			85.695	497.92702346047
335			85.735	499.4374649853
336			85.775	-nan
337			85.815	502.44181422243
338			85.855	503.5140869904
339			85.895	504.62394659704
340			85.935	505.5005472417
341			85.975	506.4218095474
342			86.015	507.09625601389
343			86.055	507.75299483369
344			86.095	508.38166824847
345			86.135	509.54928824262
346			86.175	511.61613357629
347			86.215	-nan
348			86.255	-nan
349			86.295	-nan
350			86.335	-nan
351			86.375	-nan
352			86.415	-nan
353			86.455	-nan
354			86.495	-nan
355			86.535	-nan
356			86.575	-nan
357			86.615	524.95614938007
358			86.655	524.26610843527
359			86.695	524.47491473222
360			86.735	525.23091946447
361			86.775	526.82044360649
362			86.815	527.49355711744
363			86.855	527.61404613685
364			86.895	528.48067107557
365			86.935	529.05064661293
366			86.975	529.43633720157
367			87.015	530.75776374906
368			87.055	-nan
369			87.095	532.51013986924
370			87.135	533.82788870812
371			87.175	534.92641436864
372			87.215	536.19436908923
373			87.255	537.71725879629
374			87.295	539.11937694405
375			87.335	540.47321469787
376			87.375	541.67144567704
377			87.415	543.29404882282
378			87.455	545.55827564929
379			87.495	-nan
380			87.535	-nan
381			87.575	-nan
382			87.615	-nan
383			87.655	-nan
384			87.695	-nan
385			87.735	-nan
386			87.775	-nan
387			87.815	-nan
388			87.855	-nan
389			87.895	551.25657246208
390			87.935	548.76237515373
391			87.975	550.50357809453
392			88.015	551.6158206218
393			88.055	552.49566943268
394			88.095	553.54337894585
395			88.135	554.34028903999
396			88.175	555.16420301395
397			88.215	555.99029927645
398			88.255	556.89302143816
399			88.295	557.6481839757
400			88.335	-nan
401			88.375	558.25811022956
402			88.415	558.24160470653
403			88.455	558.0876457357
404			88.495	558.42264660802
405			88.535	558.03086404362
406			88.575	558.35956408923
407			88.615	558.02855472207
408			88.655	556.28160262641
409			88.695	557.11954309957
410			88.735	559.21332341543
411			88.775	-nan
412			88.815	-nan
413			88.855	-nan
414			88.895	-nan
415			88.935	-nan
416			88.975	-nan
417			89.015	-nan
418			89.055	-nan
419			89.095	-nan
420			89.135	-nan
421			89.175	562.75335188353
422			89.215	561.42993959399
423			89.255	561.17999126408
424			89.295	560.80581791609
425			89.335	560.54354268884
426			89.375	560.22589896853
427			89.415	559.54046207108
428			89.455	559.00856493743
429			89.495	558.72147368462
430			89.535	559.05254571893
431			89.575	559.30880636025
432			89.615	-nan
433			89.655	559.49413615328
434			89.695	559.73452989889
435			89.735	559.75057565379
436			89.775	559.78544646911
437			89.815	559.9725564945
438			89.855	559.78236983902
439			89.895	559.21057585088
440			89.935	558.52652424095
441			89.975	557.45188040453
442			90.015	556.81578926007
443			90.055	-nan
444			90.095	-nan
445			90.135	-nan
446			90.175	-nan
447			90.215	-nan
448			90.255	-nan
449			90.295	-nan
450			90.335	-nan
451			90.375	-nan
452			90.415	-nan
453			90.455	551.79379593353
454			90.495	550.67246863724
455			90.535	550.35463426988
456			90.575	549.97632994469
457			90.615	549.62549190126
458			90.655	548.87792971879
459			90.695	547.76772964297
460			90.735	546.56022668857
461			90.775	545.18845216103
462			90.815	544.54069015483
463			90.855	542.85709351433
464			90.895	-nan
465			90.935	540.9479425251
466			90.975	539.68916547113
467			91.015	538.17045112712
468			91.055	537.70416737863
469			91.095	536.71635228624
470			91.135	536.4501575958
471			91.175	535.8775337675
472			91.215	535.68102299822
473			91.255	535.36133687133
474			91.295	535.5827088886
475			91.335	-nan
476			91.375	-nan
477			91.415	-nan
478			91.455	-nan
479			91.495	-nan
480			91.535	-nan
481			91.575	-nan
482			91.615	-nan
483			91.655	-nan
484			91.695	-nan
485			91.735	525.60675074642
486			91.775	523.58059818425
487			91.815	522.02696672031
488			91.855	520.64802840956
489			91.895	520.35446188036
490			91.935	519.30659367885
491			91.975	518.80848295317
492			92.015	518.41659130991
493			92.055	518.26450481028
494			92.095	519.6129356966
495			92.135	518.27154559171
496			92.175	-nan
497			92.215	516.05848049139
498			92.255	515.00727234281
499			92.295	514.04388592168
500			92.335	512.99979756046
501			92.375	511.97304215656
502			92.415	511.01859173552
503			92.455	509.31511383262
504			92.495	508.80292630754
505			92.535	506.70478717714
506			92.575	507.00179354787
507			92.615	-nan
508			92.655	-nan
509			92.695	-nan
510			92.735	-nan
511			92.775	-nan
512			92.815	-nan
513			92.855	-nan
514			92.895	-nan
515			92.935	-nan
516			92.975	-nan
517			93.015	503.42363616458
518			93.055	501.71483760814
519			93.095	500.42036203532
520			93.135	499.5981388576
521			93.175	498.39644473587
522			93.215	497.68868062281
523			93.255	496.5765687135
524			93.295	496.41775753294
525			93.335	494.33809117734
526			93.375	493.36445444136
527			93.415	492.30362533833
528			93.455	-nan
529			93.495	491.26716013493
530			93.535	490.91468915907
531			93.575	490.89396468908
532			93.615	491.03224078039
533			93.655	491.75519379129
534			93.695	492.6053409623
535			93.735	491.84714832463
536			93.775	491.0200432746
537			93.815	490.43397076534
538			93.855	489.88204312894
539			93.895	-nan
540			93.935	-nan
541			93.975	-nan
542			94.015	-nan
543			94.055	-nan
544			94.095	-nan
545			94.135	-nan
546			94.175	-nan
547			94.215	-nan
548			94.255	-nan
549			94.295	484.2471650638
550			94.335	483.53230090637
551			94.375	483.04424278973
552			94.415	483.58908796206
553			94.455	484.51995235585
554			94.495	486.7044124306
555			94.535	485.15157607919
556			94.575	484.54227229199
557			94.615	484.58399068055
558			94.655	484.52382784555
559			94.695	484.3345860341
560			94.735	-nan
561			94.775	483.48686154778
562			94.815	482.79888099017
563			94.855	482.49083100414
564			94.895	537.81833481696
565			94.935	483.31653298942
566			94.975	481.09731683097
567			95.015	480.15280822382
568			95.055	480.2759644024
569			95.095	480.7317129084
570			95.135	481.67816550249
571			95.175	-nan
572			95.215	-nan
573			95.255	-nan
574			95.295	-nan
575			95.335	-nan
576			95.375	-nan
577			95.415	-nan
578			95.455	-nan
579			95.495	-nan
580			95.535	-nan
581			95.575	486.53256483328
582			95.615	485.01475996671
583			95.655	483.45622932437
584			95.695	484.72018035495
585			95.735	483.97229083038
586			95.775	483.49151721293
587			95.815	483.27390961854
588			95.855	483.85302385503
589			95.895	484.2377514911
590			95.935	484.8611457816
591			95.975	485.53335762729
592			96.015	-nan
593			96.055	487.37221192386
594			96.095	489.0689397415
595			96.135	489.18215609069
596			96.175	489.54554380941
597			96.215	490.33937034924
598			96.255	490.4415115203
599			96.295	491.37512071855
600			96.335	490.60898349454
601			96.375	491.03749313511
602			96.415	493.38125296643
603			96.455	-nan
604			96.495	-nan
605			96.535	-nan
606			96.575	-nan
607			96.615	-nan
608			96.655	-nan
609			96.695	-nan
610			96.735	-nan
611			96.775	-nan
612			96.815	-nan
613			96.855	497.41805563219
614			96.895	500.92050551299
615			96.935	498.03512967699
616			96.975	498.25360267975
617			97.015	499.08085076479
618			97.055	499.60585741431
619			97.095	500.34367306247
620			97.135	499.90951943157
621			97.175	499.44016948499
622			97.215	499.86756817288
623			97.255	500.0983456689
624			97.295	-nan
625			97.335	500.44133239887
626			97.375	500.49713245228
627			97.415	501.09086567155
628			97.455	501.4943684365
629			97.495	502.48695905872
630			97.535	503.14667382878
631			97.575	504.11313385741
632			97.615	504.81982824805
633			97.655	506.32973845198
634			97.695	511.72320266833
635			97.735	-nan
636			97.775	-nan
637			97.815	-nan
638			97.855	-nan
639			97.895	-nan
640			97.935	-nan
641			97.975	-nan
642			98.015	-nan
643			98.055	-nan
644			98.095	-nan
645			98.135	530.84517099914
646			98.175	515.84700618927
647			98.215	515.20645224938
648			98.255	512.97640792041
649			98.295	515.50506640245
650			98.335	514.92505059299
651			98.375	515.62855748538
652			98.415	516.47045798764
653			98.455	517.4307192949
654			98.495	518.7200286259
655			98.535	519.07750223688
656			98.575	-nan
657			98.615	520.44551466008
658			98.655	520.97152762811
659			98.695	521.60105368659
660			98.735	521.65018435187
661			98.775	521.61732900648
662			98.815	521.14134713566
663			98.855	524.07901045938
664			98.895	588.42046436715
665			98.935	528.51160904649
666			98.975	521.46889367712
667			99.015	-nan
668			99.055	-nan
669			99.095	-nan
670			99.135	-nan
671			99.175	-nan
672			99.215	-nan
673			99.255	-nan
674			99.295	-nan
675			99.335	-nan
676			99.375	-nan
677			99.415	528.98750850958
678			99.455	528.12706516816
679			99.495	528.3485556048
680			99.535	528.11529651855
681			99.575	528.15111275473
682			99.615	527.83627390352
683			99.655	528.1456130734
684			99.695	570.66752315003
685			99.735	529.43889372492
686			99.775	525.79763815933
687			99.815	525.70015371904
688			99.855	-nan
689			99.895	530.2257413354
690			99.935	526.49215332333
691			99.975	526.97073075042
692			100.015	527.61324849548
693			100.055	528.26174858443
694			100.095	530.62535641246
695			100.135	529.18461226176
696			100.175	529.03366916966
697			100.215	530.20896662275
698			100.255	530.9987852764
699			100.295	-nan
700			100.335	-nan
701			100.375	-nan
702			100.415	-nan
703			100.455	-nan
704			100.495	-nan
705			100.535	-nan
706			100.575	-nan
707			100.615	-nan
708			100.655	-nan
709			100.695	526.66652448871
710			100.735	524.5228928904
711			100.775	524.63181185903
712			100.815	525.02069494955
713			100.855	525.53667921579
714			100.895	526.15281604644
715			100.935	525.52363867745
716			100.975	524.98566627064
717			101.015	524.68508038007
718			101.055	524.52621435858
719			101.095	525.68765294996
720			101.135	-nan
721			101.175	522.30468437449
722			101.215	521.1590603118
723			101.255	524.10313477677
724			101.295	575.69153211915
725			101.335	527.69785705641
726			101.375	517.76127504827
727			101.415	516.79880726537
728			101.455	516.46585154075
729			101.495	523.81020777002
730			101.535	516.67248652826
731			101.575	-nan
732			101.615	-nan
733			101.655	-nan
734			101.695	-nan
735			101.735	-nan
736			101.775	-nan
737			101.815	-nan
738			101.855	-nan
739			101.895	-nan
740			101.935	-nan
741			101.975	512.62561283098
742			102.015	510.68998836275
743			102.055	509.57669843744
744			102.095	508.86561247104
745			102.135	507.9478509879
746			102.175	507.00498824794
747			102.215	506.00335959075
748			102.255	505.19025167991
749			102.295	504.85729208172
750			102.335	503.73616727829
751			102.375	503.61054415672
752			102.415	-nan
753			102.455	502.89157870451
754			102.495	502.91532989961
755			102.535	502.16424484801
756			102.575	501.70058419413
757			102.615	501.25575254901
758			102.655	500.54651706606
759			102.695	499.21163110959
760			102.735	498.12803970685
761			102.775	497.21344274332
762			102.815	498.18745036776
763			102.855	-nan
764			102.895	-nan
765			102.935	-nan
766			102.975	-nan
767			103.015	-nan
768			103.055	-nan
769			103.095	-nan
770			103.135	-nan
771			103.175	-nan
772			103.215	-nan
773			103.255	486.24946296333
774			103.295	484.4797344591
775			103.335	483.80327730172
776			103.375	483.56891508733
777			103.415	482.77261132209
778			103.455	482.47939654329
779			103.495	481.41432981073
780			103.535	480.14446941699
781			103.575	478.95069922704
782			103.615	477.40815602685
783			103.655	476.7320705247
784			103.695	-nan
785			103.735	474.15228784723
786			103.775	473.25730219273
787			103.815	472.4746265883
788			103.855	471.86357134524
789			103.895	471.42315075811
790			103.935	471.17801201742
791			103.975	470.85901382434
792			104.015	470.73252384558
793			104.055	471.03866983875
794			104.095	472.24442272528
795			104.135	-nan
796			104.175	-nan
797			104.215	-nan
798			104.255	-nan
799			104.295	-nan
800			104.335	-nan
801			104.375	-nan
802			104.415	-nan
803			104.455	-nan
804			104.495	-nan
805			104.535	474.84428216875
806			104.575	462.95728775989
807			104.615	462.43058115609
808			104.655	462.29859911324
809			104.695	462.26725763843
810			104.735	461.87216639301
811			104.775	461.64146378092
812			104.815	461.53789275327
813			104.855	461.52413500474
814			104.895	461.88550836877
815			104.935	461.749049859
816			104.975	-nan
817			105.015	461.16249867907
818			105.055	460.67607494954
819			105.095	460.33802164364
820			105.135	459.12588468715
821			105.175	458.29211068839
822			105.215	457.60575488199
823			105.255	457.33905870346
824			105.295	456.61611152595
825			105.335	456.05483867742
826			105.375	456.28043391355
827			105.415	-nan
828			105.455	-nan
829			105.495	-nan
830			105.535	-nan
831			105.575	-nan
832			105.615	-nan
833			105.655	-nan
834			105.695	-nan
835			105.735	-nan
836			105.775	-nan
837			105.815	458.11275978601
838			105.855	457.0400389764
839			105.895	456.53289376119
840			105.935	455.96304626707
841			105.975	455.51197147933
842			106.015	455.06480470706
843			106.055	455.87193151283
844			106.095	496.19373571817
845			106.135	458.87927787762
846			106.175	453.10958612474
847			106.215	453.15911185991
848			106.255	-nan
849			106.295	500.70938036184
850			106.335	456.31649332067
851			106.375	453.40230647946
852			106.415	453.66994603403
853			106.455	454.48440975224
854			106.495	455.20663252317
855			106.535	455.55143335043
856			106.575	455.92162388872
857			106.615	456.33944132438
858			106.655	457.26924344207
859			106.695	-nan
860			106.735	-nan
861			106.775	-nan
862			106.815	-nan
863			106.855	-nan
864			106.895	-nan
865			106.935	-nan
866			106.975	-nan
867			107.015	-nan
868			107.055	-nan
869			107.095	457.57630575734
870			107.135	456.64632747186
871			107.175	457.02508092824
872			107.215	457.89438191556
873			107.255	458.58935182339
874			107.295	457.00929634312
875			107.335	459.66526162871
876			107.375	460.10326423416
877			107.415	460.5954060365
878			107.455	461.05588765045
879			107.495	463.24026050903
880			107.535	-nan
881			107.575	461.23303378686
882			107.615	460.68797992645
883			107.655	461.89897370627
884			107.695	502.59152349985
885			107.735	465.07015432075
886			107.775	460.56469183172
887			107.815	461.24111188143
888			107.855	461.25855968786
889			107.895	488.85723252794
890			107.935	464.79391566064
891			107.975	-nan
892			108.015	-nan
893			108.055	-nan
894			108.095	-nan
895			108.135	-nan
896			108.175	-nan
897			108.215	-nan
898			108.255	-nan
899			108.295	-nan
900			108.335	-nan
901			108.375	471.86030737748
902			108.415	470.24829352803
903			108.455	470.23661947658
904			108.495	470.59014842274
905			108.535	470.7689591153
906			108.575	470.91987706979
907			108.615	471.13867831743
908			108.655	471.58661774387
909			108.695	472.31488662791
910			108.735	473.11603527392
911			108.775	473.63209126461
912			108.815	-nan
913			108.855	475.76967505705
914			108.895	476.5244418885
915			108.935	477.4270947207
916			108.975	478.21176817868
917			109.015	479.04027355099
918			109.055	479.61131557407
919			109.095	479.59339206091
920			109.135	479.59153600946
921			109.175	479.77151063499
922			109.215	481.34295428271
923			109.255	-nan
924			109.295	-nan
925			109.335	-nan
926			109.375	-nan
927			109.415	-nan
928			109.455	-nan
929			109.495	-nan
930			109.535	-nan
931			109.575	-nan
932			109.615	-nan
933			109.655	488.71686304442
934			109.695	488.45043589118
935			109.735	488.8228921429
936			109.775	489.54741656055
937			109.815	490.18312976353
938			109.855	490.64660330783
939			109.895	490.88157706206
940			109.935	491.13257227809
941			109.975	491.34361437946
942			110.015	491.51367442297
943			110.055	491.6024470491
944			110.095	-nan
945			110.135	491.71125075148
946			110.175	491.85109743797
947			110.215	492.20241843002
948			110.255	492.58834471328
949			110.295	493.42578810766
950			110.335	494.1339569836
951			110.375	494.80795938966
952			110.415	495.37232080966
953			110.455	496.33728092969
954			110.495	498.35083275122
955			110.535	-nan
956			110.575	-nan
957			110.615	-nan
958			110.655	-nan
959			110.695	-nan
960			110.735	-nan
961			110.775	-nan
962			110.815	-nan
963			110.855	-nan
964			110.895	-nan
965			110.935	501.46383310753
966			110.975	500.14728286327
967			111.015	499.72511345559
968			111.055	500.01755718287
969			111.095	500.79798281729
970			111.135	501.21592646043
971			111.175	502.04292041015
972			111.215	502.78455289571
973			111.255	503.55099640507
974			111.295	504.32832606251
975			111.335	504.78909507879
976			111.375	-nan
977			111.415	505.45705022237
978			111.455	505.64584287701
979			111.495	505.61911390692
980			111.535	505.77520259701
981			111.575	505.78522219286
982			111.615	505.56176533989
983			111.655	505.09808790596
984			111.695	504.51000153566
985			111.735	504.55451450025
986			111.775	505.77928455354
987			111.815	-nan
988			111.855	-nan
989			111.895	-nan
990			111.935	-nan
991			111.975	-nan
992			112.015	-nan
993			112.055	-nan
994			112.095	-nan
995			112.135	-nan
996			112.175	-nan
997			112.215	509.56298550674
998			112.255	507.81230123637
999			112.295	507.06414879031
1000		112.335	506.7532940537
1001		112.375	506.46145437393
1002		112.415	506.02136419449
1003		112.455	505.40172875308
1004		112.495	504.85162737096
1005		112.535	504.38004483193
1006		112.575	504.02824132987
1007		112.615	503.62327607709
1008		112.655	-nan
1009		112.695	503.03992515906
1010		112.735	503.08921729129
1011		112.775	503.24068700868
1012		112.815	503.5434502615
1013		112.855	503.75143563138
1014		112.895	504.10171301503
1015		112.935	503.61216036302
1016		112.975	503.30422567972
1017		113.015	503.51504981976
1018		113.055	504.48232094333
1019		113.095	-nan
1020		113.135	-nan
1021		113.175	-nan
1022		113.215	-nan
1023		113.255	-nan
1024		113.295	-nan
1025		113.335	-nan
1026		113.375	-nan
1027		113.415	-nan
1028		113.455	-nan
1029		113.495	499.92867263163
1030		113.535	498.14417369954
1031		113.575	497.42846385534
1032		113.615	497.52667962111
1033		113.655	497.67560657407
1034		113.695	497.50957157967
1035		113.735	497.60420218669
1036		113.775	497.45301403228
1037		113.815	497.14731468766
1038		113.855	496.69103339057
1039		113.895	496.15349143416
1040		113.935	-nan
1041		113.975	494.30326461552
1042		114.015	493.38262294006
1043		114.055	492.55854820191
1044		114.095	491.9205478535
1045		114.135	490.90642425783
1046		114.175	490.1370097379
1047		114.215	489.38812981052
1048		114.255	488.60353333308
1049		114.295	488.56325388971
1050		114.335	489.29584914208
1051		114.375	-nan
1052		114.415	-nan
1053		114.455	-nan
1054		114.495	-nan
1055		114.535	-nan
1056		114.575	-nan
1057		114.615	-nan
1058		114.655	-nan
1059		114.695	-nan
1060		114.735	-nan
1061		114.775	486.07315932455
1062		114.815	483.69828230044
1063		114.855	482.11498060535
1064		114.895	481.66886384585
1065		114.935	481.00426681119
1066		114.975	480.42680071789
1067		115.015	479.85142869483
1068		115.055	479.25594915734
1069		115.095	478.77406252113
1070		115.135	478.47234381022
1071		115.175	478.18590658632
1072		115.215	-nan
1073		115.255	477.7216692659
1074		115.295	477.57099648618
1075		115.335	477.45575947646
1076		115.375	477.25339651543
1077		115.415	476.89542074236
1078		115.455	476.36848542895
1079		115.495	475.63234299746
1080		115.535	474.87536201176
1081		115.575	474.39600293935
1082		115.615	474.81573296181
1083		115.655	-nan
1084		115.695	-nan
1085		115.735	-nan
1086		115.775	-nan
1087		115.815	-nan
1088		115.855	-nan
1089		115.895	-nan
1090		115.935	-nan
1091		115.975	-nan
1092		116.015	-nan
1093		116.055	470.46075132282
1094		116.095	468.80021127629
1095		116.135	468.39832781651
1096		116.175	468.31417836803
1097		116.215	468.24601571866
1098		116.255	467.92814581647
1099		116.295	467.47699924963
1100		116.335	466.86869073405
1101		116.375	466.22782975841
1102		116.415	465.57712517452
1103		116.455	464.90655703125
1104		116.495	-nan
1105		116.535	463.53169376079
1106		116.575	463.04313126307
1107		116.615	462.60091136167
1108		116.655	462.34063239637
1109		116.695	462.1620832833
1110		116.735	461.98182192668
1111		116.775	461.77721289976
1112		116.815	461.75109785669
1113		116.855	462.05473697851
1114		116.895	463.20934043608
1115		116.935	-nan
1116		116.975	-nan
1117		117.015	-nan
1118		117.055	-nan
1119		117.095	-nan
1120		117.135	-nan
1121		117.175	-nan
1122		117.215	-nan
1123		117.255	-nan
1124		117.295	-nan
1125		117.335	460.25787985181
1126		117.375	458.67407165672
1127		117.415	458.08777276044
1128		117.455	458.06079371677
1129		117.495	458.21691149718
1130		117.535	458.4043458581
1131		117.575	458.5089805342
1132		117.615	458.60011512158
1133		117.655	458.73114342536
1134		117.695	458.96484359137
1135		117.735	459.10205230845
1136		117.775	-nan
1137		117.815	459.33240828908
1138		117.855	459.34060728379
1139		117.895	459.22681426593
1140		117.935	459.00723974367
1141		117.975	458.73528810266
1142		118.015	458.36946183237
1143		118.055	457.96899375777
1144		118.095	457.68888760409
1145		118.135	457.74467824569
1146		118.175	458.54700542919
1147		118.215	-nan
1148		118.255	-nan
1149		118.295	-nan
1150		118.335	-nan
1151		118.375	-nan
1152		118.415	-nan
1153		118.455	-nan
1154		118.495	-nan
1155		118.535	-nan
1156		118.575	-nan
1157		118.615	461.53177855725
1158		118.655	460.453944644
1159		118.695	460.2832181689
1160		118.735	460.41642539689
1161		118.775	460.61214133195
1162		118.815	460.66050227504
1163		118.855	460.52928377351
1164		118.895	460.36081189969
1165		118.935	460.28822208217
1166		118.975	460.41861653043
1167		119.015	460.61253240602
1168		119.055	-nan
1169		119.095	461.40606721139
1170		119.135	461.82602134284
1171		119.175	462.29997176303
1172		119.215	462.76702140986
1173		119.255	463.32853738075
1174		119.295	463.83425822528
1175		119.335	464.21966346561
1176		119.375	464.64054429564
1177		119.415	465.24986763549
1178		119.455	466.58430685998
1179		119.495	-nan
1180		119.535	-nan
1181		119.575	-nan
1182		119.615	-nan
1183		119.655	-nan
1184		119.695	-nan
1185		119.735	-nan
1186		119.775	-nan
1187		119.815	-nan
1188		119.855	-nan
1189		119.895	469.57020856624
1190		119.935	468.8255691498
1191		119.975	469.09977448131
1192		120.015	470.12745607099
1193		120.055	470.84314260785
1194		120.095	471.64453592053
1195		120.135	472.25510681436
1196		120.175	472.76163718404
1197		120.215	473.39038105395
1198		120.255	473.98869654749
1199		120.295	474.49931945415
1200		120.335	-nan
1201		120.375	475.44655824358
1202		120.415	475.73321425615
1203		120.455	475.93536269375
1204		120.495	476.16918698622
1205		120.535	476.51781135835
1206		120.575	476.8854286293
1207		120.615	477.29911853473
1208		120.655	477.69104416914
1209		120.695	478.61219556055
1210		120.735	480.33477507743
1211		120.775	-nan
1212		120.815	-nan
1213		120.855	-nan
1214		120.895	-nan
1215		120.935	-nan
1216		120.975	-nan
1217		121.015	-nan
1218		121.055	-nan
1219		121.095	-nan
1220		121.135	-nan
1221		121.175	487.79550436133
1222		121.215	486.58361100352
1223		121.255	486.82111311857
1224		121.295	487.33858831085
1225		121.335	487.86218788949
1226		121.375	488.34137025853
1227		121.415	488.76248767498
1228		121.455	489.13450755736
1229		121.495	489.76227085772
1230		121.535	490.52462877268
1231		121.575	491.32932300693
1232		121.615	-nan
1233		121.655	493.13169736736
1234		121.695	493.86024987838
1235		121.735	494.55268284981
1236		121.775	495.2608590294
1237		121.815	495.94183453659
1238		121.855	496.5138713412
1239		121.895	496.98774322069
1240		121.935	497.27351732728
1241		121.975	497.84527855066
1242		122.015	499.33531083985
1243		122.055	-nan
1244		122.095	-nan
1245		122.135	-nan
1246		122.175	-nan
1247		122.215	-nan
1248		122.255	-nan
1249		122.295	-nan
1250		122.335	-nan
1251		122.375	-nan
1252		122.415	-nan
1253		122.455	505.60069564798
1254		122.495	504.77606474509
1255		122.535	505.04282466691
1256		122.575	505.73427375995
1257		122.615	508.35063967678
1258		122.655	507.03738473503
1259		122.695	507.39780414042
1260		122.735	507.68199196209
1261		122.775	508.00423486254
1262		122.815	508.37959975504
1263		122.855	508.72985667385
1264		122.895	-nan
1265		122.935	509.35952106494
1266		122.975	509.56213250583
1267		123.015	509.84507991089
1268		123.055	510.12744301219
1269		123.095	510.69392588317
1270		123.135	511.21773737598
1271		123.175	511.67195800231
1272		123.215	512.17025238281
1273		123.255	513.09577134402
1274		123.295	514.83707849046
1275		123.335	-nan
1276		123.375	-nan
1277		123.415	-nan
1278		123.455	-nan
1279		123.495	-nan
1280		123.535	-nan
1281		123.575	-nan
1282		123.615	-nan
1283		123.655	-nan
1284		123.695	-nan
1285		123.735	518.01396040244
1286		123.775	516.40025769734
1287		123.815	516.235632112
1288		123.855	516.56929261937
1289		123.895	516.96685453305
1290		123.935	517.3189303655
1291		123.975	517.42779490461
1292		124.015	517.67823818536
1293		124.055	518.01708136321
1294		124.095	518.50130803276
1295		124.135	518.87707681698
1296		124.175	-nan
1297		124.215	519.35257121792
1298		124.255	519.42489486979
1299		124.295	519.48127853829
1300		124.335	519.57110852353
1301		124.375	519.69019789214
1302		124.415	519.62708279739
1303		124.455	519.35527518616
1304		124.495	519.1116491592
1305		124.535	519.25549606525
1306		124.575	520.41369200087
1307		124.615	-nan
1308		124.655	-nan
1309		124.695	-nan
1310		124.735	-nan
1311		124.775	-nan
1312		124.815	-nan
1313		124.855	-nan
1314		124.895	-nan
1315		124.935	-nan
1316		124.975	-nan
1317		125.015	521.916522529
1318		125.055	519.84434663391
1319		125.095	519.3303863269
1320		125.135	519.20409223225
1321		125.175	519.20183908854
1322		125.215	518.77838744077
1323		125.255	518.56511938531
1324		125.295	518.29197576047
1325		125.335	518.13791388276
1326		125.375	517.95900538566
1327		125.415	517.79300158933
1328		125.455	-nan
1329		125.495	517.3145563635
1330		125.535	517.15437104761
1331		125.575	516.96248301898
1332		125.615	516.92843693868
1333		125.655	516.93113791446
1334		125.695	516.87448466162
1335		125.735	516.66953244283
1336		125.775	516.39672357547
1337		125.815	516.44513076557
1338		125.855	517.51703966691
1339		125.895	-nan
1340		125.935	-nan
1341		125.975	-nan
1342		126.015	-nan
1343		126.055	-nan
1344		126.095	-nan
1345		126.135	-nan
1346		126.175	-nan
1347		126.215	-nan
1348		126.255	-nan
1349		126.295	513.87857659433
1350		126.335	511.90503663317
1351		126.375	511.23096966921
1352		126.415	511.10553124133
1353		126.455	511.02508156675
1354		126.495	510.86242478929
1355		126.535	510.5595454552
1356		126.575	510.15788539235
1357		126.615	509.8333089264
1358		126.655	509.59342444969
1359		126.695	509.19991484115
1360		126.735	-nan
1361		126.775	508.13539198738
1362		126.815	507.54692713911
1363		126.855	507.07692408327
1364		126.895	506.6208381512
1365		126.935	506.32039028306
1366		126.975	505.92663330123
1367		127.015	505.4579530774
1368		127.055	504.91110166299
1369		127.095	504.66158783728
1370		127.135	505.5519053656
1371		127.175	-nan
1372		127.215	-nan
1373		127.255	-nan
1374		127.295	-nan
1375		127.335	-nan
1376		127.375	-nan
1377		127.415	-nan
1378		127.455	-nan
1379		127.495	-nan
1380		127.535	-nan
1381		127.575	502.02724911395
1382		127.615	499.95725078939
1383		127.655	498.93091583121
1384		127.695	498.46657828539
1385		127.735	497.99867301869
1386		127.775	497.55644068364
1387		127.815	496.97175378849
1388		127.855	496.58029074751
1389		127.895	496.23815075628
1390		127.935	495.97068149753
1391		127.975	495.75315929351
1392		128.015	-nan
1393		128.055	495.0832505198
1394		128.095	494.80668268901
1395		128.135	494.58399110678
1396		128.175	494.3621039659
1397		128.215	494.11559935699
1398		128.255	493.82790778261
1399		128.295	493.28357048093
1400		128.335	492.77933489767
1401		128.375	492.5697443155
1402		128.415	493.33446312005
1403		128.455	-nan
1404		128.495	-nan
1405		128.535	-nan
1406		128.575	-nan
1407		128.615	-nan
1408		128.655	-nan
1409		128.695	-nan
1410		128.735	-nan
1411		128.775	-nan
1412		128.815	-nan
1413		128.855	490.60773666938
1414		128.895	488.95094167134
1415		128.935	488.3486107411
1416		128.975	488.1462967863
1417		129.015	488.00616786553
1418		129.055	487.78298933193
1419		129.095	487.45196444592
1420		129.135	487.1700384483
1421		129.175	486.92637256029
1422		129.215	486.78134454815
1423		129.255	486.50376348293
1424		129.295	-nan
1425		129.335	485.85438301534
1426		129.375	485.56098535171
1427		129.415	485.31876002206
1428		129.455	485.13624010252
1429		129.495	485.04200994303
1430		129.535	484.89534136995
1431		129.575	484.63127593148
1432		129.615	484.22724743883
1433		129.655	479.25463243525
1434		129.695	485.3969912808
1435		129.735	-nan
1436		129.775	-nan
1437		129.815	-nan
1438		129.855	-nan
1439		129.895	-nan
1440		129.935	-nan
1441		129.975	-nan
1442		130.015	-nan
1443		130.055	-nan
1444		130.095	-nan
1445		130.135	485.14587615763
1446		130.175	483.60874762996
1447		130.215	483.17086348276
1448		130.255	483.19616675412
1449		130.295	483.34400865518
1450		130.335	483.41107777869
1451		130.375	483.42228189076
1452		130.415	483.4854071833
1453		130.455	483.65585239578
1454		130.495	483.84084999136
1455		130.535	483.90973623083
1456		130.575	-nan
1457		130.615	484.14060093102
1458		130.655	484.36279686023
1459		130.695	484.49106650017
1460		130.735	484.70270741777
1461		130.775	484.9213931199
1462		130.815	485.05701224116
1463		130.855	485.02474458807
1464		130.895	484.99643763398
1465		130.935	485.27230998348
1466		130.975	486.48660590344
1467		131.015	-nan
1468		131.055	-nan
1469		131.095	-nan
1470		131.135	-nan
1471		131.175	-nan
1472		131.215	-nan
1473		131.255	-nan
1474		131.295	-nan
1475		131.335	-nan
1476		131.375	-nan
1477		131.415	489.34646440694
1478		131.455	488.15569029202
1479		131.495	487.88288997934
1480		131.535	488.22198047714
1481		131.575	488.51466557987
1482		131.615	488.73607544485
1483		131.655	488.90805155497
1484		131.695	489.08610025262
1485		131.735	489.48532367763
1486		131.775	489.72889138005
1487		131.815	490.01326498057
1488		131.855	-nan
1489		131.895	490.72001146688
1490		131.935	491.05551497387
1491		131.975	491.73815464304
1492		132.015	491.47363093788
1493		132.055	492.28629528636
1494		132.095	492.63796658915
1495		132.135	492.88134744454
1496		132.175	493.15912750296
1497		132.215	493.87632284197
1498		132.255	495.47785000943
1499		132.295	-nan
1500		132.335	-nan
1501		132.375	-nan
1502		132.415	-nan
1503		132.455	-nan
1504		132.495	-nan
1505		132.535	-nan
1506		132.575	-nan
1507		132.615	-nan
1508		132.655	-nan
1509		132.695	500.53595664986
1510		132.735	499.58447864244
1511		132.775	499.63042637224
1512		132.815	500.28630678826
1513		132.855	501.01654289329
1514		132.895	501.58306881878
1515		132.935	502.04633268928
1516		132.975	502.55503838571
1517		133.015	503.07698722721
1518		133.055	503.69887078908
1519		133.095	504.34726253772
1520		133.135	-nan
1521		133.175	505.5692970126
1522		133.215	506.11176583436
1523		133.255	506.59311732494
1524		133.295	507.14502910407
1525		133.335	507.75138788961
1526		133.375	508.33941597219
1527		133.415	508.73766014615
1528		133.455	509.19656069641
1529		133.495	509.98023329397
1530		133.535	511.86661045946
1531		133.575	-nan
1532		133.615	-nan
1533		133.655	-nan
1534		133.695	-nan
1535		133.735	-nan
1536		138.895	-nan
1537		138.935	-nan
1538		138.975	-nan
1539		139.015	-nan
1540		139.055	-nan
1541		139.095	535.69520664985
1542		139.135	533.49117034209
1543		139.175	532.55098266266
1544		139.215	532.15366180749
1545		139.255	531.68246566682
1546		139.295	530.99599509123
1547		139.335	530.70183193059
1548		139.375	530.17615279531
1549		139.415	529.77397453171
1550		139.455	529.42364865417
1551		139.495	529.06405492407
1552		139.535	-nan
1553		139.575	528.18545455348
1554		139.615	527.806760261
1555		139.655	527.46843324871
1556		139.695	527.19883882089
1557		139.735	527.01811893234
1558		139.775	526.64803055057
1559		139.815	526.2445685255
1560		139.855	525.78622972285
1561		139.895	525.72497349289
1562		139.935	526.72210196212
1563		139.975	-nan
1564		140.015	-nan
1565		140.055	-nan
1566		140.095	-nan
1567		140.135	-nan
1568		140.175	-nan
1569		140.215	-nan
1570		140.255	-nan
1571		140.295	-nan
1572		140.335	-nan
1573		140.375	522.44031721314
1574		140.415	520.47679666742
1575		140.455	519.61731337718
1576		140.495	519.34998777644
1577		140.535	519.24323930004
1578		140.575	518.92918118999
1579		140.615	518.61107732488
1580		140.655	518.17408112728
1581		140.695	517.83276584688
1582		140.735	517.53623556964
1583		140.775	517.19095434224
1584		140.815	-nan
1585		140.855	516.1623245353
1586		140.895	515.75383755694
1587		140.935	515.32293529694
1588		140.975	514.94583561981
1589		141.015	514.66634041131
1590		141.055	514.27619555535
1591		141.095	513.7396477036
1592		141.135	513.32058454457
1593		141.175	513.24998095881
1594		141.215	514.28876862876
1595		141.255	-nan
1596		141.295	-nan
1597		141.335	-nan
1598		141.375	-nan
1599		141.415	-nan
1600		141.455	-nan
1601		141.495	-nan
1602		141.535	-nan
1603		141.575	-nan
1604		141.615	-nan
1605		141.655	512.11556883936
1606		141.695	509.77588276107
1607		141.735	508.95809709578
1608		141.775	508.66155752109
1609		141.815	508.48399738939
1610		141.855	508.17043759795
1611		141.895	507.87848350318
1612		141.935	507.4776233817
1613		141.975	507.30973034072
1614		142.015	507.18472725613
1615		142.055	507.05168077785
1616		142.095	-nan
1617		142.135	506.77148632614
1618		142.175	506.62710670564
1619		142.215	506.56347836855
1620		142.255	506.55644833886
1621		142.295	506.50938806096
1622		142.335	506.41224003888
1623		142.375	506.10544027557
1624		142.415	505.77320848243
1625		142.455	505.84013412851
1626		142.495	506.86148995403
1627		142.535	-nan
1628		142.575	-nan
1629		142.615	-nan
1630		142.655	-nan
1631		142.695	-nan
1632		142.735	-nan
1633		142.775	-nan
1634		142.815	-nan
1635		142.855	-nan
1636		142.895	-nan
1637		142.935	506.60204283643
1638		142.975	505.05586533504
1639		143.015	504.65747744304
1640		143.055	504.72818790619
1641		143.095	504.82973518609
1642		143.135	504.87701104015
1643		143.175	504.77890042808
1644		143.215	504.61398716748
1645		143.255	504.6201749028
1646		143.295	504.59975987003
1647		143.335	504.57552920387
1648		143.375	-nan
1649		143.415	504.55908441774
1650		143.455	504.59604746578
1651		143.495	504.64945245932
1652		143.535	504.84468606107
1653		143.575	505.05967225552
1654		143.615	505.1683821676
1655		143.655	505.26354186271
1656		143.695	505.4100472964
1657		143.735	505.87150431594
1658		143.775	507.32213599782
1659		143.815	-nan
1660		143.855	-nan
1661		143.895	-nan
1662		143.935	-nan
1663		143.975	-nan
1664		144.015	-nan
1665		144.055	-nan
1666		144.095	-nan
1667		144.135	-nan
1668		144.175	-nan
1669		144.215	509.06862831459
1670		144.255	507.71256401536
1671		144.295	507.45524174325
1672		144.335	507.84566739658
1673		144.375	508.24382725268
1674		144.415	508.68116354694
1675		144.455	508.93070555068
1676		144.495	509.25408052365
1677		144.535	509.68865145274
1678		144.575	510.06758451887
1679		144.615	510.45769560481
1680		144.655	-nan
1681		144.695	511.27279958125
1682		144.735	511.54820907236
1683		144.775	511.83097602838
1684		144.815	512.09335356878
1685		144.855	512.4411172499
1686		144.895	512.64279756924
1687		144.935	512.7804307425
1688		144.975	512.89065732147
1689		145.015	513.41612111843
1690		145.055	514.96532770779
1691		145.095	-nan
1692		145.135	-nan
1693		145.175	-nan
1694		145.215	-nan
1695		145.255	-nan
1696		145.295	-nan
1697		145.335	-nan
1698		145.375	-nan
1699		145.415	-nan
1700		145.455	-nan
1701		145.495	519.9094614048
1702		145.535	518.66792954241
1703		145.575	518.49528496671
1704		145.615	518.91527535819
1705		145.655	519.30198515217
1706		145.695	519.64699745759
1707		145.735	519.79710434968
1708		145.775	520.02637797957
1709		145.815	520.41675328692
1710		145.855	520.85035351634
1711		145.895	521.26572957856
1712		145.935	-nan
1713		145.975	522.40831865229
1714		146.015	522.77341802919
1715		146.055	523.20210246295
1716		146.095	523.76222912085
1717		146.135	524.2739523094
1718		146.175	524.75858000874
1719		146.215	525.22860532924
1720		146.255	525.5006938781
1721		146.295	526.26562002342
1722		146.335	528.0435408401
1723		146.375	-nan
1724		146.415	-nan
1725		146.455	-nan
1726		146.495	-nan
1727		146.535	-nan
1728		146.575	-nan
1729		146.615	-nan
1730		146.655	-nan
1731		146.695	-nan
1732		146.735	-nan
1733		146.775	532.45020044311
1734		146.815	531.22567776617
1735		146.855	531.18161961433
1736		146.895	531.74018863477
1737		146.935	532.42154563285
1738		146.975	532.90022509112
1739		147.015	533.31503368062
1740		147.055	533.59495768462
1741		147.095	534.05184350362
1742		147.135	534.41978765499
1743		147.175	534.81801059356
1744		147.215	-nan
1745		147.255	535.46235414513
1746		147.295	535.66097274494
1747		147.335	535.83763966197
1748		147.375	536.08513068797
1749		147.415	536.429607089
1750		147.455	536.7202597194
1751		147.495	536.90493964629
1752		147.535	537.16417297302
1753		147.575	537.86005899554
1754		147.615	539.70667575721
1755		147.655	-nan
1756		147.695	-nan
1757		147.735	-nan
1758		147.775	-nan
1759		147.815	-nan
1760		147.855	-nan
1761		147.895	-nan
1762		147.935	-nan
1763		147.975	-nan
1764		148.015	-nan
1765		148.055	543.4632258431
1766		148.095	541.80823912356
1767		148.135	541.30544584526
1768		148.175	541.40703459104
1769		148.215	541.63750481565
1770		148.255	541.77672963314
1771		148.295	541.81474857098
1772		148.335	541.85948209448
1773		148.375	542.09444736413
1774		148.415	542.3903776618
1775		148.455	542.71376140429
1776		148.495	-nan
1777		148.535	543.28198621736
1778		148.575	543.63954322115
1779		148.615	544.03459952247
1780		148.655	544.29103471101
1781		148.695	544.31519231064
1782		148.735	544.49242027677
1783		148.775	544.40811463536
1784		148.815	544.33577877282
1785		148.855	544.73819163709
1786		148.895	546.12412481295
1787		148.935	-nan
1788		148.975	-nan
1789		149.015	-nan
1790		149.055	-nan
1791		149.095	-nan
1792		149.135	-nan
1793		149.175	-nan
1794		149.215	-nan
1795		149.255	-nan
1796		149.295	-nan
1797		149.335	547.16141031754
1798		149.375	545.18846870298
1799		149.415	544.74034921332
1800		149.455	545.05321236235
1801		149.495	545.05108379137
1802		149.535	544.96562549782
1803		149.575	544.73548244588
1804		149.615	544.35596341944
1805		149.655	544.08130737392
1806		149.695	543.74026441651
1807		149.735	544.01565376662
1808		149.775	-nan
1809		149.815	542.7826940389
1810		149.855	542.51014546893
1811		149.895	541.92099379848
1812		149.935	532.34852662365
1813		149.975	542.28555393734
1814		150.015	546.41913026315
1815		150.055	542.05300744477
1816		150.095	541.33983273974
1817		150.135	541.66031344705
1818		150.175	543.33458923552
1819		150.215	-nan
1820		150.255	-nan
1821		150.295	-nan
1822		150.335	-nan
1823		150.375	-nan
1824		150.415	-nan
1825		150.455	-nan
1826		150.495	-nan
1827		150.535	-nan
1828		150.575	-nan
1829		150.615	539.16682068601
1830		150.655	536.80725183334
1831		150.695	535.85263604993
1832		150.735	535.47221200676
1833		150.775	535.21212373381
1834		150.815	534.87106846745
1835		150.855	534.45891858015
1836		150.895	534.05231558397
1837		150.935	533.78169838686
1838		150.975	533.60044164261
1839		151.015	533.27857214941
1840		151.055	-nan
1841		151.095	532.40735163119
1842		151.135	531.98216743328
1843		151.175	531.4362791299
1844		151.215	531.03207058856
1845		151.255	530.53265754435
1846		151.295	529.93211486884
1847		151.335	529.5733672897
1848		151.375	528.68646131098
1849		151.415	528.21631237301
1850		151.455	528.88479708926
1851		151.495	-nan
1852		151.535	-nan
1853		151.575	-nan
1854		151.615	-nan
1855		151.655	-nan
1856		151.695	-nan
1857		151.735	-nan
1858		151.775	-nan
1859		151.815	-nan
1860		151.855	-nan
1861		151.895	524.50371377317
1862		151.935	522.43606455981
1863		151.975	521.33523417417
1864		152.015	520.74857221956
1865		152.055	520.26241783213
1866		152.095	519.59385090015
1867		152.135	518.8588293697
1868		152.175	518.22241635029
1869		152.215	517.61246398885
1870		152.255	517.11583902238
1871		152.295	516.61286031554
1872		152.335	-nan
1873		152.375	515.34541408085
1874		152.415	514.8520391824
1875		152.455	514.38365683582
1876		152.495	514.01273612153
1877		152.535	513.67493865368
1878		152.575	513.37257463891
1879		152.615	512.79933551803
1880		152.655	512.36580023572
1881		152.695	512.13825067237
1882		152.735	512.8988645367
1883		152.775	-nan
1884		152.815	-nan
1885		152.855	-nan
1886		152.895	-nan
1887		152.935	-nan
1888		152.975	-nan
1889		153.015	-nan
1890		153.055	-nan
1891		153.095	-nan
1892		153.135	-nan
1893		153.175	506.9837076485
1894		153.215	505.0890763185
1895		153.255	504.28919954359
1896		153.295	504.00864802013
1897		153.335	503.80131124334
1898		153.375	503.47967591432
1899		153.415	503.08312109247
1900		153.455	502.63702215612
1901		153.495	502.20486343632
1902		153.535	501.88658655951
1903		153.575	501.36399452105
1904		153.615	-nan
1905		153.655	500.02863364688
1906		153.695	499.41330046393
1907		153.735	498.77250745034
1908		153.775	498.26292901829
1909		153.815	497.80291396483
1910		153.855	497.37350373657
1911		153.895	496.75506840161
1912		153.935	496.20510632406
1913		153.975	495.93880978247
1914		154.015	496.69256431281
1915		154.055	-nan
1916		154.095	-nan
1917		154.135	-nan
1918		154.175	-nan
1919		154.215	-nan
1920		154.255	-nan
1921		154.295	-nan
1922		154.335	-nan
1923		154.375	-nan
1924		154.415	-nan
1925		154.455	493.43307117097
1926		154.495	491.62621025675
1927		154.535	490.73895029682
1928		154.575	490.3185880312
1929		154.615	489.91717715164
1930		154.655	489.47329670091
1931		154.695	488.99370156448
1932		154.735	488.62160499826
1933		154.775	488.28592478327
1934		154.815	488.10570846076
1935		154.855	487.91121063336
1936		154.895	-nan
1937		154.935	487.33487380728
1938		154.975	487.14961442344
1939		155.015	486.9736234298
1940		155.055	486.77168978219
1941		155.095	486.58747163404
1942		155.135	486.30943590769
1943		155.175	485.86285287513
1944		155.215	485.30306722191
1945		155.255	485.19026141731
1946		155.295	485.84491754338
1947		155.335	-nan
1948		155.375	-nan
1949		155.415	-nan
1950		155.455	-nan
1951		155.495	-nan
1952		155.535	-nan
1953		155.575	-nan
1954		155.615	-nan
1955		155.655	-nan
1956		155.695	-nan
1957		155.735	483.6970718787
1958		155.775	482.37612325394
1959		155.815	481.94017765159
1960		155.855	481.97425727734
1961		155.895	482.03460065474
1962		155.935	481.96682214943
1963		155.975	481.74513672907
1964		156.015	481.51281030137
1965		156.055	481.31229879907
1966		156.095	481.17280889076
1967		156.135	480.98115502808
1968		156.175	-nan
1969		156.215	480.48338274806
1970		156.255	480.21218510663
1971		156.295	480.08834499196
1972		156.335	480.03193971019
1973		156.375	479.99406195676
1974		156.415	480.01933518942
1975		156.455	479.96353617054
1976		156.495	479.94160466587
1977		156.535	480.2247684196
1978		156.575	481.34259671504
1979		156.615	-nan
1980		156.655	-nan
1981		156.695	-nan
1982		156.735	-nan
1983		156.775	-nan
1984		156.815	-nan
1985		156.855	-nan
1986		156.895	-nan
1987		156.935	-nan
1988		156.975	-nan
1989		157.015	481.13620003437
1990		157.055	479.7548851072
1991		157.095	479.34714535164
1992		157.135	479.33901711251
1993		157.175	479.43978046356
1994		157.215	479.47785853305
1995		157.255	479.51406819242
1996		157.295	479.61500289583
1997		157.335	479.76412474378
1998		157.375	479.95001272474
1999		157.415	480.16262636302
2000		157.455	-nan
2001		157.495	480.62300110287
2002		157.535	480.5356183882
2003		157.575	480.63041469035
2004		157.615	480.74732382585
2005		157.655	480.73339144691
2006		157.695	480.72229633249
2007		157.735	480.54443477114
2008		157.775	480.29418959097
2009		157.815	480.42399475492
2010		157.855	481.40025365696
2011		157.895	-nan
2012		157.935	-nan
2013		157.975	-nan
2014		158.015	-nan
2015		158.055	-nan
2016		158.095	-nan
2017		158.135	-nan
2018		158.175	-nan
2019		158.215	-nan
2020		158.255	-nan
2021		158.295	483.62613826271
2022		158.335	482.90166634046
2023		158.375	482.11125238387
2024		158.415	482.20734941137
2025		158.455	482.35523811379
2026		158.495	482.37666368584
2027		158.535	482.3756277635
2028		158.575	482.29087983985
2029		158.615	482.35356049844
2030		158.655	482.27935059999
2031		158.695	482.36718054754
2032		158.735	-nan
2033		158.775	482.48015320288
2034		158.815	482.63457480047
2035		158.855	482.80585382413
2036		158.895	483.07991616741
2037		158.935	483.43967795187
2038		158.975	483.68563395787
2039		159.015	483.79769142461
2040		159.055	483.81827717478
2041		159.095	484.27287181784
2042		159.135	485.40809580492
2043		159.175	-nan
2044		159.215	-nan
2045		159.255	-nan
2046		159.295	-nan
2047		159.335	-nan
2048		159.375	-nan
2049		159.415	-nan
2050		159.455	-nan
2051		159.495	-nan
2052		159.535	-nan
2053		159.575	485.25514000377
2054		159.615	484.02952974664
2055		159.655	483.73514953471
2056		159.695	483.99661033914
2057		159.735	484.28974012999
2058		159.775	484.44192831984
2059		159.815	484.56234158377
2060		159.855	484.62878200227
2061		159.895	484.70867243632
2062		159.935	484.81303034078
2063		159.975	484.84023843408
2064		160.015	-nan
2065		160.055	484.8253049069
2066		160.095	484.71297915978
2067		160.135	484.60820989272
2068		160.175	484.56845252862
2069		160.215	484.50203412484
2070		160.255	484.38564088404
2071		160.295	484.04814395159
2072		160.335	483.88662765102
2073		160.375	484.10008337907
2074		160.415	485.12399369966
2075		160.455	-nan
2076		160.495	-nan
2077		160.535	-nan
2078		160.575	-nan
2079		160.615	-nan
2080		160.655	-nan
2081		160.695	-nan
2082		160.735	-nan
2083		160.775	-nan
2084		160.815	-nan
2085		160.855	485.47218482824
2086		160.895	483.8921881072
2087		160.935	483.25711787328
2088		160.975	482.96758372505
2089		161.015	482.78817805427
2090		161.055	482.49819480461
2091		161.095	482.21632573838
2092		161.135	481.92423747319
2093		161.175	481.78345293925
2094		161.215	481.70040139675
2095		161.255	481.58119564018
2096		161.295	-nan
2097		161.335	481.38235979356
2098		161.375	481.30265966266
2099		161.415	481.23918042515
2100		161.455	481.153696845
2101		161.495	481.07046235273
2102		161.535	480.87780802078
2103		161.575	480.5630101107
2104		161.615	480.21307712879
2105		161.655	480.17133590045
2106		161.695	480.86090600935
2107		161.735	-nan
2108		161.775	-nan
2109		161.815	-nan
2110		161.855	-nan
2111		161.895	-nan
2112		161.935	-nan
2113		161.975	-nan
2114		162.015	-nan
2115		162.055	-nan
2116		162.095	-nan
2117		162.135	477.49845931719
2118		162.175	475.927827597
2119		162.215	475.29107023407
2120		162.255	475.12363624549
2121		162.295	474.99002030769
2122		162.335	474.76426752428
2123		162.375	474.36559729056
2124		162.415	473.89030310211
2125		162.455	473.4318278128
2126		162.495	473.02023523878
2127		162.535	472.49865878357
2128		162.575	-nan
2129		162.615	471.24583483631
2130		162.655	470.71062736122
2131		162.695	470.18551660254
2132		162.735	469.8543513761
2133		162.775	469.50129184334
2134		162.815	469.10457219778
2135		162.855	468.64446935403
2136		162.895	468.25095425847
2137		162.935	468.09113933173
2138		162.975	468.71118565022
2139		163.015	-nan
2140		163.055	-nan
2141		163.095	-nan
2142		163.135	-nan
2143		163.175	-nan
2144		163.215	-nan
2145		163.255	-nan
2146		163.295	-nan
2147		163.335	-nan
2148		163.375	-nan
2149		163.415	464.08348959543
2150		163.455	462.28826494787
2151		163.495	461.31514348068
2152		163.535	460.78884983373
2153		163.575	460.37870776219
2154		163.615	459.81762806005
2155		163.655	459.3353178794
2156		163.695	458.84991335346
2157		163.735	458.39402587723
2158		163.775	458.08862741179
2159		163.815	457.57065273928
2160		163.855	-nan
2161		163.895	456.61180328802
2162		163.935	456.27574426781
2163		163.975	455.75869344322
2164		164.015	455.26228878349
2165		164.055	454.67895817102
2166		164.095	454.0214359668
2167		164.135	453.22950715776
2168		164.175	452.42298805335
2169		164.215	451.94208611872
2170		164.255	452.11458572861
2171		164.295	-nan
2172		164.335	-nan
2173		164.375	-nan
2174		164.415	-nan
2175		164.455	-nan
2176		164.495	-nan
2177		164.535	-nan
2178		164.575	-nan
2179		164.615	-nan
2180		164.655	-nan
2181		164.695	445.06640006866
2182		164.735	443.53246554699
2183		164.775	442.70252586631
2184		164.815	442.185545884
2185		164.855	441.69431796526
2186		164.895	441.0483437361
2187		164.935	440.36405288773
2188		164.975	439.61898868526
2189		165.015	438.90840331891
2190		165.055	438.21514069733
2191		165.095	437.55201422983
2192		165.135	-nan
2193		165.175	436.13483089329
2194		165.215	435.63105532278
2195		165.255	435.06184120514
2196		165.295	434.60742869109
2197		165.335	434.16597170544
2198		165.375	433.7450981603
2199		165.415	433.26488337319
2200		165.455	432.8440638455
2201		165.495	432.5200802359
2202		165.535	432.84336549884
2203		165.575	-nan
2204		165.615	-nan
2205		165.655	-nan
2206		165.695	-nan
2207		165.735	-nan
2208		165.775	-nan
2209		165.815	-nan
2210		165.855	-nan
2211		165.895	-nan
2212		165.935	-nan
2213		165.975	425.90858112478
2214		166.015	424.51728857465
2215		166.055	423.77704669262
2216		166.095	423.4156817277
2217		166.135	423.09803597978
2218		166.175	422.7334575344
2219		166.215	422.30029411808
2220		166.255	421.86043882702
2221		166.295	421.55289070869
2222		166.335	421.18719452573
2223		166.375	420.8477851913
2224		166.415	-nan
2225		166.455	419.77115733957
2226		166.495	419.22338633088
2227		166.535	418.66378930795
2228		166.575	418.14239046129
2229		166.615	417.57662517901
2230		166.655	417.05995121632
2231		166.695	416.37578609785
2232		166.735	415.81278611148
2233		166.775	415.49519851184
2234		166.815	415.67577932816
2235		166.855	-nan
2236		166.895	-nan
2237		166.935	-nan
2238		166.975	-nan
2239		167.015	-nan
2240		167.055	-nan
2241		167.095	-nan
2242		167.135	-nan
2243		167.175	-nan
2244		167.215	-nan
2245		167.255	411.84826815987
2246		167.295	410.49945843604
2247		167.335	409.6605103038
2248		167.375	409.20653169217
2249		167.415	408.77715630892
2250		167.455	408.26083623705
2251		167.495	407.78022661872
2252		167.535	407.35553009706
2253		167.575	407.00492058974
2254		167.615	406.78745488531
2255		167.655	406.53532299308
2256		167.695	-nan
2257		167.735	406.06439221374
2258		167.775	405.92592073636
2259		167.815	405.75696178115
2260		167.855	405.65289406538
2261		167.895	405.54288992841
2262		167.935	405.33046975885
2263		167.975	405.08663978796
2264		168.015	404.7644537288
2265		168.055	404.54883436161
2266		168.095	404.79037461848
2267		168.135	-nan
2268		168.175	-nan
2269		168.215	-nan
2270		168.255	-nan
2271		168.295	-nan
2272		168.335	-nan
2273		168.375	-nan
2274		168.415	-nan
2275		168.455	-nan
2276		168.495	-nan
2277		168.535	401.1809164704
2278		168.575	400.35465211808
2279		168.615	400.10469266308
2280		168.655	400.15248494054
2281		168.695	400.1628845892
2282		168.735	400.08682834976
2283		168.775	399.90556847815
2284		168.815	399.71134742181
2285		168.855	399.36672555575
2286		168.895	399.18741752902
2287		168.935	398.93657930815
2288		168.975	-nan
2289		169.015	398.36527783202
2290		169.055	398.11467538106
2291		169.095	397.87316189397
2292		169.135	397.74849561188
2293		169.175	397.64552986708
2294		169.215	397.53438346787
2295		169.255	397.4343918047
2296		169.295	397.34981223086
2297		169.335	397.42972937946
2298		169.375	398.01774859501
2299		169.415	-nan
2300		169.455	-nan
2301		169.495	-nan
2302		169.535	-nan
2303		169.575	-nan
2304		169.615	-nan
2305		169.655	-nan
2306		169.695	-nan
2307		169.735	-nan
2308		169.775	-nan
2309		169.815	394.19333128297
2310		169.855	393.13835789364
2311		169.895	392.64518747838
2312		169.935	392.45735328138
2313		169.975	392.26881964498
2314		170.015	392.12550963282
2315		170.055	391.94602223819
2316		170.095	391.90085589413
2317		170.135	391.9272820924
2318		170.175	392.04560969735
2319		170.215	392.19679573257
2320		170.255	-nan
2321		170.295	392.40111573767
2322		170.335	392.43104104441
2323		170.375	392.39846037114
2324		170.415	392.3253195887
2325		170.455	392.25399090987
2326		170.495	392.09897402169
2327		170.535	391.84032940302
2328		170.575	391.54040994241
2329		170.615	391.46179837723
2330		170.655	391.83835315413
2331		170.695	-nan
2332		170.735	-nan
2333		170.775	-nan
2334		170.815	-nan
2335		170.855	-nan
2336		170.895	-nan
2337		170.935	-nan
2338		170.975	-nan
2339		171.015	-nan
2340		171.055	-nan
2341		171.095	391.52869707267
2342		171.135	390.83279106349
2343		171.175	390.57273917634
2344		171.215	390.5101391851
2345		171.255	390.40920971316
2346		171.295	390.2444453612
2347		171.335	389.95324877559
2348		171.375	389.72556435938
2349		171.415	389.53322051993
2350		171.455	389.40056391863
2351		171.495	389.20008408419
2352		171.535	-nan
2353		171.575	388.87257749721
2354		171.615	388.83014921805
2355		171.655	388.78320388122
2356		171.695	388.83664120215
2357		171.735	389.00302489277
2358		171.775	389.19942913406
2359		171.815	389.28926463282
2360		171.855	389.3700393157
2361		171.895	389.56879097142
2362		171.935	390.11085524471
2363		171.975	-nan
2364		172.015	-nan
2365		172.055	-nan
2366		172.095	-nan
2367		172.135	-nan
2368		172.175	-nan
2369		172.215	-nan
2370		172.255	-nan
2371		172.295	-nan
2372		172.335	-nan
2373		172.375	387.72375487747
2374		172.415	386.87125079891
2375		172.455	386.52959294668
2376		172.495	386.4776943926
2377		172.535	386.45144977841
2378		172.575	386.44449414646
2379		172.615	386.39158911205
2380		172.655	386.4314510197
2381		172.695	386.43885211875
2382		172.735	386.44734110063
2383		172.775	386.3811953859
2384		172.815	-nan
2385		172.855	386.00759230716
2386		172.895	385.81721761927
2387		172.935	385.54023730762
2388		172.975	385.330980221
2389		173.015	385.11002208606
2390		173.055	384.81677981624
2391		173.095	384.48333552953
2392		173.135	384.14973318266
2393		173.175	383.93491657123
2394		173.215	384.29005182117
2395		173.255	-nan
2396		173.295	-nan
2397		173.335	-nan
2398		173.375	-nan
2399		173.415	-nan
2400		173.455	-nan
2401		173.495	-nan
2402		173.535	-nan
2403		173.575	-nan
2404		173.615	-nan
2405		173.655	382.70398916643
2406		173.695	381.64588155648
2407		173.735	381.00056793739
2408		173.775	380.51798199961
2409		173.815	380.15264850286
2410		173.855	379.69737738555
2411		173.895	379.21740326012
2412		173.935	378.74947855969
2413		173.975	378.39036680909
2414		174.015	378.10108359522
2415		174.055	377.76840804158
2416		174.095	-nan
2417		174.135	377.24106862895
2418		174.175	377.07771552816
2419		174.215	376.94719873311
2420		174.255	376.8772917624
2421		174.295	376.74103261839
2422		174.335	376.56428285003
2423		174.375	376.29490297856
2424		174.415	375.94114157679
2425		174.455	375.72397955089
2426		174.495	375.90861039806
2427		174.535	-nan
2428		174.575	-nan
2429		174.615	-nan
2430		174.655	-nan
2431		174.695	-nan
2432		174.735	-nan
2433		174.775	-nan
2434		174.815	-nan
2435		174.855	-nan
2436		174.895	-nan
2437		174.935	371.05208758203
2438		174.975	370.17279997525
2439		175.015	369.93026955423
2440		175.055	369.44873884832
2441		175.095	369.1819711306
2442		175.135	368.87640443263
2443		175.175	368.42432446603
2444		175.215	368.02166733523
2445		175.255	367.57659866886
2446		175.295	367.12744720398
2447		175.335	366.57072228569
2448		175.375	-nan
2449		175.415	365.3135244352
2450		175.455	364.76526281687
2451		175.495	364.21142574271
2452		175.535	363.69763993425
2453		175.575	363.27090104378
2454		175.615	362.8199343818
2455		175.655	362.36066162369
2456		175.695	361.94972372365
2457		175.735	361.70922462826
2458		175.775	361.91937950439
2459		175.815	-nan
2460		175.855	-nan
2461		175.895	-nan
2462		175.935	-nan
2463		175.975	-nan
2464		176.015	-nan
2465		176.055	-nan
2466		176.095	-nan
2467		176.135	-nan
2468		176.175	-nan
2469		176.215	357.22044056139
2470		176.255	355.9111247625
2471		176.295	354.98747909183
2472		176.335	354.26720165505
2473		176.375	353.6466683598
2474		176.415	353.04342432022
2475		176.455	352.54372722488
2476		176.495	352.09722265317
2477		176.535	351.71096537984
2478		176.575	351.34711145409
2479		176.615	351.00888265273
2480		176.655	-nan
2481		176.695	350.22711111319
2482		176.735	349.89970938009
2483		176.775	349.5102336383
2484		176.815	349.1733484073
2485		176.855	348.76596133701
2486		176.895	348.29772794028
2487		176.935	347.75228964357
2488		176.975	347.15549463814
2489		177.015	346.68978981631
2490		177.055	346.54924089195
2491		177.095	-nan
2492		177.135	-nan
2493		177.175	-nan
2494		177.215	-nan
2495		177.255	-nan
2496		177.295	-nan
2497		177.335	-nan
2498		177.375	-nan
2499		177.415	-nan
2500		177.455	-nan
2501		177.495	341.6276603601
2502		177.535	340.64502949413
2503		177.575	340.052671841
2504		177.615	339.60714707247
2505		177.655	339.17093201782
2506		177.695	338.6298805048
2507		177.735	338.06909100807
2508		177.775	337.39687368972
2509		177.815	336.76308061159
2510		177.855	336.0611809573
2511		177.895	335.32143416526
2512		177.935	-nan
2513		177.975	334.05800618504
2514		178.015	333.58973607142
2515		178.055	333.23610447006
2516		178.095	332.97721073764
2517		178.135	332.70356333757
2518		178.175	332.51625569801
2519		178.215	332.29241847417
2520		178.255	332.00658855534
2521		178.295	331.90406848024
2522		178.335	332.07541528136
2523		178.375	-nan
2524		178.415	-nan
2525		178.455	-nan
2526		178.495	-nan
2527		178.535	-nan
2528		178.575	-nan
2529		178.615	-nan
2530		178.655	-nan
2531		178.695	-nan
2532		178.735	-nan
2533		178.775	326.77989971103
2534		178.815	325.79787658879
2535		178.855	325.20308266835
2536		178.895	324.87005550886
2537		178.935	324.57524824059
2538		178.975	324.27804750743
2539		179.015	323.97750972245
2540		179.055	323.72205725955
2541		179.095	323.4017781139
2542		179.135	323.17584061754
2543		179.175	322.84825302206
2544		179.215	-nan
2545		179.255	322.09439522714
2546		179.295	321.83025866586
2547		179.335	321.38626583627
2548		179.375	320.97676587799
2549		179.415	320.5052036754
2550		179.455	320.00670315198
2551		179.495	319.44142166489
2552		179.535	318.96803912505
2553		179.575	318.67524420705
2554		179.615	318.74376599888
2555		179.655	-nan
2556		179.695	-nan
2557		179.735	-nan
2558		179.775	-nan
2559		179.815	-nan
2560		179.855	-nan
2561		179.895	-nan
2562		179.935	-nan
2563		179.975	-nan
2564		180.015	-nan
2565		180.055	316.50677835564
2566		180.095	315.73042475402
2567		180.135	315.17310277324
2568		180.175	314.72057012207
2569		180.215	314.31465116797
2570		180.255	313.84729350869
2571		180.295	313.35242770899
2572		180.335	312.8884640248
2573		180.375	312.50640489985
2574		180.415	312.12195500219
2575		180.455	311.82689911874
2576		180.495	-nan
2577		180.535	311.35555651693
2578		180.575	311.30298732029
2579		180.615	311.22975397896
2580		180.655	311.14122450155
2581		180.695	311.12777741682
2582		180.735	311.07996141431
2583		180.775	310.98224594063
2584		180.815	310.88845442245
2585		180.855	310.87036773342
2586		180.895	311.04791724818
2587		180.935	-nan
2588		180.975	-nan
2589		181.015	-nan
2590		181.055	-nan
2591		181.095	-nan
2592		181.135	-nan
2593		181.175	-nan
2594		181.215	-nan
2595		181.255	-nan
2596		181.295	-nan
2597		181.335	308.04875676231
2598		181.375	307.49036815094
2599		181.415	307.27824341101
2600		181.455	307.21946716291
2601		181.495	307.16247746262
2602		181.535	307.04715122702
2603		181.575	306.90800999947
2604		181.615	306.68324004573
2605		181.655	306.50673972369
2606		181.695	306.25621173141
2607		181.735	305.9077361204
2608		181.775	-nan
2609		181.815	305.29563517097
2610		181.855	305.01293688148
2611		181.895	304.73117069547
2612		181.935	304.48573220195
2613		181.975	304.19398175055
2614		182.015	304.07862657187
2615		182.055	303.89713417395
2616		182.095	303.81346097379
2617		182.135	303.84313134284
2618		182.175	304.18369725416
2619		182.215	-nan
2620		182.255	-nan
2621		182.295	-nan
2622		182.335	-nan
2623		182.375	-nan
2624		182.415	-nan
2625		182.455	-nan
2626		182.495	-nan
2627		182.535	-nan
2628		182.575	-nan
2629		182.615	303.41052725685
2630		182.655	302.64517168002
2631		182.695	302.14552954998
2632		182.735	301.84518734818
2633		182.775	301.61672858017
2634		182.815	301.35209395413
2635		182.855	301.15104766789
2636		182.895	300.95805677571
2637		182.935	300.84458235044
2638		182.975	300.77088598082
2639		183.015	300.75349764997
2640		183.055	-nan
2641		183.095	300.72878634107
2642		183.135	300.7749002015
2643		183.175	300.77327630297
2644		183.215	300.745215074
2645		183.255	300.69261130464
2646		183.295	300.56453419583
2647		183.335	300.33910771026
2648		183.375	300.14414081715
2649		183.415	300.03446233193
2650		183.455	300.10022374563
2651		183.495	-nan
2652		183.535	-nan
2653		183.575	-nan
2654		183.615	-nan
2655		183.655	-nan
2656		183.695	-nan
2657		183.735	-nan
2658		183.775	-nan
2659		183.815	-nan
2660		183.855	-nan
2661		183.895	299.22403088058
2662		183.935	298.8269888566
2663		183.975	298.74927996462
2664		184.015	298.72140521585
2665		184.055	298.68231423055
2666		184.095	298.48150069389
2667		184.135	298.20189558087
2668		184.175	297.89782453603
2669		184.215	297.49453544738
2670		184.255	297.14413854503
2671		184.295	296.68851555875
2672		184.335	-nan
2673		184.375	296.02469307875
2674		184.415	295.85483139753
2675		184.455	295.63485115543
2676		184.495	295.48622401575
2677		184.535	295.38789015992
2678		184.575	295.37002516529
2679		184.615	295.33061796659
2680		184.655	295.35711094039
2681		184.695	295.48928305011
2682		184.735	295.79307728464
2683		184.775	-nan
2684		184.815	-nan
2685		184.855	-nan
2686		184.895	-nan
2687		184.935	-nan
2688		184.975	-nan
2689		185.015	-nan
2690		185.055	-nan
2691		185.095	-nan
2692		185.135	-nan
2693		185.175	293.52512557709
2694		185.215	292.96441606477
2695		185.255	292.50460380684
2696		185.295	292.27315120644
2697		185.335	292.06714784435
2698		185.375	291.87969987058
2699		185.415	291.72897192505
2700		185.455	291.53632513764
2701		185.495	291.45171447096
2702		185.535	291.33519493873
2703		185.575	291.18770442249
2704		185.615	-nan
2705		185.655	290.81287032169
2706		185.695	290.60701338656
2707		185.735	290.26530976592
2708		185.775	289.90933916198
2709		185.815	289.57685665352
2710		185.855	289.17510779069
2711		185.895	288.7635003957
2712		185.935	288.39575016446
2713		185.975	288.14328432787
2714		186.015	288.17278366551
2715		186.055	-nan
2716		186.095	-nan
2717		186.135	-nan
2718		186.175	-nan
2719		186.215	-nan
2720		186.255	-nan
2721		186.295	-nan
2722		186.335	-nan
2723		186.375	-nan
2724		186.415	-nan
2725		186.455	286.87220372667
2726		186.495	286.23620695947
2727		186.535	285.77900896852
2728		186.575	285.40733307474
2729		186.615	285.0093973099
2730		186.655	284.52502920574
2731		186.695	284.03083316691
2732		186.735	283.52143395748
2733		186.775	283.07868501453
2734		186.815	282.64569645833
2735		186.855	282.19453157646
2736		186.895	-nan
2737		186.935	281.39949012987
2738		186.975	281.13493943555
2739		187.015	280.91973851293
2740		187.055	280.7382501124
2741		187.095	280.57734274664
2742		187.135	280.41347312274
2743		187.175	280.24670453478
2744		187.215	279.94618726792
2745		187.255	279.60274555053
2746		187.295	279.51546535603
2747		187.335	-nan
2748		187.375	-nan
2749		187.415	-nan
2750		187.455	-nan
2751		187.495	-nan
2752		187.535	-nan
2753		187.575	-nan
2754		187.615	-nan
2755		187.655	-nan
2756		187.695	-nan
2757		187.735	226.80805376236
2758		187.775	224.79107196429
2759		187.815	224.06752549989
2760		187.855	224.11411363038
2761		187.895	224.16425418507
2762		187.935	224.04482651817
2763		187.975	223.74075427494
2764		188.015	223.44023487176
2765		188.055	223.22750088827
2766		188.095	223.02002015243
2767		188.135	222.80734052546
2768		188.175	-nan
2769		188.215	222.09725602722
2770		188.255	221.69635373087
2771		188.295	221.37877491214
2772		188.335	221.1549709578
2773		188.375	220.95488210252
2774		188.415	220.70042788955
2775		188.455	220.34095605403
2776		188.495	219.9860280327
2777		188.535	220.05541384909
2778		188.575	221.23494731754
2779		188.615	-nan
2780		188.655	-nan
2781		188.695	-nan
2782		188.735	-nan
2783		188.775	-nan
2784		188.815	-nan
2785		188.855	-nan
2786		188.895	-nan
2787		188.935	-nan
2788		188.975	-nan
2789		189.015	220.72407273904
2790		189.055	218.76405466112
2791		189.095	217.99173984914
2792		189.135	217.7313187588
2793		189.175	217.50775544161
2794		189.215	217.24811828862
2795		189.255	216.87468942756
2796		189.295	216.5059388214
2797		189.335	216.24982102636
2798		189.375	216.10158377224
2799		189.415	215.96189396141
2800		189.455	-nan
2801		189.495	215.50035454785
2802		189.535	215.27271385262
2803		189.575	215.07165222312
2804		189.615	214.9655421887
2805		189.655	214.8745674051
2806		189.695	214.70701455987
2807		189.735	214.36506522721
2808		189.775	214.05334459444
2809		189.815	214.09477422484
2810		189.855	215.05353434939
2811		189.895	-nan
2812		189.935	-nan
2813		189.975	-nan
2814		190.015	-nan
2815		190.055	-nan
2816		190.095	-nan
2817		190.135	-nan
2818		190.175	-nan
2819		190.215	-nan
2820		190.255	-nan
2821		190.295	214.1302877335
2822		190.335	212.52988937507
2823		190.375	211.9734235866
2824		190.415	211.90872997431
2825		190.455	211.88392753625
2826		190.495	211.68211316246
2827		190.535	211.39285749465
2828		190.575	211.09533852202
2829		190.615	210.82965343656
2830		190.655	210.61568808417
2831		190.695	210.33844875478
2832		190.735	-nan
2833		190.775	209.65466882056
2834		190.815	209.31256726025
2835		190.855	209.02052557591
2836		190.895	208.86131762727
2837		190.935	208.75906521577
2838		190.975	208.62810039147
2839		191.015	208.3786511553
2840		191.055	208.14934301879
2841		191.095	208.32499552586
2842		191.135	209.39933275921
2843		191.175	-nan
2844		191.215	-nan
2845		191.255	-nan
2846		191.295	-nan
2847		191.335	-nan
2848		191.375	-nan
2849		191.415	-nan
2850		191.455	-nan
2851		191.495	-nan
2852		191.535	-nan
2853		191.575	208.80650188275
2854		191.615	207.19412028589
2855		191.655	206.62912687024
2856		191.695	206.4123787312
2857		191.735	206.33071990039
2858		191.775	206.21703195634
2859		191.815	206.01088708223
2860		191.855	205.8801762015
2861		191.895	205.81045249996
2862		191.935	205.80407156999
2863		191.975	205.79208647623
2864		192.015	-nan
2865		192.055	205.48813313123
2866		192.095	205.31720948701
2867		192.135	205.10468172669
2868		192.175	205.00687396854
2869		192.215	204.87708973427
2870		192.255	204.70284219938
2871		192.295	204.39615642341
2872		192.335	204.11954951969
2873		192.375	204.14933421609
2874		192.415	205.10302481671
2875		192.455	-nan
2876		192.495	-nan
2877		192.535	-nan
2878		192.575	-nan
2879		192.615	-nan
2880		192.655	-nan
2881		192.695	-nan
2882		192.735	-nan
2883		192.775	-nan
2884		192.815	-nan
2885		192.855	205.53971622632
2886		192.895	204.10173001286
2887		192.935	203.64424184896
2888		192.975	203.61178469188
2889		193.015	203.60663265176
2890		193.055	203.50288429065
2891		193.095	203.27784794336
2892		193.135	203.07791527434
2893		193.175	202.88102120673
2894		193.215	202.76325965118
2895		193.255	202.6322495384
2896		193.295	-nan
2897		193.335	202.28082404082
2898		193.375	202.11551984533
2899		193.415	202.07331226776
2900		193.455	202.09026825682
2901		193.495	202.17896108604
2902		193.535	202.17388376122
2903		193.575	202.09998893163
2904		193.615	202.03805489049
2905		193.655	202.28455664578
2906		193.695	203.35074338409
2907		193.735	-nan
2908		193.775	-nan
2909		193.815	-nan
2910		193.855	-nan
2911		193.895	-nan
2912		193.935	-nan
2913		193.975	-nan
2914		194.015	-nan
2915		194.055	-nan
2916		194.095	-nan
2917		194.135	203.45184241839
2918		194.175	202.13502739985
2919		194.215	201.76171957231
2920		194.255	201.86977826056
2921		194.295	201.99527691913
2922		194.335	202.03528808334
2923		194.375	202.00479210389
2924		194.415	201.96984913744
2925		194.455	202.06155605913
2926		194.495	202.00054052735
2927		194.535	202.01466262898
2928		194.575	-nan
2929		194.615	201.79724466406
2930		194.655	201.63393832747
2931		194.695	201.51377389695
2932		194.735	201.4512853389
2933		194.775	201.34441906392
2934		194.815	201.2583366834
2935		194.855	201.02601038656
2936		194.895	200.84336773975
2937		194.935	201.00994974236
2938		194.975	202.03887382764
2939		195.015	-nan
2940		195.055	-nan
2941		195.095	-nan
2942		195.135	-nan
2943		195.175	-nan
2944		195.215	-nan
2945		195.255	-nan
2946		195.295	-nan
2947		195.335	-nan
2948		195.375	-nan
2949		195.415	203.3299693551
2950		195.455	201.9741626023
2951		195.495	201.53873976963
2952		195.535	201.51943818536
2953		195.575	201.52528441572
2954		195.615	201.49089928012
2955		195.655	201.37960700079
2956		195.695	201.26236879178
2957		195.735	201.21975512886
2958		195.775	201.232572829
2959		195.815	201.27047458933
2960		195.855	-nan
2961		195.895	201.25143434187
2962		195.935	201.17351326878
2963		195.975	201.14292459278
2964		196.015	201.18668443615
2965		196.055	201.27141173388
2966		196.095	201.27347599925
2967		196.135	201.21432522186
2968		196.175	201.11724768384
2969		196.215	201.30228054894
2970		196.255	202.31433630305
2971		196.295	-nan
2972		196.335	-nan
2973		196.375	-nan
2974		196.415	-nan
2975		196.455	-nan
2976		196.495	-nan
2977		196.535	-nan
2978		196.575	-nan
2979		196.615	-nan
2980		196.655	-nan
2981		196.695	203.0165904641
2982		196.735	201.77470252742
2983		196.775	201.47364865206
2984		196.815	201.62994551675
2985		196.855	201.7690355139
2986		196.895	201.85744918134
2987		196.935	201.80155135689
2988		196.975	201.71214796094
2989		197.015	201.65370293106
2990		197.055	201.6088363234
2991		197.095	201.54364083888
2992		197.135	-nan
2993		197.175	201.1883968732
2994		197.215	201.03554190954
2995		197.255	200.90840629658
2996		197.295	200.85824583263
2997		197.335	200.85251719505
2998		197.375	200.83593895344
2999		197.415	200.68778255547
3000		197.455	200.59610315757
3001		197.495	200.78380760287
3002		197.535	201.82109066861
3003		197.575	-nan
3004		197.615	-nan
3005		197.655	-nan
3006		197.695	-nan
3007		197.735	-nan
3008		197.775	-nan
3009		197.815	-nan
3010		197.855	-nan
3011		197.895	-nan
3012		197.935	-nan
3013		197.975	202.66068048647
3014		198.015	201.30422730386
3015		198.055	200.89486633668
3016		198.095	200.89228850697
3017		198.135	200.95521997001
3018		198.175	200.94345239119
3019		198.215	200.89977563561
3020		198.255	200.84111029774
3021		198.295	200.85591715868
3022		198.335	200.92817818942
3023		198.375	201.00686984215
3024		198.415	-nan
3025		198.455	200.94727244227
3026		198.495	200.84139868157
3027		198.535	200.7649676377
3028		198.575	200.70749741108
3029		198.615	200.67329103199
3030		198.655	200.58466845991
3031		198.695	200.32977714292
3032		198.735	200.07210036887
3033		198.775	200.1333481563
3034		198.815	200.96890274367
3035		198.855	-nan
3036		198.895	-nan
3037		198.935	-nan
3038		198.975	-nan
3039		199.015	-nan
3040		199.055	-nan
3041		199.095	-nan
3042		199.135	-nan
3043		199.175	-nan
3044		199.215	-nan
3045		199.255	201.72074027574
3046		199.295	200.5012134504
3047		199.335	200.1574468548
3048		199.375	200.26036354529
3049		199.415	200.30852887278
3050		199.455	200.22931839024
3051		199.495	200.05796034404
3052		199.535	199.90708320001
3053		199.575	199.78015235505
3054		199.615	199.66567551538
3055		199.655	199.56007316388
3056		199.695	-nan
3057		199.735	199.20307160534
3058		199.775	199.04288378331
3059		199.815	198.97124043217
3060		199.855	198.92159521932
3061		199.895	198.92401637709
3062		199.935	198.92707748337
3063		199.975	198.79028366885
3064		200.015	200.48790619148
3065		200.055	198.88052624753
3066		200.095	199.76195837557
3067		200.135	-nan
3068		200.175	-nan
3069		200.215	-nan
3070		200.255	-nan
3071		200.295	-nan
3072		200.335	-nan
3073		200.375	-nan
3074		200.415	-nan
3075		200.455	-nan
3076		200.495	-nan
3077		200.535	199.81280718632
3078		200.575	198.50542380684
3079		200.615	198.15140770386
3080		200.655	198.19212557782
3081		200.695	198.31534591172
3082		200.735	198.31562133369
3083		200.775	198.28960448357
3084		200.815	198.28834499289
3085		200.855	198.32585293626
3086		200.895	198.39260730511
3087		200.935	198.43296294285
3088		200.975	-nan
3089		201.015	198.26603857149
3090		201.055	198.10222322366
3091		201.095	197.95468776149
3092		201.135	197.85845057536
3093		201.175	197.73189543541
3094		201.215	197.56815570363
3095		201.255	197.35864329337
3096		201.295	197.12566948881
3097		201.335	197.23335070538
3098		201.375	198.03843735315
3099		201.415	-nan
3100		201.455	-nan
3101		201.495	-nan
3102		201.535	-nan
3103		201.575	-nan
3104		201.615	-nan
3105		201.655	-nan
3106		201.695	-nan
3107		201.735	-nan
3108		201.775	-nan
3109		201.815	198.89341177928
3110		201.855	197.65851725335
3111		201.895	197.27000924554
3112		201.935	197.26230593822
3113		201.975	197.33312468306
3114		202.015	197.26467340719
3115		202.055	197.15734274073
3116		202.095	197.03108965653
3117		202.135	196.97868835304
3118		202.175	196.98342541002
3119		202.215	197.01299156115
3120		202.255	-nan
3121		202.295	196.86532072191
3122		202.335	196.80228729689
3123		202.375	196.81009625835
3124		202.415	196.91405810326
3125		202.455	196.98517824259
3126		202.495	197.01918278777
3127		202.535	196.90932540087
3128		202.575	196.81782310266
3129		202.615	196.97529217449
3130		202.655	197.79567716485
3131		202.695	-nan
3132		202.735	-nan
3133		202.775	-nan
3134		202.815	-nan
3135		202.855	-nan
3136		202.895	-nan
3137		202.935	-nan
3138		202.975	-nan
3139		203.015	-nan
3140		203.055	-nan
3141		203.095	198.06202945578
3142		203.135	197.00423615635
3143		203.175	196.7714081271
3144		203.215	196.91047990782
3145		203.255	197.10974477959
3146		203.295	197.2051656179
3147		203.335	197.23580190936
3148		203.375	197.21060780282
3149		203.415	197.22663834316
3150		203.455	197.2509061665
3151		203.495	197.28170202352
3152		203.535	-nan
3153		203.575	197.13730993807
3154		203.615	196.99841863789
3155		203.655	196.92200872535
3156		203.695	196.93823103002
3157		203.735	196.94910861335
3158		203.775	196.89579191447
3159		203.815	196.80819627852
3160		203.855	196.70984627607
3161		203.895	196.90153711108
3162		203.935	197.81503858254
3163		203.975	-nan
3164		204.015	-nan
3165		204.055	-nan
3166		204.095	-nan
3167		204.135	-nan
3168		204.175	-nan
3169		204.215	-nan
3170		204.255	-nan
3171		204.295	-nan
3172		204.335	-nan
3173		204.375	199.09145589001
3174		204.415	198.02190932415
3175		204.455	197.75384458563
3176		204.495	197.83139056121
3177		204.535	197.96500994181
3178		204.575	197.99435701598
3179		204.615	198.04196540224
3180		204.655	198.05441476201
3181		204.695	198.20608040065
3182		204.735	198.37801245575
3183		204.775	198.5755895033
3184		204.815	-nan
3185		204.855	198.80524801015
3186		204.895	198.9093750918
3187		204.935	199.0215372412
3188		204.975	199.13024141898
3189		205.015	199.2013971724
3190		205.055	199.25510786085
3191		205.095	199.17885620855
3192		205.135	199.07267025586
3193		205.175	199.24984746012
3194		205.215	200.04503851683
3195		205.255	-nan
3196		205.295	-nan
3197		205.335	-nan
3198		205.375	-nan
3199		205.415	-nan
3200		205.455	-nan
3201		205.495	-nan
3202		205.535	-nan
3203		205.575	-nan
3204		205.615	-nan
3205		205.655	201.49416177399
3206		205.695	200.60077288084
3207		205.735	200.44588316066
3208		205.775	200.65797969236
3209		205.815	200.88575881789
3210		205.855	201.01189607394
3211		205.895	201.04898445862
3212		205.935	201.12168845584
3213		205.975	201.12935389775
3214		206.015	201.27840193663
3215		206.055	201.32832993724
3216		206.095	-nan
3217		206.135	201.39822139851
3218		206.175	201.40395882446
3219		206.215	201.42878903091
3220		206.255	201.5611192522
3221		206.295	201.69843869375
3222		206.335	201.70752091545
3223		206.375	201.70436687425
3224		206.415	201.59115896155
3225		206.455	200.82584267174
3226		206.495	200.08448046259
3227		206.535	-nan
3228		206.575	-nan
3229		206.615	-nan
3230		206.655	-nan
3231		206.695	-nan
3232		206.735	-nan
3233		206.775	-nan
3234		206.815	-nan
3235		206.855	-nan
3236		206.895	-nan
3237		206.935	146.24856249834
3238		206.975	144.3003389777
3239		207.015	143.67610875261
3240		207.055	145.13296713528
3241		207.095	145.37250135022
3242		207.135	145.47347783286
3243		207.175	145.52197585647
3244		207.215	145.540955197
3245		207.255	145.65448178246
3246		207.295	145.84665061305
3247		207.335	146.05425223897
3248		207.375	-nan
3249		207.415	146.16852367184
3250		207.455	146.1647064184
3251		207.495	146.16188945867
3252		207.535	146.27387916158
3253		207.575	146.39579710606
3254		207.615	146.4152070837
3255		207.655	146.30545736142
3256		207.695	146.19604669312
3257		207.735	146.49630136455
3258		207.775	147.77427040356
3259		207.815	-nan
3260		207.855	-nan
3261		207.895	-nan
3262		207.935	-nan
3263		207.975	-nan
3264		208.015	-nan
3265		208.055	-nan
3266		208.095	-nan
3267		208.135	-nan
3268		208.175	-nan
3269		208.215	149.8426130282
3270		208.255	148.22696740007
3271		208.295	147.81318058819
3272		208.335	148.03428904159
3273		208.375	148.06576876769
3274		208.415	148.11855629355
3275		208.455	148.07380656909
3276		208.495	148.04526685237
3277		208.535	148.07960829189
3278		208.575	148.18229104533
3279		208.615	148.30816206857
3280		208.655	-nan
3281		208.695	148.35291604241
3282		208.735	148.32232409283
3283		208.775	148.33793458777
3284		208.815	148.47234425011
3285		208.855	148.65661830954
3286		208.895	148.73691034503
3287		208.935	148.70350036077
3288		208.975	148.64585048191
3289		209.015	148.97981172206
3290		209.055	150.31834134939
3291		209.095	-nan
3292		209.135	-nan
3293		209.175	-nan
3294		209.215	-nan
3295		209.255	-nan
3296		209.295	-nan
3297		209.335	-nan
3298		209.375	-nan
3299		209.415	-nan
3300		209.455	-nan
3301		209.495	151.99049091232
3302		209.535	150.3457916415
3303		209.575	149.91659111119
3304		209.615	150.06321795272
3305		209.655	150.27985768637
3306		209.695	150.35328057979
3307		209.735	150.31531672712
3308		209.775	150.30658003123
3309		209.815	150.36554213585
3310		209.855	150.45821190177
3311		209.895	150.54321784159
3312		209.935	-nan
3313		209.975	150.52434112203
3314		210.015	150.39757795379
3315		210.055	150.42397307261
3316		210.095	150.44232777941
3317		210.135	150.56462064157
3318		210.175	150.5208108427
3319		210.215	150.38324287146
3320		210.255	150.2883014137
3321		210.295	150.50658090849
3322		210.335	151.79607675412
3323		210.375	-nan
3324		210.415	-nan
3325		210.455	-nan
3326		210.495	-nan
3327		210.535	-nan
3328		210.575	-nan
3329		210.615	-nan
3330		210.655	-nan
3331		210.695	-nan
3332		210.735	-nan
3333		210.775	153.66146044572
3334		210.815	151.95675667122
3335		210.855	151.42168054892
3336		210.895	151.41670857772
3337		210.935	151.47916889216
3338		210.975	151.47732081198
3339		211.015	151.3925515736
3340		211.055	151.27145198592
3341		211.095	151.2605396473
3342		211.135	151.34362895112
3343		211.175	151.44791307577
3344		211.215	-nan
3345		211.255	151.4170203643
3346		211.295	151.33972365948
3347		211.335	151.32539363724
3348		211.375	151.37168654537
3349		211.415	151.44939319959
3350		211.455	151.48559199037
3351		211.495	151.30200685921
3352		211.535	151.15596672867
3353		211.575	151.40622585992
3354		211.615	152.58564026565
3355		211.655	-nan
3356		211.695	-nan
3357		211.735	-nan
3358		211.775	-nan
3359		211.815	-nan
3360		211.855	-nan
3361		211.895	-nan
3362		211.935	-nan
3363		211.975	-nan
3364		212.015	-nan
3365		212.055	154.13890075928
3366		212.095	152.49700842199
3367		212.135	151.97781245026
3368		212.175	152.02062205179
3369		212.215	152.15440156296
3370		212.255	152.14311254518
3371		212.295	152.04274066894
3372		212.335	151.92544538511
3373		212.375	151.86001882534
3374		212.415	151.87048143186
3375		212.455	151.83993662284
3376		212.495	-nan
3377		212.535	151.58643461899
3378		212.575	151.4599639632
3379		212.615	151.37053916104
3380		212.655	151.37800581716
3381		212.695	151.38013017807
3382		212.735	151.33760298112
3383		212.775	151.19726682875
3384		212.815	151.02153933961
3385		212.855	151.2463086591
3386		212.895	152.4524500185
3387		212.935	-nan
3388		212.975	-nan
3389		213.015	-nan
3390		213.055	-nan
3391		213.095	-nan
3392		213.135	-nan
3393		213.175	-nan
3394		213.215	-nan
3395		213.255	-nan
3396		213.295	-nan
3397		213.335	153.68726843725
3398		213.375	151.97550478058
3399		213.415	151.46101467085
3400		213.455	151.43327486601
3401		213.495	151.49413906872
3402		213.535	151.4174787805
3403		213.575	151.24807963672
3404		213.615	151.18530586046
3405		213.655	151.13159313115
3406		213.695	151.22315237655
3407		213.735	151.28415890428
3408		213.775	-nan
3409		213.815	151.16603146223
3410		213.855	151.0738428857
3411		213.895	150.98260286342
3412		213.935	150.93143939247
3413		213.975	150.93534151769
3414		214.015	150.8141953164
3415		214.055	150.61544911005
3416		214.095	150.39571535818
3417		214.135	150.51074041844
3418		214.175	151.59162048169
3419		214.215	-nan
3420		214.255	-nan
3421		214.295	-nan
3422		214.335	-nan
3423		214.375	-nan
3424		214.415	-nan
3425		214.455	-nan
3426		214.495	-nan
3427		214.535	-nan
3428		214.575	-nan
3429		214.615	152.80272225983
3430		214.655	151.18486481796
3431		214.695	150.64587944293
3432		214.735	150.63385509572
3433		214.775	150.65372807866
3434		214.815	150.53029740039
3435		214.855	150.34567523108
3436		214.895	150.15452749884
3437		214.935	150.0734416467
3438		214.975	150.01195195889
3439		215.015	149.99756487622
3440		215.055	-nan
3441		215.095	149.72338338222
3442		215.135	149.61382842392
3443		215.175	149.53196218739
3444		215.215	149.54526883014
3445		215.255	149.5600195026
3446		215.295	149.55614787565
3447		215.335	149.40387514417
3448		215.375	149.26309327055
3449		215.415	149.45349014557
3450		215.455	150.5188585895
3451		215.495	-nan
3452		215.535	-nan
3453		215.575	-nan
3454		215.615	-nan
3455		215.655	-nan
3456		215.695	-nan
3457		215.735	-nan
3458		215.775	-nan
3459		215.815	-nan
3460		215.855	-nan
3461		215.895	151.24404336285
3462		215.935	149.77229708997
3463		215.975	149.22858897371
3464		216.015	149.21219274247
3465		216.055	149.31436588213
3466		216.095	149.24263189385
3467		216.135	149.10809233921
3468		216.175	149.03525694107
3469		216.215	149.02455430031
3470		216.255	149.02198879126
3471		216.295	148.99078127606
3472		216.335	-nan
3473		216.375	148.76156650436
3474		216.415	148.64214251358
3475		216.455	148.55172828914
3476		216.495	148.49957599733
3477		216.535	148.50352869168
3478		216.575	148.4279335018
3479		216.615	148.18155269337
3480		216.655	148.00701549059
3481		216.695	148.15536319364
3482		216.735	149.16843653654
3483		216.775	-nan
3484		216.815	-nan
3485		216.855	-nan
3486		216.895	-nan
3487		216.935	-nan
3488		216.975	-nan
3489		217.015	-nan
3490		217.055	-nan
3491		217.095	-nan
3492		217.135	-nan
3493		217.175	150.08354503433
3494		217.215	148.62966776106
3495		217.255	148.14400223945
3496		217.295	148.08210144212
3497		217.335	148.07747893186
3498		217.375	148.02727337035
3499		217.415	147.89490331915
3500		217.455	147.75315531134
3501		217.495	147.73236127005
3502		217.535	147.71005687684
3503		217.575	147.75867373361
3504		217.615	-nan
3505		217.655	147.64305908756
3506		217.695	147.61513868009
3507		217.735	147.56835978905
3508		217.775	147.62394053007
3509		217.815	147.67399401252
3510		217.855	147.63550446707
3511		217.895	147.55120540473
3512		217.935	147.44287651336
3513		217.975	147.58557899921
3514		218.015	148.62558633135
3515		218.055	-nan
3516		218.095	-nan
3517		218.135	-nan
3518		218.175	-nan
3519		218.215	-nan
3520		218.255	-nan
3521		218.295	-nan
3522		218.335	-nan
3523		218.375	-nan
3524		218.415	-nan
3525		218.455	149.20092389233
3526		218.495	147.8312425218
3527		218.535	147.39525231798
3528		218.575	147.39541361768
3529		218.615	147.46953875548
3530		218.655	147.4380621139
3531		218.695	147.31889281893
3532		218.735	147.2115189539
3533		218.775	147.14082130728
3534		218.815	147.11152034089
3535		218.855	147.10552870663
3536		218.895	-nan
3537		218.935	146.93401853
3538		218.975	146.84338168328
3539		219.015	146.75276169199
3540		219.055	146.70743879757
3541		219.095	146.75688248298
3542		219.135	146.7479134238
3543		219.175	146.60320304538
3544		219.215	146.50360087556
3545		219.255	146.70658256051
3546		219.295	147.58245315564
3547		219.335	-nan
3548		219.375	-nan
3549		219.415	-nan
3550		219.455	-nan
3551		219.495	-nan
3552		219.535	-nan
3553		219.575	-nan
3554		219.615	-nan
3555		219.655	-nan
3556		219.695	-nan
3557		219.735	148.27749789938
3558		219.775	146.92560154406
3559		219.815	146.45114857506
3560		219.855	146.41653209054
3561		219.895	146.43078424368
3562		219.935	146.40099024537
3563		219.975	146.2604396041
3564		220.015	146.15907240485
3565		220.055	146.14874101164
3566		220.095	146.14897283672
3567		220.135	146.21878696978
3568		220.175	-nan
3569		220.215	146.12311219519
3570		220.255	146.03057628117
3571		220.295	145.96178521922
3572		220.335	145.94307213671
3573		220.375	145.96259293127
3574		220.415	145.92051695702
3575		220.455	145.74368058379
3576		220.495	145.50502369128
3577		220.535	145.67572939142
3578		220.575	146.56977568582
3579		220.615	-nan
3580		220.655	-nan
3581		220.695	-nan
3582		220.735	-nan
3583		220.775	-nan
3584		220.815	-nan
3585		220.855	-nan
3586		220.895	-nan
3587		220.935	-nan
3588		220.975	-nan
3589		221.015	147.09768111783
3590		221.055	145.80465021047
3591		221.095	145.41376572625
3592		221.135	145.37773645256
3593		221.175	145.42579269366
3594		221.215	145.33578819637
3595		221.255	145.18288715959
3596		221.295	144.988612182
3597		221.335	144.87541142718
3598		221.375	144.81043380806
3599		221.415	144.74053985283
3600		221.455	-nan
3601		221.495	144.51733089627
3602		221.535	144.39904053793
3603		221.575	144.3262035818
3604		221.615	144.29599983218
3605		221.655	144.34391087582
3606		221.695	144.29198330731
3607		221.735	144.14352509866
3608		221.775	144.05680690868
3609		221.815	144.17059610104
3610		221.855	145.0694598111
3611		221.895	-nan
3612		221.935	-nan
3613		221.975	-nan
3614		222.015	-nan
3615		222.055	-nan
3616		222.095	-nan
3617		222.135	-nan
3618		222.175	-nan
3619		222.215	-nan
3620		222.255	-nan
3621		222.295	145.15761037968
3622		222.335	143.8614210367
3623		222.375	143.4201973206
3624		222.415	143.36062893098
3625		222.455	143.37614830341
3626		222.495	143.32463874658
3627		222.535	143.14731227438
3628		222.575	143.03380819331
3629		222.615	142.92717149405
3630		222.655	142.88564382026
3631		222.695	142.81049676635
3632		222.735	-nan
3633		222.775	142.59095513322
3634		222.815	142.39703174693
3635		222.855	142.30674345866
3636		222.895	142.15891644859
3637		222.935	142.01222191091
3638		222.975	141.93153171597
3639		223.015	141.37989595562
3640		223.055	139.94378440883
3641		223.095	134.97415072671
3642		223.135	130.04518706273
3643		223.175	-nan
3644		223.215	-nan
3645		223.255	-nan
3646		223.295	-nan
3647		223.335	-nan
3648		223.375	-nan
3649		223.415	-nan
3650		223.455	-nan
3651		223.495	-nan
3652		223.535	-nan
3653		223.575	92.226684926519
3654		223.615	100.33136583661
3655		223.655	100.32525966746
3656		223.695	100.32814976334
3657		223.735	102.81245493969
3658		223.775	103.45766640735
3659		223.815	103.44576062811
3660		223.855	103.37702417618
3661		223.895	103.31035178703
3662		223.935	103.25977720471
3663		223.975	103.22501283064
3664		224.015	-nan
3665		224.055	103.02824774971
3666		224.095	102.8814143524
3667		224.135	102.82099990363
3668		224.175	102.75835970449
3669		224.215	102.76109450322
3670		224.255	102.71994907771
3671		224.295	102.57060637382
3672		224.335	102.27540082118
3673		224.375	102.4005833316
3674		224.415	103.34051193799
3675		224.455	-nan
3676		224.495	-nan
3677		224.535	-nan
3678		224.575	-nan
3679		224.615	-nan
3680		224.655	-nan
3681		224.695	-nan
3682		224.735	-nan
3683		224.775	-nan
3684		224.815	-nan
3685		224.855	104.45592650504
3686		224.895	103.11251282885
3687		224.935	102.7657550031
3688		224.975	102.6973928798
3689		225.015	102.8423623647
3690		225.055	102.63282251978
3691		225.095	102.45475861447
3692		225.135	102.29123571429
3693		225.175	102.17485005533
3694		225.215	102.09578489187
3695		225.255	102.0287329808
3696		225.295	-nan
3697		225.335	101.74858678137
3698		225.375	101.54515618906
3699		225.415	101.43445206113
3700		225.455	101.37900912025
3701		225.495	101.31226888219
3702		225.535	101.17594640856
3703		225.575	101.00779932761
3704		225.615	100.82982252335
3705		225.655	100.77086844342
3706		225.695	101.6817142936
3707		225.735	-nan
3708		225.775	-nan
3709		225.815	-nan
3710		225.855	-nan
3711		225.895	-nan
3712		225.935	-nan
3713		225.975	-nan
3714		226.015	-nan
3715		226.055	-nan
3716		226.095	-nan
3717		226.135	102.62656629318
3718		226.175	101.35391596047
3719		226.215	100.83987888514
3720		226.255	100.85938976775
3721		226.295	100.82214816104
3722		226.335	100.66376790789
3723		226.375	100.51629706259
3724		226.415	100.35140634896
3725		226.455	100.25621775881
3726		226.495	100.17171976793
3727		226.535	100.12505743791
3728		226.575	-nan
3729		226.615	99.901110651088
3730		226.655	99.720362003278
3731		226.695	99.600042256422
3732		226.735	99.525601987546
3733		226.775	99.456395163419
3734		226.815	99.328375132476
3735		226.855	99.096292058735
3736		226.895	98.980777737776
3737		226.935	98.988855749213
3738		226.975	99.533431035156
3739		227.015	-nan
3740		227.055	-nan
3741		227.095	-nan
3742		227.135	-nan
3743		227.175	-nan
3744		227.215	-nan
3745		227.255	-nan
3746		227.295	-nan
3747		227.335	-nan
3748		227.375	-nan
3749		227.415	100.42411771755
3750		227.455	99.262458643856
3751		227.495	98.826382804732
3752		227.535	98.777482069929
3753		227.575	98.702197355918
3754		227.615	98.588265084992
3755		227.655	98.359406541029
3756		227.695	98.154681788863
3757		227.735	98.002757259576
3758		227.775	97.905307578529
3759		227.815	97.801489080719
3760		227.855	-nan
3761		227.895	97.486020988304
3762		227.935	97.305787076819
3763		227.975	97.172204720011
3764		228.015	97.039893097901
3765		228.055	96.970086891436
3766		228.095	96.898555652575
3767		228.135	96.72186552977
3768		228.175	96.387159524632
3769		228.215	96.480139913182
3770		228.255	97.246386799898
3771		228.295	-nan
3772		228.335	-nan
3773		228.375	-nan
3774		228.415	-nan
3775		228.455	-nan
3776		228.495	-nan
3777		228.535	-nan
3778		228.575	-nan
3779		228.615	-nan
3780		228.655	-nan
3781		228.695	97.621123216933
3782		228.735	96.387266250215
3783		228.775	96.096717027488
3784		228.815	96.010814831236
3785		228.855	95.939837248934
3786		228.895	95.864005061029
3787		228.935	95.67528709055
3788		228.975	95.511766032744
3789		229.015	95.401353516021
3790		229.055	95.317551922142
3791		229.095	95.30547214338
3792		229.135	-nan
3793		229.175	94.940073779897
3794		229.215	94.791003954536
3795		229.255	94.634018158751
3796		229.295	94.502065221377
3797		229.335	94.415217042358
3798		229.375	94.243883135666
3799		229.415	94.040862109913
3800		229.455	93.870998065273
3801		229.495	93.699675342812
3802		229.535	94.362542718517
3803		229.575	-nan
3804		229.615	-nan
3805		229.655	-nan
3806		229.695	-nan
3807		229.735	-nan
3808		229.775	-nan
3809		229.815	-nan
3810		229.855	-nan
3811		229.895	-nan
3812		229.935	-nan
3813		229.975	94.737126998496
3814		230.015	93.675831443367
3815		230.055	93.214490961435
3816		230.095	93.21096973787
3817		230.135	93.113256315124
3818		230.175	92.989176151341
3819		230.215	92.795650879146
3820		230.255	92.60503360667
3821		230.295	92.510202012644
3822		230.335	92.366056341813
3823		230.375	92.280652755495
3824		230.415	-nan
3825		230.455	92.000761345964
3826		230.495	91.828275648396
3827		230.535	91.707027536388
3828		230.575	91.634406567237
3829		230.615	91.564324888676
3830		230.655	91.445030955582
3831		230.695	91.288428794524
3832		230.735	91.10375197248
3833		230.775	91.127491783895
3834		230.815	91.670028903185
3835		230.855	-nan
3836		230.895	-nan
3837		230.935	-nan
3838		230.975	-nan
3839		231.015	-nan
