0				72.335	-nan
1				72.375	-nan
2				72.415	-nan
3				72.455	-nan
4				72.495	-nan
5				72.535	166.81897313949
6				72.575	167.06733076335
7				72.615	168.17640337921
8				72.655	169.36883510295
9				72.695	170.2508487462
10			72.735	171.35127878068
11			72.775	172.33225100491
12			72.815	173.34598037011
13			72.855	174.46547589292
14			72.895	175.62542730161
15			72.935	176.9721909506
16			72.975	-nan
17			73.015	179.45957166519
18			73.055	180.66080029805
19			73.095	181.80688957601
20			73.135	182.98420169128
21			73.175	184.23073825909
22			73.215	185.41819726794
23			73.255	186.54958104407
24			73.295	187.71447242012
25			73.335	188.93907721238
26			73.375	190.25027468646
27			73.415	-nan
28			73.455	-nan
29			73.495	-nan
30			73.535	-nan
31			73.575	-nan
32			73.615	-nan
33			73.655	-nan
34			73.695	-nan
35			73.735	-nan
36			73.775	-nan
37			73.815	205.58784049028
38			73.855	206.57990493963
39			73.895	207.99103018272
40			73.935	209.50151672531
41			73.975	211.06722952427
42			74.015	212.60468908396
43			74.055	214.05397456617
44			74.095	215.55966584554
45			74.135	217.13437410795
46			74.175	218.72193361528
47			74.215	220.44577107999
48			74.255	-nan
49			74.295	224.06557694977
50			74.335	225.59979959873
51			74.375	227.38775436294
52			74.415	229.15006632951
53			74.455	231.03347416215
54			74.495	232.95128883808
55			74.535	234.80764383429
56			74.575	236.67907455461
57			74.615	238.7544830291
58			74.655	240.95236038717
59			74.695	-nan
60			74.735	-nan
61			74.775	-nan
62			74.815	-nan
63			74.855	-nan
64			74.895	-nan
65			74.935	-nan
66			74.975	-nan
67			75.015	-nan
68			75.055	-nan
69			75.095	262.2724224384
70			75.135	263.62692918238
71			75.175	265.56867496989
72			75.215	267.84034773989
73			75.255	270.12515575746
74			75.295	272.45364478905
75			75.335	274.72277128518
76			75.375	276.90452643869
77			75.415	279.21219290421
78			75.455	281.56463551744
79			75.495	283.9853313042
80			75.535	-nan
81			75.575	289.11995731468
82			75.615	291.4014332079
83			75.655	293.65077590995
84			75.695	296.0509095749
85			75.735	298.46354986352
86			75.775	300.84507566873
87			75.815	303.23685780557
88			75.855	305.46348008262
89			75.895	308.0253396002
90			75.935	311.22444761175
91			75.975	-nan
92			76.015	-nan
93			76.055	-nan
94			76.095	-nan
95			76.135	-nan
96			76.175	-nan
97			76.215	-nan
98			76.255	-nan
99			76.295	-nan
100			76.335	-nan
101			76.375	338.65071374052
102			76.415	340.11691994824
103			76.455	342.23274694297
104			76.495	344.84656283531
105			76.535	347.37152848504
106			76.575	349.83035770523
107			76.615	352.17419882092
108			76.655	354.59119229973
109			76.695	357.04642387221
110			76.735	359.66377230199
111			76.775	362.29270820067
112			76.815	-nan
113			76.855	367.89558922073
114			76.895	370.48752505498
115			76.935	373.05164996704
116			76.975	375.64105465436
117			77.015	378.42366099472
118			77.055	380.91876725062
119			77.095	383.32020403888
120			77.135	385.7679510297
121			77.175	388.39488203666
122			77.215	391.85526317774
123			77.255	-nan
124			77.295	-nan
125			77.335	-nan
126			77.375	-nan
127			77.415	-nan
128			77.455	-nan
129			77.495	-nan
130			77.535	-nan
131			77.575	-nan
132			77.615	-nan
133			77.655	415.1291473377
134			77.695	415.6204570881
135			77.735	417.3386559403
136			77.775	419.44297707616
137			77.815	421.62483848808
138			77.855	423.62108219515
139			77.895	425.50841157413
140			77.935	427.32328647406
141			77.975	429.26606735311
142			78.015	431.06976667185
143			78.055	432.85573591213
144			78.095	-nan
145			78.135	436.37469893942
146			78.175	437.73699836043
147			78.215	439.19402762465
148			78.255	440.75986955491
149			78.295	442.33574969141
150			78.335	443.86165783178
151			78.375	445.25793668934
152			78.415	446.60080469753
153			78.455	448.23467621026
154			78.495	451.36525900843
155			78.535	-nan
156			78.575	-nan
157			78.615	-nan
158			78.655	-nan
159			78.695	-nan
160			78.735	-nan
161			78.775	-nan
162			78.815	-nan
163			78.855	-nan
164			78.895	-nan
165			78.935	463.67146477562
166			78.975	462.32273681536
167			79.015	462.26335880415
168			79.055	462.78114826409
169			79.095	463.37919516941
170			79.135	464.10190774575
171			79.175	464.69987762939
172			79.215	465.40575272708
173			79.255	466.23930464434
174			79.295	467.10743917324
175			79.335	467.97589046693
176			79.375	-nan
177			79.415	469.30404993772
178			79.455	469.77682068428
179			79.495	470.24350423588
180			79.535	470.68438087783
181			79.575	471.00751595435
182			79.615	471.1406435063
183			79.655	471.00759442575
184			79.695	470.76068966921
185			79.735	470.94820217551
186			79.775	472.31373264066
187			79.815	-nan
188			79.855	-nan
189			79.895	-nan
190			79.935	-nan
191			79.975	-nan
192			80.015	-nan
193			80.055	-nan
194			80.095	-nan
195			80.135	-nan
196			80.175	-nan
197			80.215	474.1262537995
198			80.255	472.1674212541
199			80.295	471.57129777987
200			80.335	471.43579761244
201			80.375	471.29371674697
202			80.415	471.0039534811
203			80.455	470.5209367784
204			80.495	469.96800266063
205			80.535	469.37002249228
206			80.575	468.9262570168
207			80.615	468.43971690866
208			80.655	-nan
209			80.695	467.47526208454
210			80.735	467.16291068042
211			80.775	466.93935080249
212			80.815	466.93978448488
213			80.855	466.98281646521
214			80.895	466.85489797863
215			80.935	466.65816228613
216			80.975	466.39360663916
217			81.015	466.53193631007
218			81.055	467.82345088423
219			81.095	-nan
220			81.135	-nan
221			81.175	-nan
222			81.215	-nan
223			81.255	-nan
224			81.295	-nan
225			81.335	-nan
226			81.375	-nan
227			81.415	-nan
228			81.455	-nan
229			81.495	463.67371592564
230			81.535	461.64380859147
231			81.575	460.79882365409
232			81.615	460.80891823254
233			81.655	460.79543837139
234			81.695	460.79419378269
235			81.735	460.66067392954
236			81.775	460.54880411793
237			81.815	460.38382391861
238			81.855	460.29334877357
239			81.895	460.13206043159
240			81.935	-nan
241			81.975	459.39004706917
242			82.015	459.01831349535
243			82.055	458.60537655982
244			82.095	458.15549634174
245			82.135	457.81248728579
246			82.175	457.33241621238
247			82.215	456.89197884046
248			82.255	456.51674586475
249			82.295	456.7343472045
250			82.335	458.15630840736
251			82.375	-nan
252			82.415	-nan
253			82.455	-nan
254			82.495	-nan
255			82.535	-nan
256			82.575	-nan
257			82.615	-nan
258			82.655	-nan
259			82.695	-nan
260			82.735	-nan
261			82.775	459.53222245036
262			82.815	457.55879878366
263			82.855	456.82441309463
264			82.895	456.63329644096
265			82.935	456.59294571304
266			82.975	456.63675087737
267			83.015	456.51792240336
268			83.055	456.48098722579
269			83.095	456.67771019273
270			83.135	457.01358506335
271			83.175	457.38112063197
272			83.215	-nan
273			83.255	458.34696687719
274			83.295	458.67944483939
275			83.335	459.15598405935
276			83.375	459.67723152267
277			83.415	460.26623319284
278			83.455	460.59857354787
279			83.495	460.8855986511
280			83.535	461.14115543874
281			83.575	461.55830939035
282			83.615	462.97644484701
283			83.655	-nan
284			83.695	-nan
285			83.735	-nan
286			83.775	-nan
287			83.815	-nan
288			83.855	-nan
289			83.895	-nan
290			83.935	-nan
291			83.975	-nan
292			84.015	-nan
293			84.055	467.52171276186
294			84.095	466.52726233109
295			84.135	466.84956255581
296			84.175	467.8058513201
297			84.215	468.68252787522
298			84.255	469.50676620599
299			84.295	470.0188516537
300			84.335	470.46895976372
301			84.375	470.80212648748
302			84.415	471.2109122387
303			84.455	471.70306182478
304			84.495	-nan
305			84.535	472.76831063267
306			84.575	473.24571662909
307			84.615	473.82786564676
308			84.655	474.53225851288
309			84.695	475.4356813706
310			84.735	476.25590002686
311			84.775	477.03279343123
312			84.815	477.92024037666
313			84.855	479.32838540955
314			84.895	481.88777714041
315			84.935	-nan
316			84.975	-nan
317			85.015	-nan
318			85.055	-nan
319			85.095	-nan
320			85.135	-nan
321			85.175	-nan
322			85.215	-nan
323			85.255	-nan
324			85.295	-nan
325			85.335	491.40072131305
326			85.375	490.07244231184
327			85.415	490.23472935486
328			85.455	491.08669310913
329			85.495	492.21516774485
330			85.535	493.26836760402
331			85.575	494.22520991864
332			85.615	495.3654211221
333			85.655	496.49095952606
334			85.695	497.90883651991
335			85.735	499.40827963648
336			85.775	-nan
337			85.815	502.41350999803
338			85.855	503.48186729397
339			85.895	504.59406366484
340			85.935	505.47464080968
341			85.975	506.4028414847
342			86.015	507.07179901387
343			86.055	507.71995919807
344			86.095	508.3768033701
345			86.135	509.49040879309
346			86.175	511.8534697094
347			86.215	-nan
348			86.255	-nan
349			86.295	-nan
350			86.335	-nan
351			86.375	-nan
352			86.415	-nan
353			86.455	-nan
354			86.495	-nan
355			86.535	-nan
356			86.575	-nan
357			86.615	525.09176747501
358			86.655	524.25729908226
359			86.695	524.65587598271
360			86.735	525.76172748444
361			86.775	526.79291574028
362			86.815	527.46810637677
363			86.855	528.01188060787
364			86.895	528.45846923219
365			86.935	529.03066079545
366			86.975	529.84452636857
367			87.015	530.75117315515
368			87.055	-nan
369			87.095	532.92695126643
370			87.135	533.79901906737
371			87.175	534.90013784299
372			87.215	536.16720222839
373			87.255	537.69298296209
374			87.295	539.09159888905
375			87.335	540.45768705468
376			87.375	541.6496576313
377			87.415	543.30682171501
378			87.455	546.1153044096
379			87.495	-nan
380			87.535	-nan
381			87.575	-nan
382			87.615	-nan
383			87.655	-nan
384			87.695	-nan
385			87.735	-nan
386			87.775	-nan
387			87.815	-nan
388			87.855	-nan
389			87.895	551.78622951999
390			87.935	550.05396275712
391			87.975	550.47697053613
392			88.015	551.62909444374
393			88.055	552.49025466713
394			88.095	553.52551501947
395			88.135	554.34918830413
396			88.175	555.14182317458
397			88.215	555.97494459416
398			88.255	556.87816237675
399			88.295	557.64087802095
400			88.335	-nan
401			88.375	558.24400134247
402			88.415	558.22323200572
403			88.455	558.09804391325
404			88.495	558.57178947901
405			88.535	558.3542187874
406			88.575	558.37019378609
407			88.615	558.3633569793
408			88.655	558.35483843673
409			88.695	559.31597605141
410			88.735	561.57919779875
411			88.775	-nan
412			88.815	-nan
413			88.855	-nan
414			88.895	-nan
415			88.935	-nan
416			88.975	-nan
417			89.015	-nan
418			89.055	-nan
419			89.095	-nan
420			89.135	-nan
421			89.175	565.50673827231
422			89.215	562.57443922831
423			89.255	561.39257097044
424			89.295	561.03566643378
425			89.335	560.67088597332
426			89.375	560.22997104926
427			89.415	559.54723618726
428			89.455	559.11645040971
429			89.495	559.04146121096
430			89.535	559.06573447202
431			89.575	559.30354632194
432			89.615	-nan
433			89.655	559.50678024983
434			89.695	559.7323225921
435			89.735	559.74304927133
436			89.775	559.7725103897
437			89.815	559.97700263033
438			89.855	559.78724735488
439			89.895	559.22222537384
440			89.935	558.53078008053
441			89.975	558.27651035693
442			90.015	559.27452989291
443			90.055	-nan
444			90.095	-nan
445			90.135	-nan
446			90.175	-nan
447			90.215	-nan
448			90.255	-nan
449			90.295	-nan
450			90.335	-nan
451			90.375	-nan
452			90.415	-nan
453			90.455	553.60165629985
454			90.495	551.66730174512
455			90.535	550.39012327315
456			90.575	549.98763471057
457			90.615	549.64609955191
458			90.655	548.88709164266
459			90.695	547.76731097792
460			90.735	546.8296168514
461			90.775	545.71221342262
462			90.815	544.73624955649
463			90.855	543.706206905
464			90.895	-nan
465			90.935	540.95768183102
466			90.975	539.70752359492
467			91.015	538.58879256542
468			91.055	537.72336802354
469			91.095	537.1855931146
470			91.135	536.71733051144
471			91.175	536.17715007835
472			91.215	535.69848086081
473			91.255	535.6997250533
474			91.295	537.18888891133
475			91.335	-nan
476			91.375	-nan
477			91.415	-nan
478			91.455	-nan
479			91.495	-nan
480			91.535	-nan
481			91.575	-nan
482			91.615	-nan
483			91.655	-nan
484			91.695	-nan
485			91.735	527.80466353725
486			91.775	523.9712777707
487			91.815	522.09928039671
488			91.855	520.968742904
489			91.895	520.98432747728
490			91.935	519.70960629756
491			91.975	518.86389557087
492			92.015	518.44707286666
493			92.055	518.63696694555
494			92.095	519.66878620504
495			92.135	518.31384439194
496			92.175	-nan
497			92.215	516.08089037413
498			92.255	515.05094022805
499			92.295	514.09527390047
500			92.335	513.29460269866
501			92.375	512.35316833633
502			92.415	511.39265470506
503			92.455	510.1906400867
504			92.495	509.32152413257
505			92.535	507.93840160742
506			92.575	508.19249266346
507			92.615	-nan
508			92.655	-nan
509			92.695	-nan
510			92.735	-nan
511			92.775	-nan
512			92.815	-nan
513			92.855	-nan
514			92.895	-nan
515			92.935	-nan
516			92.975	-nan
517			93.015	504.24709153296
518			93.055	501.65545916035
519			93.095	500.45832137353
520			93.135	499.62370855026
521			93.175	498.79854485473
522			93.215	497.72314756471
523			93.255	496.61226890331
524			93.295	496.77341831104
525			93.335	494.67010114347
526			93.375	493.70603438759
527			93.415	492.81813045506
528			93.455	-nan
529			93.495	491.36680099005
530			93.535	490.95128834554
531			93.575	490.9180741366
532			93.615	491.06419672124
533			93.655	491.78209095978
534			93.695	492.62746207334
535			93.735	491.87321663245
536			93.775	491.04355887551
537			93.815	491.02668845899
538			93.855	491.87162219862
539			93.895	-nan
540			93.935	-nan
541			93.975	-nan
542			94.015	-nan
543			94.055	-nan
544			94.095	-nan
545			94.135	-nan
546			94.175	-nan
547			94.215	-nan
548			94.255	-nan
549			94.295	485.69694376372
550			94.335	484.2503306151
551			94.375	483.65487291923
552			94.415	483.77958103268
553			94.455	484.54077906335
554			94.495	486.72664682009
555			94.535	485.17662405375
556			94.575	484.55686791623
557			94.615	484.59725226296
558			94.655	484.53404332922
559			94.695	484.35584012287
560			94.735	-nan
561			94.775	483.510161633
562			94.815	483.0500717593
563			94.855	482.61253253835
564			94.895	527.19767457217
565			94.935	483.39749628998
566			94.975	481.65546263274
567			95.015	481.23840776328
568			95.055	481.13942555125
569			95.095	481.56334837276
570			95.135	483.17255799165
571			95.175	-nan
572			95.215	-nan
573			95.255	-nan
574			95.295	-nan
575			95.335	-nan
576			95.375	-nan
577			95.415	-nan
578			95.455	-nan
579			95.495	-nan
580			95.535	-nan
581			95.575	487.466343234
582			95.615	485.48644870632
583			95.655	484.70354321034
584			95.695	485.41510436248
585			95.735	484.30540788936
586			95.775	483.97296780635
587			95.815	483.91428463724
588			95.855	484.00889538117
589			95.895	484.44365188695
590			95.935	484.91030853084
591			95.975	485.58005634118
592			96.015	-nan
593			96.055	487.41912359966
594			96.095	489.07244852031
595			96.135	489.22593045557
596			96.175	489.58976605947
597			96.215	490.37982190153
598			96.255	490.82354359076
599			96.295	491.74905793491
600			96.335	491.22751201963
601			96.375	491.74600938583
602			96.415	494.09581280332
603			96.455	-nan
604			96.495	-nan
605			96.535	-nan
606			96.575	-nan
607			96.615	-nan
608			96.655	-nan
609			96.695	-nan
610			96.735	-nan
611			96.775	-nan
612			96.815	-nan
613			96.855	498.42611221176
614			96.895	500.65047494695
615			96.935	498.04978151379
616			96.975	498.27421154614
617			97.015	499.09074212137
618			97.055	499.61535093711
619			97.095	500.36122851154
620			97.135	500.31101764953
621			97.175	500.26863259115
622			97.215	500.26664123129
623			97.255	500.2738493895
624			97.295	-nan
625			97.335	500.45178528443
626			97.375	500.64055499993
627			97.415	501.11692324333
628			97.455	501.8914752881
629			97.495	502.84144662719
630			97.535	503.590501519
631			97.575	504.47938018549
632			97.615	505.42765648777
633			97.655	507.27014811638
634			97.695	512.48765072674
635			97.735	-nan
636			97.775	-nan
637			97.815	-nan
638			97.855	-nan
639			97.895	-nan
640			97.935	-nan
641			97.975	-nan
642			98.015	-nan
643			98.055	-nan
644			98.095	-nan
645			98.135	530.11040589405
646			98.175	516.63667946593
647			98.215	515.87624228318
648			98.255	513.44335313992
649			98.295	515.60223502126
650			98.335	515.14524856039
651			98.375	515.65095542828
652			98.415	516.48094653056
653			98.455	517.44520519536
654			98.495	518.72023971614
655			98.535	519.10111286739
656			98.575	-nan
657			98.615	520.44345609475
658			98.655	520.98796437758
659			98.695	521.7532737928
660			98.735	521.66142631397
661			98.775	521.71002488521
662			98.815	521.64381965391
663			98.855	523.708431066
664			98.895	576.14666306781
665			98.935	528.54355227328
666			98.975	523.39154901012
667			99.015	-nan
668			99.055	-nan
669			99.095	-nan
670			99.135	-nan
671			99.175	-nan
672			99.215	-nan
673			99.255	-nan
674			99.295	-nan
675			99.335	-nan
676			99.375	-nan
677			99.415	530.7199318756
678			99.455	528.81319894197
679			99.495	528.38150918636
680			99.535	528.22865927761
681			99.575	528.17006759025
682			99.615	527.91235196072
683			99.655	528.57848931668
684			99.695	563.55321169542
685			99.735	528.97804231738
686			99.775	525.8142568706
687			99.815	525.71083936113
688			99.855	-nan
689			99.895	530.09757029962
690			99.935	526.67358520371
691			99.975	526.98653879467
692			100.015	527.62335311596
693			100.055	528.27109673111
694			100.095	530.5083883402
695			100.135	529.20949115517
696			100.175	529.32747317383
697			100.215	530.61506890928
698			100.255	531.85996435652
699			100.295	-nan
700			100.335	-nan
701			100.375	-nan
702			100.415	-nan
703			100.455	-nan
704			100.495	-nan
705			100.535	-nan
706			100.575	-nan
707			100.615	-nan
708			100.655	-nan
709			100.695	527.72530199996
710			100.735	525.21119132203
711			100.775	524.74941587227
712			100.815	525.04037102544
713			100.855	525.56157229271
714			100.895	526.16812523503
715			100.935	525.54467389412
716			100.975	525.01055175726
717			101.015	524.69585909274
718			101.055	524.54215273456
719			101.095	525.23937017706
720			101.135	-nan
721			101.175	522.32348878167
722			101.215	521.39387316765
723			101.255	523.55233096288
724			101.295	566.42118276547
725			101.335	526.48982123158
726			101.375	517.77145739471
727			101.415	516.95044131659
728			101.455	516.50733391493
729			101.495	522.71769471403
730			101.535	518.20029115228
731			101.575	-nan
732			101.615	-nan
733			101.655	-nan
734			101.695	-nan
735			101.735	-nan
736			101.775	-nan
737			101.815	-nan
738			101.855	-nan
739			101.895	-nan
740			101.935	-nan
741			101.975	514.41548054187
742			102.015	511.40555790656
743			102.055	509.85616342502
744			102.095	508.90993620595
745			102.135	507.98539193247
746			102.175	507.03469191408
747			102.215	506.03552322347
748			102.255	505.23249139781
749			102.295	504.88436480564
750			102.335	504.10393986628
751			102.375	503.64762642828
752			102.415	-nan
753			102.455	502.92123839775
754			102.495	502.94891627199
755			102.535	502.1966092325
756			102.575	501.72869775645
757			102.615	501.28591290014
758			102.655	500.5791755209
759			102.695	499.7753972567
760			102.735	498.72007602589
761			102.775	498.0233975463
762			102.815	498.22622503035
763			102.855	-nan
764			102.895	-nan
765			102.935	-nan
766			102.975	-nan
767			103.015	-nan
768			103.055	-nan
769			103.095	-nan
770			103.135	-nan
771			103.175	-nan
772			103.215	-nan
773			103.255	485.83012726396
774			103.295	484.02760015317
775			103.335	483.3627078978
776			103.375	483.13046320215
777			103.415	482.68800651875
778			103.455	482.03857623295
779			103.495	481.25070107419
780			103.535	479.71093297502
781			103.575	478.52575771005
782			103.615	477.46108999272
783			103.655	476.31831627247
784			103.695	-nan
785			103.735	474.01053143793
786			103.775	473.0088409649
787			103.815	472.0737080335
788			103.855	471.46299779301
789			103.895	471.01359613805
790			103.935	470.76887093888
791			103.975	470.46196465467
792			104.015	470.3343132653
793			104.055	470.63996320292
794			104.095	471.8569389084
795			104.135	-nan
796			104.175	-nan
797			104.215	-nan
798			104.255	-nan
799			104.295	-nan
800			104.335	-nan
801			104.375	-nan
802			104.415	-nan
803			104.455	-nan
804			104.495	-nan
805			104.535	473.30261316276
806			104.575	463.35017960769
807			104.615	462.4747249949
808			104.655	462.25759660016
809			104.695	462.30402276528
810			104.735	461.66855253538
811			104.775	461.35175574905
812			104.815	461.17283730977
813			104.855	461.1690586427
814			104.895	461.52244312427
815			104.935	461.37493481719
816			104.975	-nan
817			105.015	460.7945698411
818			105.055	460.31817306324
819			105.095	459.98507513445
820			105.135	459.03220022435
821			105.175	458.33164743433
822			105.215	457.68366100223
823			105.255	457.01183022835
824			105.295	456.46639974275
825			105.335	455.98094537747
826			105.375	456.46657480973
827			105.415	-nan
828			105.455	-nan
829			105.495	-nan
830			105.535	-nan
831			105.575	-nan
832			105.615	-nan
833			105.655	-nan
834			105.695	-nan
835			105.735	-nan
836			105.775	-nan
837			105.815	458.11117193405
838			105.855	456.89496556943
839			105.895	456.40338590895
840			105.935	456.05098772744
841			105.975	455.58478784167
842			106.015	455.00229962627
843			106.055	455.64091361186
844			106.095	488.49476439815
845			106.135	457.65473526752
846			106.175	453.01432487561
847			106.215	452.86109158716
848			106.255	-nan
849			106.295	493.83376710208
850			106.335	455.60339814838
851			106.375	453.14289630724
852			106.415	453.62689446083
853			106.455	454.23735046787
854			106.495	454.94485998709
855			106.535	455.28082384619
856			106.575	455.66166100621
857			106.615	456.08250983414
858			106.655	457.15848352356
859			106.695	-nan
860			106.735	-nan
861			106.775	-nan
862			106.815	-nan
863			106.855	-nan
864			106.895	-nan
865			106.935	-nan
866			106.975	-nan
867			107.015	-nan
868			107.055	-nan
869			107.095	457.60493725806
870			107.135	456.75733726855
871			107.175	457.01853262462
872			107.215	457.7193617826
873			107.255	458.4144199268
874			107.295	457.41540254875
875			107.335	459.48221562402
876			107.375	459.91769482934
877			107.415	460.41433340053
878			107.455	460.87619435227
879			107.495	462.56739015122
880			107.535	-nan
881			107.575	461.05870942404
882			107.615	460.72120383718
883			107.655	461.69648094343
884			107.695	495.38643761266
885			107.735	464.46116151396
886			107.775	460.85642248549
887			107.815	461.08662482027
888			107.855	461.54214014467
889			107.895	484.3773966276
890			107.935	464.68401238229
891			107.975	-nan
892			108.015	-nan
893			108.055	-nan
894			108.095	-nan
895			108.135	-nan
896			108.175	-nan
897			108.215	-nan
898			108.255	-nan
899			108.295	-nan
900			108.335	-nan
901			108.375	471.75807343754
902			108.415	470.5443931595
903			108.455	470.32674056916
904			108.495	470.47581078712
905			108.535	470.65963360081
906			108.575	470.8074682034
907			108.615	471.03561372693
908			108.655	471.47767154164
909			108.695	472.20916841659
910			108.735	473.01377232666
911			108.775	473.83919700174
912			108.815	-nan
913			108.855	475.65568115762
914			108.895	476.43518663908
915			108.935	477.31907392798
916			108.975	478.1110002987
917			109.015	478.94439178945
918			109.055	479.51155433799
919			109.095	479.80618536775
920			109.135	479.87439368109
921			109.175	480.25314667768
922			109.215	481.55370760764
923			109.255	-nan
924			109.295	-nan
925			109.335	-nan
926			109.375	-nan
927			109.415	-nan
928			109.455	-nan
929			109.495	-nan
930			109.535	-nan
931			109.575	-nan
932			109.615	-nan
933			109.655	488.83990841772
934			109.695	488.3548158842
935			109.735	488.71474203629
936			109.775	489.44637429392
937			109.815	490.07590254135
938			109.855	490.5431078993
939			109.895	490.77876446222
940			109.935	491.03376183432
941			109.975	491.24517001
942			110.015	491.42085602728
943			110.055	491.49517098107
944			110.095	-nan
945			110.135	491.60891527653
946			110.175	491.74752073088
947			110.215	492.09446896962
948			110.255	492.7141611625
949			110.295	493.32162500502
950			110.335	494.03527736262
951			110.375	494.68738231285
952			110.415	495.2654746051
953			110.455	496.24566931808
954			110.495	498.24954259741
955			110.535	-nan
956			110.575	-nan
957			110.615	-nan
958			110.655	-nan
959			110.695	-nan
960			110.735	-nan
961			110.775	-nan
962			110.815	-nan
963			110.855	-nan
964			110.895	-nan
965			110.935	501.58812915074
966			110.975	500.04787026992
967			111.015	499.80150737139
968			111.055	500.12630301636
969			111.095	500.68856679704
970			111.135	501.27352811056
971			111.175	501.93434087606
972			111.215	502.68025889522
973			111.255	503.42855298032
974			111.295	504.21054860071
975			111.335	504.67009148661
976			111.375	-nan
977			111.415	505.34142294594
978			111.455	505.5287186076
979			111.495	505.50547977938
980			111.535	505.65055541078
981			111.575	505.66979969913
982			111.615	505.44005180071
983			111.655	504.97777416021
984			111.695	504.5085741157
985			111.735	504.44160195367
986			111.775	505.66562391757
987			111.815	-nan
988			111.855	-nan
989			111.895	-nan
990			111.935	-nan
991			111.975	-nan
992			112.015	-nan
993			112.055	-nan
994			112.095	-nan
995			112.135	-nan
996			112.175	-nan
997			112.215	509.43944563262
998			112.255	507.69217421169
999			112.295	506.93898567192
1000		112.335	506.62891420394
1001		112.375	506.33816134824
1002		112.415	505.89857870398
1003		112.455	505.27342161169
1004		112.495	504.73448478498
1005		112.535	504.26263401822
1006		112.575	503.90465476788
1007		112.615	503.49936013327
1008		112.655	-nan
1009		112.695	502.91313928587
1010		112.735	502.96219606151
1011		112.775	503.10322760695
1012		112.815	503.41630519692
1013		112.855	503.6303908124
1014		112.895	503.92181936899
1015		112.935	503.48660156459
1016		112.975	503.18068747979
1017		113.015	503.4008872
1018		113.055	504.3539308816
1019		113.095	-nan
1020		113.135	-nan
1021		113.175	-nan
1022		113.215	-nan
1023		113.255	-nan
1024		113.295	-nan
1025		113.335	-nan
1026		113.375	-nan
1027		113.415	-nan
1028		113.455	-nan
1029		113.495	499.83647591497
1030		113.535	498.05201635629
1031		113.575	497.5174675181
1032		113.615	497.42464963119
1033		113.655	497.57124363021
1034		113.695	497.6197913572
1035		113.735	497.50417554787
1036		113.775	497.34464960128
1037		113.815	497.04933378248
1038		113.855	496.59751346188
1039		113.895	496.05612066408
1040		113.935	-nan
1041		113.975	494.20866573554
1042		114.015	493.29361424064
1043		114.055	492.47714028685
1044		114.095	491.84111701862
1045		114.135	490.8190626681
1046		114.175	490.06380765058
1047		114.215	489.3044431922
1048		114.255	488.51719433636
1049		114.295	488.47075963416
1050		114.335	489.40441424967
1051		114.375	-nan
1052		114.415	-nan
1053		114.455	-nan
1054		114.495	-nan
1055		114.535	-nan
1056		114.575	-nan
1057		114.615	-nan
1058		114.655	-nan
1059		114.695	-nan
1060		114.735	-nan
1061		114.775	486.00476777719
1062		114.815	483.62717045652
1063		114.855	482.33681495424
1064		114.895	481.59361096136
1065		114.935	480.93744798677
1066		114.975	480.35271230898
1067		115.015	479.78173938081
1068		115.055	479.1813839401
1069		115.095	478.70452980597
1070		115.135	478.39974563507
1071		115.175	478.11395538767
1072		115.215	-nan
1073		115.255	477.64858019891
1074		115.295	477.50484018677
1075		115.335	477.39253270369
1076		115.375	477.18522465173
1077		115.415	476.82358821631
1078		115.455	476.29428443068
1079		115.495	475.58489075457
1080		115.535	474.80284691399
1081		115.575	474.32651594343
1082		115.615	474.74611294876
1083		115.655	-nan
1084		115.695	-nan
1085		115.735	-nan
1086		115.775	-nan
1087		115.815	-nan
1088		115.855	-nan
1089		115.895	-nan
1090		115.935	-nan
1091		115.975	-nan
1092		116.015	-nan
1093		116.055	470.39117062812
1094		116.095	468.90622237461
1095		116.135	468.32015035836
1096		116.175	468.24402049996
1097		116.215	468.16710421603
1098		116.255	467.85920675699
1099		116.295	467.41799483914
1100		116.335	466.79647439698
1101		116.375	466.15947449406
1102		116.415	465.50025277979
1103		116.455	464.8299527164
1104		116.495	-nan
1105		116.535	463.46888268979
1106		116.575	462.97349265012
1107		116.615	462.52690373677
1108		116.655	462.27254400165
1109		116.695	462.09523111678
1110		116.735	461.90737421594
1111		116.775	461.7016962279
1112		116.815	461.67832697899
1113		116.855	461.98197496536
1114		116.895	463.14143341209
1115		116.935	-nan
1116		116.975	-nan
1117		117.015	-nan
1118		117.055	-nan
1119		117.095	-nan
1120		117.135	-nan
1121		117.175	-nan
1122		117.215	-nan
1123		117.255	-nan
1124		117.295	-nan
1125		117.335	460.19572920334
1126		117.375	458.60407956914
1127		117.415	458.01144529353
1128		117.455	457.98775310412
1129		117.495	458.14656367337
1130		117.535	458.33322129153
1131		117.575	458.44783356328
1132		117.615	458.53803503028
1133		117.655	458.66984011169
1134		117.695	458.89797447868
1135		117.735	459.04177525367
1136		117.775	-nan
1137		117.815	459.25927021375
1138		117.855	459.27546930042
1139		117.895	459.15590726177
1140		117.935	458.93767402594
1141		117.975	458.66523422815
1142		118.015	458.3036789642
1143		118.055	457.89984671882
1144		118.095	457.61613471257
1145		118.135	457.6765057641
1146		118.175	458.55010454865
1147		118.215	-nan
1148		118.255	-nan
1149		118.295	-nan
1150		118.335	-nan
1151		118.375	-nan
1152		118.415	-nan
1153		118.455	-nan
1154		118.495	-nan
1155		118.535	-nan
1156		118.575	-nan
1157		118.615	461.4674537499
1158		118.655	460.37751877119
1159		118.695	460.21180726798
1160		118.735	460.34642318866
1161		118.775	460.54077216161
1162		118.815	460.59119294294
1163		118.855	460.45721276002
1164		118.895	460.29184643094
1165		118.935	460.22173318923
1166		118.975	460.35942307347
1167		119.015	460.55349465182
1168		119.055	-nan
1169		119.095	461.34046173732
1170		119.135	461.7556886288
1171		119.175	462.2295440893
1172		119.215	462.69924403337
1173		119.255	463.25624591727
1174		119.295	463.76614069038
1175		119.335	464.15666920183
1176		119.375	464.57552662634
1177		119.415	465.19377259807
1178		119.455	466.52015201259
1179		119.495	-nan
1180		119.535	-nan
1181		119.575	-nan
1182		119.615	-nan
1183		119.655	-nan
1184		119.695	-nan
1185		119.735	-nan
1186		119.775	-nan
1187		119.815	-nan
1188		119.855	-nan
1189		119.895	469.50623720874
1190		119.935	468.76667925967
1191		119.975	469.04297816902
1192		120.015	470.0698364407
1193		120.055	470.78447009773
1194		120.095	471.57854361645
1195		120.135	472.19115098114
1196		120.175	472.70560327724
1197		120.215	473.33555947801
1198		120.255	473.92746339421
1199		120.295	474.44511104599
1200		120.335	-nan
1201		120.375	475.38256483881
1202		120.415	475.66951072985
1203		120.455	475.86696287921
1204		120.495	476.09963404881
1205		120.535	476.45446864851
1206		120.575	476.82701963363
1207		120.615	477.22703267019
1208		120.655	477.63743737087
1209		120.695	478.54986837856
1210		120.735	480.27048825823
1211		120.775	-nan
1212		120.815	-nan
1213		120.855	-nan
1214		120.895	-nan
1215		120.935	-nan
1216		120.975	-nan
1217		121.015	-nan
1218		121.055	-nan
1219		121.095	-nan
1220		121.135	-nan
1221		121.175	487.73036412636
1222		121.215	486.66288110284
1223		121.255	486.74624350993
1224		121.295	487.26849894261
1225		121.335	487.79361292014
1226		121.375	488.28069992598
1227		121.415	488.6956125395
1228		121.455	489.08254282634
1229		121.495	489.69763657965
1230		121.535	490.46175998819
1231		121.575	491.26235702706
1232		121.615	-nan
1233		121.655	493.06170981922
1234		121.695	493.7880349796
1235		121.735	494.47631071715
1236		121.775	495.19130795769
1237		121.815	495.87254310153
1238		121.855	496.44097676267
1239		121.895	496.91328697584
1240		121.935	497.1934192414
1241		121.975	497.78223885328
1242		122.015	499.26855505683
1243		122.055	-nan
1244		122.095	-nan
1245		122.135	-nan
1246		122.175	-nan
1247		122.215	-nan
1248		122.255	-nan
1249		122.295	-nan
1250		122.335	-nan
1251		122.375	-nan
1252		122.415	-nan
1253		122.455	505.53576951436
1254		122.495	504.70734787394
1255		122.535	504.97799754343
1256		122.575	505.67148739124
1257		122.615	508.26832597043
1258		122.655	506.96955670433
1259		122.695	507.32975466472
1260		122.735	507.61571103208
1261		122.775	507.94339212368
1262		122.815	508.31472046165
1263		122.855	508.66543128557
1264		122.895	-nan
1265		122.935	509.29307030869
1266		122.975	509.50014711296
1267		123.015	509.7807067712
1268		123.055	510.0581788397
1269		123.095	510.62176020596
1270		123.135	511.15495286609
1271		123.175	511.60141394768
1272		123.215	512.09242760593
1273		123.255	513.02384922274
1274		123.295	514.76076825548
1275		123.335	-nan
1276		123.375	-nan
1277		123.415	-nan
1278		123.455	-nan
1279		123.495	-nan
1280		123.535	-nan
1281		123.575	-nan
1282		123.615	-nan
1283		123.655	-nan
1284		123.695	-nan
1285		123.735	517.95907414673
1286		123.775	516.46124665801
1287		123.815	516.17944224802
1288		123.855	516.50840448009
1289		123.895	516.89709124083
1290		123.935	517.26041155929
1291		123.975	517.37636164557
1292		124.015	517.61505649482
1293		124.055	517.9502241995
1294		124.095	518.44125126383
1295		124.135	518.82023991565
1296		124.175	-nan
1297		124.215	519.2876675203
1298		124.255	519.3756139207
1299		124.295	519.41339590786
1300		124.335	519.51180263146
1301		124.375	519.62931008467
1302		124.415	519.56678158593
1303		124.455	519.29129242927
1304		124.495	519.04816505994
1305		124.535	519.1969244184
1306		124.575	520.35092821732
1307		124.615	-nan
1308		124.655	-nan
1309		124.695	-nan
1310		124.735	-nan
1311		124.775	-nan
1312		124.815	-nan
1313		124.855	-nan
1314		124.895	-nan
1315		124.935	-nan
1316		124.975	-nan
1317		125.015	521.85290981122
1318		125.055	519.77273377023
1319		125.095	519.26961004595
1320		125.135	519.15064532968
1321		125.175	519.13825112596
1322		125.215	518.72243557146
1323		125.255	518.49881853597
1324		125.295	518.22158903365
1325		125.335	518.07446989229
1326		125.375	517.896755783
1327		125.415	517.73645891605
1328		125.455	-nan
1329		125.495	517.25218799422
1330		125.535	517.09088618017
1331		125.575	516.90725636599
1332		125.615	516.86527166338
1333		125.655	516.86878280054
1334		125.695	516.81385050079
1335		125.735	516.60610683495
1336		125.775	516.33151245424
1337		125.815	516.38148075539
1338		125.855	517.45736241591
1339		125.895	-nan
1340		125.935	-nan
1341		125.975	-nan
1342		126.015	-nan
1343		126.055	-nan
1344		126.095	-nan
1345		126.135	-nan
1346		126.175	-nan
1347		126.215	-nan
1348		126.255	-nan
1349		126.295	513.82603454939
1350		126.335	511.85075766677
1351		126.375	511.17737635055
1352		126.415	511.04971022588
1353		126.455	510.96919278161
1354		126.495	510.81414265017
1355		126.535	510.50484373367
1356		126.575	510.09498470517
1357		126.615	509.78201695201
1358		126.655	509.53465693957
1359		126.695	509.14595219139
1360		126.735	-nan
1361		126.775	508.08654964381
1362		126.815	507.49521030172
1363		126.855	507.02652283701
1364		126.895	506.57098748026
1365		126.935	506.25950241071
1366		126.975	505.88071954413
1367		127.015	505.37466302756
1368		127.055	504.88890316835
1369		127.095	504.61087529009
1370		127.135	505.49367260872
1371		127.175	-nan
1372		127.215	-nan
1373		127.255	-nan
1374		127.295	-nan
1375		127.335	-nan
1376		127.375	-nan
1377		127.415	-nan
1378		127.455	-nan
1379		127.495	-nan
1380		127.535	-nan
1381		127.575	501.96846272615
1382		127.615	499.89589588215
1383		127.655	498.87525891626
1384		127.695	498.41729300242
1385		127.735	497.94990128489
1386		127.775	497.5042712551
1387		127.815	496.9318604221
1388		127.855	496.53619189554
1389		127.895	496.18432147829
1390		127.935	495.92104590105
1391		127.975	495.70221140535
1392		128.015	-nan
1393		128.055	495.03937141641
1394		128.095	494.75596172376
1395		128.135	494.54031923649
1396		128.175	494.31473123632
1397		128.215	494.07513068866
1398		128.255	493.78903015485
1399		128.295	493.23587669887
1400		128.335	492.72756067718
1401		128.375	492.5229489955
1402		128.415	493.28467383082
1403		128.455	-nan
1404		128.495	-nan
1405		128.535	-nan
1406		128.575	-nan
1407		128.615	-nan
1408		128.655	-nan
1409		128.695	-nan
1410		128.735	-nan
1411		128.775	-nan
1412		128.815	-nan
1413		128.855	490.58689099374
1414		128.895	488.90565650188
1415		128.935	488.30026966255
1416		128.975	488.10017519207
1417		129.015	487.96382343242
1418		129.055	487.74266646669
1419		129.095	487.40802929534
1420		129.135	487.12538953538
1421		129.175	486.88283816051
1422		129.215	486.73413992627
1423		129.255	486.46296501785
1424		129.295	-nan
1425		129.335	485.80970416208
1426		129.375	485.51649112324
1427		129.415	485.26738854931
1428		129.455	485.0891406625
1429		129.495	484.99949999949
1430		129.535	484.84985275926
1431		129.575	484.58785861722
1432		129.615	484.18302527851
1433		129.655	479.95073449577
1434		129.695	485.3534154814
1435		129.735	-nan
1436		129.775	-nan
1437		129.815	-nan
1438		129.855	-nan
1439		129.895	-nan
1440		129.935	-nan
1441		129.975	-nan
1442		130.015	-nan
1443		130.055	-nan
1444		130.095	-nan
1445		130.135	485.09516961425
1446		130.175	483.56059772888
1447		130.215	483.12323436908
1448		130.255	483.15418934544
1449		130.295	483.29198519239
1450		130.335	483.36122216325
1451		130.375	483.37076862751
1452		130.415	483.44665150097
1453		130.455	483.61348825716
1454		130.495	483.79620848606
1455		130.535	483.85741813262
1456		130.575	-nan
1457		130.615	484.09914678609
1458		130.655	484.3181583927
1459		130.695	484.44794657831
1460		130.735	484.64960555278
1461		130.775	484.87742470118
1462		130.815	485.01322458268
1463		130.855	484.97353631629
1464		130.895	484.94381593718
1465		130.935	485.22720405575
1466		130.975	486.43812692154
1467		131.015	-nan
1468		131.055	-nan
1469		131.095	-nan
1470		131.135	-nan
1471		131.175	-nan
1472		131.215	-nan
1473		131.255	-nan
1474		131.295	-nan
1475		131.335	-nan
1476		131.375	-nan
1477		131.415	489.30079536828
1478		131.455	488.11319154626
1479		131.495	487.84428539324
1480		131.535	488.18680486026
1481		131.575	488.46399355907
1482		131.615	488.68498883799
1483		131.655	488.86011972112
1484		131.695	489.04276557343
1485		131.735	489.44598414808
1486		131.775	489.68780507267
1487		131.815	489.97367889667
1488		131.855	-nan
1489		131.895	490.67121105236
1490		131.935	491.00691137958
1491		131.975	491.68075603056
1492		132.015	491.44274401292
1493		132.055	492.24371683743
1494		132.095	492.59231576206
1495		132.135	492.83894797965
1496		132.175	493.11052575615
1497		132.215	493.84008457481
1498		132.255	495.43188594695
1499		132.295	-nan
1500		132.335	-nan
1501		132.375	-nan
1502		132.415	-nan
1503		132.455	-nan
1504		132.495	-nan
1505		132.535	-nan
1506		132.575	-nan
1507		132.615	-nan
1508		132.655	-nan
1509		132.695	500.5199447986
1510		132.735	499.56855968701
1511		132.775	499.61959098098
1512		132.815	500.2752371368
1513		132.855	501.00116342984
1514		132.895	501.5719118149
1515		132.935	502.04305220076
1516		132.975	502.55110723882
1517		133.015	503.07291544255
1518		133.055	503.69205710356
1519		133.095	504.34000379154
1520		133.135	-nan
1521		133.175	505.56188050878
1522		133.215	506.10332970893
1523		133.255	506.58751231893
1524		133.295	507.1407063607
1525		133.335	507.73751323575
1526		133.375	508.32463806361
1527		133.415	508.72479289219
1528		133.455	509.19043897565
1529		133.495	509.97359796698
1530		133.535	511.85861858995
1531		133.575	-nan
1532		133.615	-nan
1533		133.655	-nan
1534		133.695	-nan
1535		133.735	-nan
1536		138.895	-nan
1537		138.935	-nan
1538		138.975	-nan
1539		139.015	-nan
1540		139.055	-nan
1541		139.095	529.26670834377
1542		139.135	527.12231320671
1543		139.175	526.20958099942
1544		139.215	525.80232312369
1545		139.255	525.3441698483
1546		139.295	524.8395443845
1547		139.335	524.37647794593
1548		139.375	523.85346489844
1549		139.415	523.44689385747
1550		139.455	523.10397097162
1551		139.495	522.76070773771
1552		139.535	-nan
1553		139.575	521.88902249408
1554		139.615	521.51269585746
1555		139.655	521.17419517554
1556		139.695	520.88810338808
1557		139.735	520.71849708133
1558		139.775	520.34386060658
1559		139.815	519.93775343055
1560		139.855	519.50896870455
1561		139.895	519.43575185532
1562		139.935	520.36532988114
1563		139.975	-nan
1564		140.015	-nan
1565		140.055	-nan
1566		140.095	-nan
1567		140.135	-nan
1568		140.175	-nan
1569		140.215	-nan
1570		140.255	-nan
1571		140.295	-nan
1572		140.335	-nan
1573		140.375	516.15373630283
1574		140.415	514.25242047804
1575		140.455	513.4095528612
1576		140.495	513.13807024504
1577		140.535	513.03934095193
1578		140.575	512.73840565222
1579		140.615	512.40577865623
1580		140.655	511.98845303963
1581		140.695	511.65352534879
1582		140.735	511.32337447517
1583		140.775	510.98900755742
1584		140.815	-nan
1585		140.855	509.97138402431
1586		140.895	509.59045311746
1587		140.935	509.14179729409
1588		140.975	508.76479402844
1589		141.015	508.46761082038
1590		141.055	508.08461078504
1591		141.095	507.54865913397
1592		141.135	507.13706220418
1593		141.175	507.06597164355
1594		141.215	508.0485286487
1595		141.255	-nan
1596		141.295	-nan
1597		141.335	-nan
1598		141.375	-nan
1599		141.415	-nan
1600		141.455	-nan
1601		141.495	-nan
1602		141.535	-nan
1603		141.575	-nan
1604		141.615	-nan
1605		141.655	505.90196808686
1606		141.695	503.59430531157
1607		141.735	502.78462818983
1608		141.775	502.49421044508
1609		141.815	502.30184931913
1610		141.855	501.98014711125
1611		141.895	501.70571083068
1612		141.935	501.36021104925
1613		141.975	501.17987051787
1614		142.015	501.03186116876
1615		142.055	500.89319104436
1616		142.095	-nan
1617		142.135	500.64833162836
1618		142.175	500.47719709346
1619		142.215	500.42432821824
1620		142.255	500.41237216706
1621		142.295	500.34739674301
1622		142.335	500.26354092709
1623		142.375	499.94182791277
1624		142.415	499.62885897844
1625		142.455	499.68266410018
1626		142.495	500.64999055048
1627		142.535	-nan
1628		142.575	-nan
1629		142.615	-nan
1630		142.655	-nan
1631		142.695	-nan
1632		142.735	-nan
1633		142.775	-nan
1634		142.815	-nan
1635		142.855	-nan
1636		142.895	-nan
1637		142.935	500.41591129385
1638		142.975	498.91531039056
1639		143.015	498.53267971446
1640		143.055	498.60273985077
1641		143.095	498.70721800457
1642		143.135	498.75590953678
1643		143.175	498.65480042914
1644		143.215	498.49072049835
1645		143.255	498.50160003542
1646		143.295	498.47218629331
1647		143.335	498.44086857844
1648		143.375	-nan
1649		143.415	498.44598500987
1650		143.455	498.49143574107
1651		143.495	498.53457118406
1652		143.535	498.74048495426
1653		143.575	498.93059111251
1654		143.615	499.0213511152
1655		143.655	499.11589753901
1656		143.695	499.25689440162
1657		143.735	499.72910105613
1658		143.775	501.10796334779
1659		143.815	-nan
1660		143.855	-nan
1661		143.895	-nan
1662		143.935	-nan
1663		143.975	-nan
1664		144.015	-nan
1665		144.055	-nan
1666		144.095	-nan
1667		144.135	-nan
1668		144.175	-nan
1669		144.215	502.80374074138
1670		144.255	501.49905374384
1671		144.295	501.24613774275
1672		144.335	501.63429757401
1673		144.375	502.03593215132
1674		144.415	502.46327329731
1675		144.455	502.7182227565
1676		144.495	503.0580750093
1677		144.535	503.47765832275
1678		144.575	503.84749038783
1679		144.615	504.2245226101
1680		144.655	-nan
1681		144.695	505.03368225859
1682		144.735	505.3084265358
1683		144.775	505.5835085276
1684		144.815	505.85617866415
1685		144.855	506.17454632441
1686		144.895	506.35494756147
1687		144.935	506.49884497937
1688		144.975	506.61230407369
1689		145.015	507.14887909709
1690		145.055	508.63292051581
1691		145.095	-nan
1692		145.135	-nan
1693		145.175	-nan
1694		145.215	-nan
1695		145.255	-nan
1696		145.295	-nan
1697		145.335	-nan
1698		145.375	-nan
1699		145.415	-nan
1700		145.455	-nan
1701		145.495	513.54018856824
1702		145.535	512.35380375072
1703		145.575	512.22364072261
1704		145.615	512.61827641474
1705		145.655	513.02428215772
1706		145.695	513.33269028707
1707		145.735	513.48010397354
1708		145.775	513.70809717164
1709		145.815	514.09795854897
1710		145.855	514.51564754591
1711		145.895	514.91420712295
1712		145.935	-nan
1713		145.975	516.06965467288
1714		146.015	516.44060187618
1715		146.055	516.87596477821
1716		146.095	517.42384938771
1717		146.135	517.91163647263
1718		146.175	518.38879668798
1719		146.215	518.8502842424
1720		146.255	519.12917908724
1721		146.295	519.87071444792
1722		146.335	521.59009652498
1723		146.375	-nan
1724		146.415	-nan
1725		146.455	-nan
1726		146.495	-nan
1727		146.535	-nan
1728		146.575	-nan
1729		146.615	-nan
1730		146.655	-nan
1731		146.695	-nan
1732		146.735	-nan
1733		146.775	525.93579096818
1734		146.815	524.75438527147
1735		146.855	524.74161406999
1736		146.895	525.29064488798
1737		146.935	525.96259692693
1738		146.975	526.43606155404
1739		147.015	526.84547957429
1740		147.055	527.13263407069
1741		147.095	527.58516656811
1742		147.135	527.937552505
1743		147.175	528.3159979939
1744		147.215	-nan
1745		147.255	528.98894759612
1746		147.295	529.17791175383
1747		147.335	529.35440858308
1748		147.375	529.61768283041
1749		147.415	529.94730963341
1750		147.455	530.22571960629
1751		147.495	530.42490127112
1752		147.535	530.69638597109
1753		147.575	531.36525677363
1754		147.615	533.13199218246
1755		147.655	-nan
1756		147.695	-nan
1757		147.735	-nan
1758		147.775	-nan
1759		147.815	-nan
1760		147.855	-nan
1761		147.895	-nan
1762		147.935	-nan
1763		147.975	-nan
1764		148.015	-nan
1765		148.055	536.8925390161
1766		148.095	535.28571122994
1767		148.135	534.80578951392
1768		148.175	534.93238025051
1769		148.215	535.16087789934
1770		148.255	535.30625078752
1771		148.295	535.34688437521
1772		148.335	535.3785424829
1773		148.375	535.5874340353
1774		148.415	535.8996326606
1775		148.455	536.22134737658
1776		148.495	-nan
1777		148.535	536.79477325273
1778		148.575	537.14321094625
1779		148.615	537.54077773264
1780		148.655	537.80266611068
1781		148.695	537.80371879601
1782		148.735	537.97261781022
1783		148.775	537.87643142962
1784		148.815	537.80554620243
1785		148.855	538.23375433132
1786		148.895	539.56479361328
1787		148.935	-nan
1788		148.975	-nan
1789		149.015	-nan
1790		149.055	-nan
1791		149.095	-nan
1792		149.135	-nan
1793		149.175	-nan
1794		149.215	-nan
1795		149.255	-nan
1796		149.295	-nan
1797		149.335	540.74776111092
1798		149.375	539.09938854988
1799		149.415	538.70469768705
1800		149.455	584.80902806695
1801		149.495	539.51904438037
1802		149.535	544.08285536808
1803		149.575	538.64955320985
1804		149.615	538.22348361129
1805		149.655	537.92633636096
1806		149.695	537.55560445912
1807		149.735	540.53123219655
1808		149.775	-nan
1809		149.815	536.73266827657
1810		149.855	536.34462047904
1811		149.895	535.74195579958
1812		149.935	528.78472203151
1813		149.975	550.08357572786
1814		150.015	539.61324618106
1815		150.055	538.18860654574
1816		150.095	535.1314898322
1817		150.135	535.36713521071
1818		150.175	536.97369665727
1819		150.215	-nan
1820		150.255	-nan
1821		150.295	-nan
1822		150.335	-nan
1823		150.375	-nan
1824		150.415	-nan
1825		150.455	-nan
1826		150.495	-nan
1827		150.535	-nan
1828		150.575	-nan
1829		150.615	532.71098411552
1830		150.655	530.40903444934
1831		150.695	529.46314996826
1832		150.735	529.08527948228
1833		150.775	528.81132202603
1834		150.815	528.4778724398
1835		150.855	528.08238542795
1836		150.895	527.67464377592
1837		150.935	527.43174204647
1838		150.975	527.23210391576
1839		151.015	526.91551506963
1840		151.055	-nan
1841		151.095	526.05439816794
1842		151.135	525.63358471308
1843		151.175	525.0938523734
1844		151.215	524.70358158105
1845		151.255	524.19227433853
1846		151.295	523.60208077206
1847		151.335	523.27344972161
1848		151.375	522.37506399354
1849		151.415	521.8883561331
1850		151.455	522.50524124987
1851		151.495	-nan
1852		151.535	-nan
1853		151.575	-nan
1854		151.615	-nan
1855		151.655	-nan
1856		151.695	-nan
1857		151.735	-nan
1858		151.775	-nan
1859		151.815	-nan
1860		151.855	-nan
1861		151.895	518.15514821592
1862		151.935	516.16291436187
1863		151.975	515.07847041543
1864		152.015	514.50375382568
1865		152.055	514.02017737972
1866		152.095	513.34887648811
1867		152.135	512.62124004779
1868		152.175	511.9938223762
1869		152.215	511.3701830075
1870		152.255	510.90211973537
1871		152.295	510.38846694196
1872		152.335	-nan
1873		152.375	509.13818919071
1874		152.415	508.65859659218
1875		152.455	508.20365130431
1876		152.495	507.83520959582
1877		152.535	507.48752712669
1878		152.575	507.1989463459
1879		152.615	506.62847746373
1880		152.655	506.1830032933
1881		152.695	505.95314423379
1882		152.735	506.66404675404
1883		152.775	-nan
1884		152.815	-nan
1885		152.855	-nan
1886		152.895	-nan
1887		152.935	-nan
1888		152.975	-nan
1889		153.015	-nan
1890		153.055	-nan
1891		153.095	-nan
1892		153.135	-nan
1893		153.175	500.75474001063
1894		153.215	498.92911199703
1895		153.255	498.14388163055
1896		153.295	497.86255468844
1897		153.335	497.65371494311
1898		153.375	497.31975057571
1899		153.415	496.94321477748
1900		153.455	496.49686018718
1901		153.495	496.06942153629
1902		153.535	495.77740349053
1903		153.575	495.23425788674
1904		153.615	-nan
1905		153.655	493.89614672224
1906		153.695	493.29192697517
1907		153.735	492.66604756687
1908		153.775	492.17886229476
1909		153.815	491.69762665965
1910		153.855	491.2841474335
1911		153.895	490.67611248453
1912		153.935	490.12278891478
1913		153.975	489.85360798986
1914		154.015	490.55287504558
1915		154.055	-nan
1916		154.095	-nan
1917		154.135	-nan
1918		154.175	-nan
1919		154.215	-nan
1920		154.255	-nan
1921		154.295	-nan
1922		154.335	-nan
1923		154.375	-nan
1924		154.415	-nan
1925		154.455	492.44683533653
1926		154.495	491.35549292354
1927		154.535	490.63524489144
1928		154.575	490.22083732954
1929		154.615	489.90898883436
1930		154.655	489.50438339087
1931		154.695	489.03228943859
1932		154.735	488.66049075529
1933		154.775	488.33471703987
1934		154.815	488.17655287375
1935		154.855	487.99288245209
1936		154.895	-nan
1937		154.935	487.4111916594
1938		154.975	487.23004158513
1939		155.015	487.05892079781
1940		155.055	486.85121658671
1941		155.095	486.66800118511
1942		155.135	486.38467337646
1943		155.175	485.94161641416
1944		155.215	485.37305101746
1945		155.255	485.26824485538
1946		155.295	485.92332234104
1947		155.335	-nan
1948		155.375	-nan
1949		155.415	-nan
1950		155.455	-nan
1951		155.495	-nan
1952		155.535	-nan
1953		155.575	-nan
1954		155.615	-nan
1955		155.655	-nan
1956		155.695	-nan
1957		155.735	483.78864993589
1958		155.775	482.46028511382
1959		155.815	482.02638600623
1960		155.855	482.05139364416
1961		155.895	482.11755664798
1962		155.935	482.05061398247
1963		155.975	481.83842150616
1964		156.015	481.60273016712
1965		156.055	481.4085730854
1966		156.095	481.26803125633
1967		156.135	481.06584085777
1968		156.175	-nan
1969		156.215	480.58134678078
1970		156.255	480.31022718561
1971		156.295	480.18160571536
1972		156.335	480.12449678167
1973		156.375	480.07933674514
1974		156.415	480.10957626355
1975		156.455	480.05469553295
1976		156.495	480.02024227758
1977		156.535	480.30725066525
1978		156.575	481.42652167182
1979		156.615	-nan
1980		156.655	-nan
1981		156.695	-nan
1982		156.735	-nan
1983		156.775	-nan
1984		156.815	-nan
1985		156.855	-nan
1986		156.895	-nan
1987		156.935	-nan
1988		156.975	-nan
1989		157.015	481.23773770335
1990		157.055	479.83767458468
1991		157.095	479.43213968063
1992		157.135	479.42786409716
1993		157.175	479.525832869
1994		157.215	479.56782928309
1995		157.255	479.60378801734
1996		157.295	479.70633478347
1997		157.335	479.85127607692
1998		157.375	480.04506046655
1999		157.415	480.26693834929
2000		157.455	-nan
2001		157.495	480.71589389209
2002		157.535	480.62774555551
2003		157.575	480.71461636386
2004		157.615	480.83198494394
2005		157.655	480.8180670037
2006		157.695	480.80878341748
2007		157.735	480.6288274094
2008		157.775	480.39668829599
2009		157.815	480.5299579306
2010		157.855	481.51331443748
2011		157.895	-nan
2012		157.935	-nan
2013		157.975	-nan
2014		158.015	-nan
2015		158.055	-nan
2016		158.095	-nan
2017		158.135	-nan
2018		158.175	-nan
2019		158.215	-nan
2020		158.255	-nan
2021		158.295	483.71399270298
2022		158.335	482.99399595422
2023		158.375	482.19540236135
2024		158.415	482.29146273791
2025		158.455	482.43613233046
2026		158.495	482.45955443533
2027		158.535	482.46435504128
2028		158.575	482.37147658869
2029		158.615	482.44403337451
2030		158.655	482.36543434714
2031		158.695	482.45345531994
2032		158.735	-nan
2033		158.775	482.56609952198
2034		158.815	482.71095146854
2035		158.855	482.89187212692
2036		158.895	483.16147719035
2037		158.935	483.5192057959
2038		158.975	483.76782938913
2039		159.015	483.87719056585
2040		159.055	483.90340032814
2041		159.095	484.36055757128
2042		159.135	485.49304073041
2043		159.175	-nan
2044		159.215	-nan
2045		159.255	-nan
2046		159.295	-nan
2047		159.335	-nan
2048		159.375	-nan
2049		159.415	-nan
2050		159.455	-nan
2051		159.495	-nan
2052		159.535	-nan
2053		159.575	485.34337829817
2054		159.615	484.12087232488
2055		159.655	483.8291755295
2056		159.695	484.0811966255
2057		159.735	484.38245961641
2058		159.775	484.53162412691
2059		159.815	484.65283828288
2060		159.855	484.71991802966
2061		159.895	484.79715834369
2062		159.935	484.90228765532
2063		159.975	484.92612313053
2064		160.015	-nan
2065		160.055	484.91270887266
2066		160.095	484.80971206987
2067		160.135	484.70376955463
2068		160.175	484.68340417985
2069		160.215	484.61509334792
2070		160.255	484.49291652151
2071		160.295	484.14394770696
2072		160.335	483.98463038486
2073		160.375	484.18926151266
2074		160.415	485.21198570601
2075		160.455	-nan
2076		160.495	-nan
2077		160.535	-nan
2078		160.575	-nan
2079		160.615	-nan
2080		160.655	-nan
2081		160.695	-nan
2082		160.735	-nan
2083		160.775	-nan
2084		160.815	-nan
2085		160.855	485.56694481256
2086		160.895	483.97672653936
2087		160.935	483.34365802349
2088		160.975	483.04336421261
2089		161.015	482.87387644301
2090		161.055	482.58767561162
2091		161.095	482.31097207905
2092		161.135	482.0096176947
2093		161.175	481.8697543046
2094		161.215	481.78598409731
2095		161.255	481.66731924742
2096		161.295	-nan
2097		161.335	481.47861940473
2098		161.375	481.38925214274
2099		161.415	481.3319795816
2100		161.455	481.25300953734
2101		161.495	481.15037989035
2102		161.535	480.96879376959
2103		161.575	480.64709058567
2104		161.615	480.28987110913
2105		161.655	480.25531568587
2106		161.695	480.94888479942
2107		161.735	-nan
2108		161.775	-nan
2109		161.815	-nan
2110		161.855	-nan
2111		161.895	-nan
2112		161.935	-nan
2113		161.975	-nan
2114		162.015	-nan
2115		162.055	-nan
2116		162.095	-nan
2117		162.135	477.58916244863
2118		162.175	476.02065277033
2119		162.215	475.378674768
2120		162.255	475.20740295151
2121		162.295	475.07420081945
2122		162.335	474.85237847446
2123		162.375	474.44410467112
2124		162.415	473.97121691564
2125		162.455	473.51023013422
2126		162.495	473.10603111567
2127		162.535	472.59025905019
2128		162.575	-nan
2129		162.615	471.36264493304
2130		162.655	470.81525089874
2131		162.695	470.27338013252
2132		162.735	469.94072208645
2133		162.775	469.58657393783
2134		162.815	469.18913141645
2135		162.855	468.72529975133
2136		162.895	468.33365464155
2137		162.935	468.17115566266
2138		162.975	468.79395286887
2139		163.015	-nan
2140		163.055	-nan
2141		163.095	-nan
2142		163.135	-nan
2143		163.175	-nan
2144		163.215	-nan
2145		163.255	-nan
2146		163.295	-nan
2147		163.335	-nan
2148		163.375	-nan
2149		163.415	464.19383657541
2150		163.455	462.38148946018
2151		163.495	461.41260783243
2152		163.535	460.88061621584
2153		163.575	460.45676643169
2154		163.615	459.90821785349
2155		163.655	459.42666944695
2156		163.695	458.92935752159
2157		163.735	458.48341617411
2158		163.775	458.17487479665
2159		163.815	457.65321978943
2160		163.855	-nan
2161		163.895	456.70759398722
2162		163.935	456.36379688237
2163		163.975	455.85393503154
2164		164.015	455.34797163884
2165		164.055	454.76977618334
2166		164.095	454.11030923268
2167		164.135	453.32206635566
2168		164.175	452.50881765849
2169		164.215	452.03673178999
2170		164.255	452.20045975343
2171		164.295	-nan
2172		164.335	-nan
2173		164.375	-nan
2174		164.415	-nan
2175		164.455	-nan
2176		164.495	-nan
2177		164.535	-nan
2178		164.575	-nan
2179		164.615	-nan
2180		164.655	-nan
2181		164.695	445.16148185259
2182		164.735	443.62025386298
2183		164.775	442.7884063128
2184		164.815	442.26938118969
2185		164.855	441.78174727787
2186		164.895	441.13545935809
2187		164.935	440.4626677434
2188		164.975	439.72804042126
2189		165.015	439.01886767074
2190		165.055	438.3099386766
2191		165.095	437.63494931336
2192		165.135	-nan
2193		165.175	436.22711380272
2194		165.215	435.72129521652
2195		165.255	435.14630065618
2196		165.295	434.68786917088
2197		165.335	434.24696827143
2198		165.375	433.82294661805
2199		165.415	433.34161204318
2200		165.455	432.91379988686
2201		165.495	432.59070549401
2202		165.535	432.9173727414
2203		165.575	-nan
2204		165.615	-nan
2205		165.655	-nan
2206		165.695	-nan
2207		165.735	-nan
2208		165.775	-nan
2209		165.815	-nan
2210		165.855	-nan
2211		165.895	-nan
2212		165.935	-nan
2213		165.975	425.97321367808
2214		166.015	424.58326130347
2215		166.055	423.84042445166
2216		166.095	423.46865238229
2217		166.135	423.16140576389
2218		166.175	422.80121697239
2219		166.215	422.36437238238
2220		166.255	421.91925637504
2221		166.295	421.61604274858
2222		166.335	421.25022560262
2223		166.375	420.91373054443
2224		166.415	-nan
2225		166.455	419.84496734871
2226		166.495	419.29765123305
2227		166.535	418.73157539357
2228		166.575	418.22859394468
2229		166.615	417.66146669571
2230		166.655	417.11998493749
2231		166.695	416.43907267135
2232		166.735	415.87185634863
2233		166.775	415.55038433995
2234		166.815	415.73687441433
2235		166.855	-nan
2236		166.895	-nan
2237		166.935	-nan
2238		166.975	-nan
2239		167.015	-nan
2240		167.055	-nan
2241		167.095	-nan
2242		167.135	-nan
2243		167.175	-nan
2244		167.215	-nan
2245		167.255	411.92530553891
2246		167.295	410.57353617695
2247		167.335	409.74838108317
2248		167.375	409.29925709589
2249		167.415	408.87075569428
2250		167.455	408.3391583582
2251		167.495	407.85008449161
2252		167.535	407.43280953679
2253		167.575	407.08249104412
2254		167.615	406.85777658154
2255		167.655	406.61123166371
2256		167.695	-nan
2257		167.735	406.15152986905
2258		167.775	406.00888161187
2259		167.815	405.83983640867
2260		167.855	405.73245740997
2261		167.895	405.61911932196
2262		167.935	405.41243069396
2263		167.975	405.16508335507
2264		168.015	404.84398611431
2265		168.055	404.62587372485
2266		168.095	404.87091038515
2267		168.135	-nan
2268		168.175	-nan
2269		168.215	-nan
2270		168.255	-nan
2271		168.295	-nan
2272		168.335	-nan
2273		168.375	-nan
2274		168.415	-nan
2275		168.455	-nan
2276		168.495	-nan
2277		168.535	401.2668430636
2278		168.575	400.43823991063
2279		168.615	400.18815433763
2280		168.655	400.23724009591
2281		168.695	400.24581594666
2282		168.735	400.16631913751
2283		168.775	399.9907324554
2284		168.815	399.79948504864
2285		168.855	399.45633528096
2286		168.895	399.27745065758
2287		168.935	399.02279687345
2288		168.975	-nan
2289		169.015	398.46463108255
2290		169.055	398.20224026952
2291		169.095	397.9594950371
2292		169.135	397.82778349037
2293		169.175	397.72707641188
2294		169.215	397.61947448999
2295		169.255	397.52414461882
2296		169.295	397.43559840202
2297		169.335	397.51127373056
2298		169.375	398.0994233414
2299		169.415	-nan
2300		169.455	-nan
2301		169.495	-nan
2302		169.535	-nan
2303		169.575	-nan
2304		169.615	-nan
2305		169.655	-nan
2306		169.695	-nan
2307		169.735	-nan
2308		169.775	-nan
2309		169.815	394.17466355555
2310		169.855	393.11365588493
2311		169.895	392.60912703328
2312		169.935	392.42921554868
2313		169.975	392.24531317088
2314		170.015	392.0930631871
2315		170.055	391.91623070876
2316		170.095	391.86828171579
2317		170.135	391.89044837169
2318		170.175	392.01492327452
2319		170.215	392.16290438702
2320		170.255	-nan
2321		170.295	392.36386482887
2322		170.335	392.3838269286
2323		170.375	392.34746556
2324		170.415	392.26151341843
2325		170.455	392.18867649921
2326		170.495	392.03352164905
2327		170.535	391.77265828118
2328		170.575	391.47504880371
2329		170.615	391.39490415406
2330		170.655	391.77063582873
2331		170.695	-nan
2332		170.735	-nan
2333		170.775	-nan
2334		170.815	-nan
2335		170.855	-nan
2336		170.895	-nan
2337		170.935	-nan
2338		170.975	-nan
2339		171.015	-nan
2340		171.055	-nan
2341		171.095	391.46173899922
2342		171.135	390.75752375918
2343		171.175	390.49524949701
2344		171.215	390.43884021613
2345		171.255	390.33063860514
2346		171.295	390.16801697317
2347		171.335	389.87749608928
2348		171.375	389.65373622909
2349		171.415	389.45814396541
2350		171.455	389.32553326249
2351		171.495	389.12528956533
2352		171.535	-nan
2353		171.575	388.79587670558
2354		171.615	388.76037441704
2355		171.655	388.70716146085
2356		171.695	388.75258845666
2357		171.735	388.91888729569
2358		171.775	389.11154141338
2359		171.815	389.20576762736
2360		171.855	389.27870933405
2361		171.895	389.4808204345
2362		171.935	390.02929132005
2363		171.975	-nan
2364		172.015	-nan
2365		172.055	-nan
2366		172.095	-nan
2367		172.135	-nan
2368		172.175	-nan
2369		172.215	-nan
2370		172.255	-nan
2371		172.295	-nan
2372		172.335	-nan
2373		172.375	387.63790131159
2374		172.415	386.78779594518
2375		172.455	386.44896205728
2376		172.495	386.39903559342
2377		172.535	386.36635902107
2378		172.575	386.35599817594
2379		172.615	386.3063749608
2380		172.655	386.34382450887
2381		172.695	386.35131619045
2382		172.735	386.36138277635
2383		172.775	386.29370190005
2384		172.815	-nan
2385		172.855	385.91960007813
2386		172.895	385.73262644991
2387		172.935	385.45304514585
2388		172.975	385.24967606472
2389		173.015	385.02478772301
2390		173.055	384.73777102251
2391		173.095	384.40049146247
2392		173.135	384.06298914404
2393		173.175	383.85278975972
2394		173.215	384.20949093746
2395		173.255	-nan
2396		173.295	-nan
2397		173.335	-nan
2398		173.375	-nan
2399		173.415	-nan
2400		173.455	-nan
2401		173.495	-nan
2402		173.535	-nan
2403		173.575	-nan
2404		173.615	-nan
2405		173.655	382.62855756286
2406		173.695	381.56915744357
2407		173.735	380.92404156406
2408		173.775	380.43105717866
2409		173.815	380.07089387997
2410		173.855	379.61379160503
2411		173.895	379.13769355412
2412		173.935	378.66912640612
2413		173.975	378.31053217972
2414		174.015	378.02073280146
2415		174.055	377.68751901337
2416		174.095	-nan
2417		174.135	377.16162344428
2418		174.175	377.00103049336
2419		174.215	376.86464523727
2420		174.255	376.79159440691
2421		174.295	376.66377390663
2422		174.335	376.48933116168
2423		174.375	376.21453764761
2424		174.415	375.86547405499
2425		174.455	375.6447101163
2426		174.495	375.82856148217
2427		174.535	-nan
2428		174.575	-nan
2429		174.615	-nan
2430		174.655	-nan
2431		174.695	-nan
2432		174.735	-nan
2433		174.775	-nan
2434		174.815	-nan
2435		174.855	-nan
2436		174.895	-nan
2437		174.935	370.98343224891
2438		174.975	370.10180684242
2439		175.015	369.85348372613
2440		175.055	369.37627343308
2441		175.095	369.1115650943
2442		175.135	368.80409168447
2443		175.175	368.35026836018
2444		175.215	367.94893506487
2445		175.255	367.50704397746
2446		175.295	367.05086121775
2447		175.335	366.49948632153
2448		175.375	-nan
2449		175.415	365.24832335832
2450		175.455	364.69988385638
2451		175.495	364.14428311837
2452		175.535	363.62867480199
2453		175.575	363.20320287799
2454		175.615	362.74901695045
2455		175.655	362.29130676314
2456		175.695	361.88490790861
2457		175.735	361.64408859948
2458		175.775	361.85105137303
2459		175.815	-nan
2460		175.855	-nan
2461		175.895	-nan
2462		175.935	-nan
2463		175.975	-nan
2464		176.015	-nan
2465		176.055	-nan
2466		176.095	-nan
2467		176.135	-nan
2468		176.175	-nan
2469		176.215	357.16272930073
2470		176.255	355.85220889555
2471		176.295	354.9323760404
2472		176.335	354.20897804205
2473		176.375	353.5907563597
2474		176.415	352.98586911284
2475		176.455	352.49132192739
2476		176.495	352.04087296971
2477		176.535	351.65018174533
2478		176.575	351.29561541484
2479		176.615	350.95345369154
2480		176.655	-nan
2481		176.695	350.17864789759
2482		176.735	349.84341933936
2483		176.775	349.45551019586
2484		176.815	349.11825325364
2485		176.855	348.70545799834
2486		176.895	348.24150473996
2487		176.935	347.6964717829
2488		176.975	347.09676923429
2489		177.015	346.62895872069
2490		177.055	346.49516303152
2491		177.095	-nan
2492		177.135	-nan
2493		177.175	-nan
2494		177.215	-nan
2495		177.255	-nan
2496		177.295	-nan
2497		177.335	-nan
2498		177.375	-nan
2499		177.415	-nan
2500		177.455	-nan
2501		177.495	341.57859613085
2502		177.535	340.59736150731
2503		177.575	339.99815825686
2504		177.615	339.56096608417
2505		177.655	339.12253962565
2506		177.695	338.57889654878
2507		177.735	338.02022538682
2508		177.775	337.34396785828
2509		177.815	336.71191981265
2510		177.855	336.00749424705
2511		177.895	335.2694947816
2512		177.935	-nan
2513		177.975	334.00624721563
2514		178.015	333.53576438938
2515		178.055	333.18484016926
2516		178.095	332.92598877288
2517		178.135	332.65709197534
2518		178.175	332.46712924144
2519		178.215	332.24383548055
2520		178.255	331.95556558123
2521		178.295	331.85657506354
2522		178.335	332.01966884054
2523		178.375	-nan
2524		178.415	-nan
2525		178.455	-nan
2526		178.495	-nan
2527		178.535	-nan
2528		178.575	-nan
2529		178.615	-nan
2530		178.655	-nan
2531		178.695	-nan
2532		178.735	-nan
2533		178.775	326.73424689825
2534		178.815	325.74687569033
2535		178.855	325.15656543471
2536		178.895	324.82163381398
2537		178.935	324.52794312086
2538		178.975	324.23265598262
2539		179.015	323.93698056335
2540		179.055	323.68143783838
2541		179.095	323.36351354578
2542		179.135	323.14279666073
2543		179.175	322.80978262708
2544		179.215	-nan
2545		179.255	322.05762878938
2546		179.295	321.79869539529
2547		179.335	321.35179443901
2548		179.375	320.94263585361
2549		179.415	320.46882246461
2550		179.455	319.96987300874
2551		179.495	319.40875435816
2552		179.535	318.9337089554
2553		179.575	318.63553524811
2554		179.615	318.70348445965
2555		179.655	-nan
2556		179.695	-nan
2557		179.735	-nan
2558		179.775	-nan
2559		179.815	-nan
2560		179.855	-nan
2561		179.895	-nan
2562		179.935	-nan
2563		179.975	-nan
2564		180.015	-nan
2565		180.055	316.47499659415
2566		180.095	315.70654902841
2567		180.135	315.14354037287
2568		180.175	314.68804537061
2569		180.215	314.28323305069
2570		180.255	313.81990586234
2571		180.295	313.32495288945
2572		180.335	312.8565621792
2573		180.375	312.46636422825
2574		180.415	312.08434010472
2575		180.455	311.79311101142
2576		180.495	-nan
2577		180.535	311.32230510623
2578		180.575	311.27156454511
2579		180.615	311.19926394761
2580		180.655	311.11074512317
2581		180.695	311.08670404287
2582		180.735	311.04385694539
2583		180.775	310.94592075396
2584		180.815	310.85192201366
2585		180.855	310.83537651805
2586		180.895	311.01238138379
2587		180.935	-nan
2588		180.975	-nan
2589		181.015	-nan
2590		181.055	-nan
2591		181.095	-nan
2592		181.135	-nan
2593		181.175	-nan
2594		181.215	-nan
2595		181.255	-nan
2596		181.295	-nan
2597		181.335	308.01679746798
2598		181.375	307.46339741861
2599		181.415	307.2503733183
2600		181.455	307.18571601386
2601		181.495	307.13307462553
2602		181.535	307.01585236713
2603		181.575	306.87589908193
2604		181.615	306.65333781727
2605		181.655	306.47701685571
2606		181.695	306.22741235115
2607		181.735	305.87730226393
2608		181.775	-nan
2609		181.815	305.26241646899
2610		181.855	304.97715570623
2611		181.895	304.6997666768
2612		181.935	304.4494274637
2613		181.975	304.15803213553
2614		182.015	304.0458960411
2615		182.055	303.86355009873
2616		182.095	303.77771312876
2617		182.135	303.80863181998
2618		182.175	304.15200652115
2619		182.215	-nan
2620		182.255	-nan
2621		182.295	-nan
2622		182.335	-nan
2623		182.375	-nan
2624		182.415	-nan
2625		182.455	-nan
2626		182.495	-nan
2627		182.535	-nan
2628		182.575	-nan
2629		182.615	303.38849644087
2630		182.655	302.61773416091
2631		182.695	302.12111842269
2632		182.735	301.82390710695
2633		182.775	301.59201937567
2634		182.815	301.32665812591
2635		182.855	301.12589962364
2636		182.895	300.92981743878
2637		182.935	300.8152459363
2638		182.975	300.7397553398
2639		183.015	300.7208826152
2640		183.055	-nan
2641		183.095	300.69735170654
2642		183.135	300.74157951837
2643		183.175	300.7398177716
2644		183.215	300.71194704623
2645		183.255	300.66058124841
2646		183.295	300.53462801671
2647		183.335	300.31042045447
2648		183.375	300.11158553358
2649		183.415	300.00232882761
2650		183.455	300.066587302
2651		183.495	-nan
2652		183.535	-nan
2653		183.575	-nan
2654		183.615	-nan
2655		183.655	-nan
2656		183.695	-nan
2657		183.735	-nan
2658		183.775	-nan
2659		183.815	-nan
2660		183.855	-nan
2661		183.895	299.19505866538
2662		183.935	298.79068766855
2663		183.975	298.71358336536
2664		184.015	298.6890207159
2665		184.055	298.65146113278
2666		184.095	298.44994612488
2667		184.135	298.1701050451
2668		184.175	297.86435689706
2669		184.215	297.46076016648
2670		184.255	297.10881888578
2671		184.295	296.65345443966
2672		184.335	-nan
2673		184.375	295.98640899942
2674		184.415	295.82168610317
2675		184.455	295.59739752893
2676		184.495	295.45527484667
2677		184.535	295.34922629283
2678		184.575	295.33325827776
2679		184.615	295.29791562967
2680		184.655	295.32083279174
2681		184.695	295.45151228018
2682		184.735	295.75742284167
2683		184.775	-nan
2684		184.815	-nan
2685		184.855	-nan
2686		184.895	-nan
2687		184.935	-nan
2688		184.975	-nan
2689		185.015	-nan
2690		185.055	-nan
2691		185.095	-nan
2692		185.135	-nan
2693		185.175	293.50457828446
2694		185.215	292.93928432019
2695		185.255	292.48520798942
2696		185.295	292.25240122277
2697		185.335	292.04301513855
2698		185.375	291.8547645854
2699		185.415	291.70611205759
2700		185.455	291.5136045323
2701		185.495	291.42760520513
2702		185.535	291.3132296412
2703		185.575	291.16786747043
2704		185.615	-nan
2705		185.655	290.79376833386
2706		185.695	290.58119679202
2707		185.735	290.24038410746
2708		185.775	289.88774245056
2709		185.815	289.54979129422
2710		185.855	289.15146407538
2711		185.895	288.74276550091
2712		185.935	288.36872667004
2713		185.975	288.12074003989
2714		186.015	288.14534152755
2715		186.055	-nan
2716		186.095	-nan
2717		186.135	-nan
2718		186.175	-nan
2719		186.215	-nan
2720		186.255	-nan
2721		186.295	-nan
2722		186.335	-nan
2723		186.375	-nan
2724		186.415	-nan
2725		186.455	286.86518454141
2726		186.495	286.22690089605
2727		186.535	285.77697366631
2728		186.575	285.40393111522
2729		186.615	285.00072534908
2730		186.655	284.51641281264
2731		186.695	284.01928277306
2732		186.735	283.51200772156
2733		186.775	283.06729152536
2734		186.815	282.63055415429
2735		186.855	282.18044185486
2736		186.895	-nan
2737		186.935	281.38704501807
2738		186.975	281.11793851443
2739		187.015	280.89587660694
2740		187.055	280.71956986646
2741		187.095	280.56893042289
2742		187.135	280.40925975965
2743		187.175	280.26271882537
2744		187.215	280.10410434191
2745		187.255	279.83856609424
2746		187.295	279.81192827947
2747		187.335	-nan
2748		187.375	-nan
2749		187.415	-nan
2750		187.455	-nan
2751		187.495	-nan
2752		187.535	-nan
2753		187.575	-nan
2754		187.615	-nan
2755		187.655	-nan
2756		187.695	-nan
2757		187.735	226.95225469685
2758		187.775	224.9576624988
2759		187.815	224.29314058809
2760		187.855	224.14986425329
2761		187.895	224.12475215201
2762		187.935	224.00240595263
2763		187.975	223.67742072876
2764		188.015	223.37641568269
2765		188.055	223.16846153946
2766		188.095	222.95621244373
2767		188.135	222.74150835979
2768		188.175	-nan
2769		188.215	222.02809802972
2770		188.255	221.62855624052
2771		188.295	221.30953213074
2772		188.335	221.0882988698
2773		188.375	220.88386506979
2774		188.415	220.63106917064
2775		188.455	220.27697191566
2776		188.495	219.91733780044
2777		188.535	219.98471146967
2778		188.575	221.16523482913
2779		188.615	-nan
2780		188.655	-nan
2781		188.695	-nan
2782		188.735	-nan
2783		188.775	-nan
2784		188.815	-nan
2785		188.855	-nan
2786		188.895	-nan
2787		188.935	-nan
2788		188.975	-nan
2789		189.015	220.67522148674
2790		189.055	218.70825741445
2791		189.095	217.93499572134
2792		189.135	217.67787258389
2793		189.175	217.4515519526
2794		189.215	217.19000848321
2795		189.255	216.81696631448
2796		189.295	216.45028276845
2797		189.335	216.19215868993
2798		189.375	216.04672910794
2799		189.415	215.90676007495
2800		189.455	-nan
2801		189.495	215.44371340177
2802		189.535	215.21576622066
2803		189.575	215.01582695469
2804		189.615	214.90959703694
2805		189.655	214.81198489257
2806		189.695	214.64519498743
2807		189.735	214.29733485317
2808		189.775	213.98751200492
2809		189.815	214.02521131664
2810		189.855	214.98157102465
2811		189.895	-nan
2812		189.935	-nan
2813		189.975	-nan
2814		190.015	-nan
2815		190.055	-nan
2816		190.095	-nan
2817		190.135	-nan
2818		190.175	-nan
2819		190.215	-nan
2820		190.255	-nan
2821		190.295	214.03875898255
2822		190.335	212.442195094
2823		190.375	211.88405260947
2824		190.415	211.82345211002
2825		190.455	211.79342673204
2826		190.495	211.58957379352
2827		190.535	211.30370601902
2828		190.575	211.00621121481
2829		190.615	210.74119741231
2830		190.655	210.52754430766
2831		190.695	210.25104694705
2832		190.735	-nan
2833		190.775	209.56478971485
2834		190.815	209.22397610952
2835		190.855	208.93249627536
2836		190.895	208.77401484178
2837		190.935	208.67003245582
2838		190.975	208.53753290357
2839		191.015	208.2915637882
2840		191.055	208.05875490256
2841		191.095	208.23461981976
2842		191.135	209.30775961476
2843		191.175	-nan
2844		191.215	-nan
2845		191.255	-nan
2846		191.295	-nan
2847		191.335	-nan
2848		191.375	-nan
2849		191.415	-nan
2850		191.455	-nan
2851		191.495	-nan
2852		191.535	-nan
2853		191.575	208.71833066414
2854		191.615	207.10524371977
2855		191.655	206.54020976936
2856		191.695	206.32076999037
2857		191.735	206.23899530109
2858		191.775	206.12619227218
2859		191.815	205.92152631706
2860		191.855	205.78870338328
2861		191.895	205.72001203328
2862		191.935	205.71331110836
2863		191.975	205.69773083614
2864		192.015	-nan
2865		192.055	205.39672963237
2866		192.095	205.22664196509
2867		192.135	205.01407437743
2868		192.175	204.91476922108
2869		192.215	204.7897135547
2870		192.255	204.60980928194
2871		192.295	204.30783990869
2872		192.335	204.02955268731
2873		192.375	204.05671895875
2874		192.415	205.01217676843
2875		192.455	-nan
2876		192.495	-nan
2877		192.535	-nan
2878		192.575	-nan
2879		192.615	-nan
2880		192.655	-nan
2881		192.695	-nan
2882		192.735	-nan
2883		192.775	-nan
2884		192.815	-nan
2885		192.855	205.44764981028
2886		192.895	204.01059969865
2887		192.935	203.55237555181
2888		192.975	203.52068896906
2889		193.015	203.51043984269
2890		193.055	203.41042845031
2891		193.095	203.18385313668
2892		193.135	202.98511509957
2893		193.175	202.78838242762
2894		193.215	202.66605671306
2895		193.255	202.53851473027
2896		193.295	-nan
2897		193.335	202.18844420302
2898		193.375	202.0232777023
2899		193.415	201.97833386813
2900		193.455	201.99492391311
2901		193.495	202.08432499906
2902		193.535	202.07976247341
2903		193.575	202.00522897632
2904		193.615	201.94376827151
2905		193.655	202.18877225847
2906		193.695	203.25406928368
2907		193.735	-nan
2908		193.775	-nan
2909		193.815	-nan
2910		193.855	-nan
2911		193.895	-nan
2912		193.935	-nan
2913		193.975	-nan
2914		194.015	-nan
2915		194.055	-nan
2916		194.095	-nan
2917		194.135	203.34832160109
2918		194.175	202.02986722568
2919		194.215	201.65630979429
2920		194.255	201.76401601816
2921		194.295	201.88965794053
2922		194.335	201.92994580541
2923		194.375	201.89980430298
2924		194.415	201.86540397921
2925		194.455	202.0152135606
2926		194.495	201.89677820448
2927		194.535	201.90705454631
2928		194.575	-nan
2929		194.615	201.69133766675
2930		194.655	201.52796400045
2931		194.695	201.40516010495
2932		194.735	201.34748978272
2933		194.775	201.24168574374
2934		194.815	201.15602072298
2935		194.855	200.92219027755
2936		194.895	200.73842353702
2937		194.935	200.91184848303
2938		194.975	201.93664289466
2939		195.015	-nan
2940		195.055	-nan
2941		195.095	-nan
2942		195.135	-nan
2943		195.175	-nan
2944		195.215	-nan
2945		195.255	-nan
2946		195.295	-nan
2947		195.335	-nan
2948		195.375	-nan
2949		195.415	203.23960042433
2950		195.455	201.87684570605
2951		195.495	201.44172072979
2952		195.535	201.42261290483
2953		195.575	201.42849909597
2954		195.615	201.39127536417
2955		195.655	201.28374750341
2956		195.695	201.1690495232
2957		195.735	201.12958263886
2958		195.775	201.13720819253
2959		195.815	201.18052563141
2960		195.855	-nan
2961		195.895	201.15224836307
2962		195.935	201.07818026648
2963		195.975	201.04996025115
2964		196.015	201.09035518948
2965		196.055	201.17392413573
2966		196.095	201.1766424021
2967		196.135	201.12115729368
2968		196.175	201.01645712042
2969		196.215	201.20421586666
2970		196.255	202.2186878353
2971		196.295	-nan
2972		196.335	-nan
2973		196.375	-nan
2974		196.415	-nan
2975		196.455	-nan
2976		196.495	-nan
2977		196.535	-nan
2978		196.575	-nan
2979		196.615	-nan
2980		196.655	-nan
2981		196.695	202.88313609387
2982		196.735	201.64474092426
2983		196.775	201.34714323808
2984		196.815	201.5009330629
2985		196.855	201.63498726846
2986		196.895	201.72840466107
2987		196.935	201.67168831586
2988		196.975	201.57730246875
2989		197.015	201.51664051143
2990		197.055	201.47945849789
2991		197.095	201.41279499859
2992		197.135	-nan
2993		197.175	201.05669712416
2994		197.215	200.9036975723
2995		197.255	200.77919302954
2996		197.295	200.72270620657
2997		197.335	200.72179441475
2998		197.375	200.70462541538
2999		197.415	200.55575398026
3000		197.455	200.46712050112
3001		197.495	200.6538450446
3002		197.535	201.69093205924
3003		197.575	-nan
3004		197.615	-nan
3005		197.655	-nan
3006		197.695	-nan
3007		197.735	-nan
3008		197.775	-nan
3009		197.815	-nan
3010		197.855	-nan
3011		197.895	-nan
3012		197.935	-nan
3013		197.975	202.53322691645
3014		198.015	201.18334592297
3015		198.055	200.76297649272
3016		198.095	200.76767814158
3017		198.135	200.82839777853
3018		198.175	200.8122705458
3019		198.215	200.77069743221
3020		198.255	200.71314759817
3021		198.295	200.72357025674
3022		198.335	200.80167525191
3023		198.375	200.88158205762
3024		198.415	-nan
3025		198.455	200.81760154241
3026		198.495	200.71471732459
3027		198.535	200.63794096352
3028		198.575	200.58143542013
3029		198.615	200.5478683767
3030		198.655	200.45787087173
3031		198.695	200.20279512098
3032		198.735	199.94425002508
3033		198.775	200.0025789785
3034		198.815	200.84806537064
3035		198.855	-nan
3036		198.895	-nan
3037		198.935	-nan
3038		198.975	-nan
3039		199.015	-nan
3040		199.055	-nan
3041		199.095	-nan
3042		199.135	-nan
3043		199.175	-nan
3044		199.215	-nan
3045		199.255	201.58632121581
3046		199.295	200.36325879069
3047		199.335	200.02568700725
3048		199.375	200.11639456187
3049		199.415	200.16370854377
3050		199.455	200.08770204816
3051		199.495	199.92157657365
3052		199.535	199.75881420468
3053		199.575	199.63664098539
3054		199.615	199.52550075748
3055		199.655	199.41695133843
3056		199.695	-nan
3057		199.735	199.06640674258
3058		199.775	198.90307734066
3059		199.815	198.83429868931
3060		199.855	198.78451587154
3061		199.895	198.7870415866
3062		199.935	198.7871754599
3063		199.975	198.65442009938
3064		200.015	200.3697240888
3065		200.055	198.73830006409
3066		200.095	199.62164009316
3067		200.135	-nan
3068		200.175	-nan
3069		200.215	-nan
3070		200.255	-nan
3071		200.295	-nan
3072		200.335	-nan
3073		200.375	-nan
3074		200.415	-nan
3075		200.455	-nan
3076		200.495	-nan
3077		200.535	198.68883144443
3078		200.575	197.38805865464
3079		200.615	197.03889640656
3080		200.655	197.0769328587
3081		200.695	197.18923732937
3082		200.735	197.19111981279
3083		200.775	197.16073935041
3084		200.815	197.14867008494
3085		200.855	197.18255009048
3086		200.895	197.25618221429
3087		200.935	197.28207559272
3088		200.975	-nan
3089		201.015	197.11375674515
3090		201.055	196.94623113831
3091		201.095	196.79357519757
3092		201.135	196.68984023754
3093		201.175	196.56548035855
3094		201.215	196.39161957645
3095		201.255	196.1812673905
3096		201.295	195.949145468
3097		201.335	196.04634976359
3098		201.375	196.84465632649
3099		201.415	-nan
3100		201.455	-nan
3101		201.495	-nan
3102		201.535	-nan
3103		201.575	-nan
3104		201.615	-nan
3105		201.655	-nan
3106		201.695	-nan
3107		201.735	-nan
3108		201.775	-nan
3109		201.815	197.6548093122
3110		201.855	196.42575087202
3111		201.895	196.03331804247
3112		201.935	196.0280214838
3113		201.975	196.08850595536
3114		202.015	196.01373072528
3115		202.055	195.90517632738
3116		202.095	195.7811524799
3117		202.135	195.72383085254
3118		202.175	195.72396862915
3119		202.215	195.75049584266
3120		202.255	-nan
3121		202.295	195.59803315381
3122		202.335	195.52736119116
3123		202.375	195.53418988652
3124		202.415	195.63422318547
3125		202.455	195.69927361948
3126		202.495	195.73772302447
3127		202.535	195.62064802416
3128		202.575	195.52266381435
3129		202.615	195.67941514031
3130		202.655	196.49105736461
3131		202.695	-nan
3132		202.735	-nan
3133		202.775	-nan
3134		202.815	-nan
3135		202.855	-nan
3136		202.895	-nan
3137		202.935	-nan
3138		202.975	-nan
3139		203.015	-nan
3140		203.055	-nan
3141		203.095	196.71287989128
3142		203.135	195.67010627504
3143		203.175	195.44357634613
3144		203.215	195.56817346958
3145		203.255	195.7669052252
3146		203.295	195.85998641016
3147		203.335	195.88876483866
3148		203.375	195.85498052984
3149		203.415	195.86846316458
3150		203.455	195.89545520776
3151		203.495	195.91947080977
3152		203.535	-nan
3153		203.575	195.76689965937
3154		203.615	195.63519905496
3155		203.655	195.56055792111
3156		203.695	195.57537370486
3157		203.735	195.57684997473
3158		203.775	195.52486214506
3159		203.815	195.44002339657
3160		203.855	195.33053050403
3161		203.895	195.52105780582
3162		203.935	196.42041633332
3163		203.975	-nan
3164		204.015	-nan
3165		204.055	-nan
3166		204.095	-nan
3167		204.135	-nan
3168		204.175	-nan
3169		204.215	-nan
3170		204.255	-nan
3171		204.295	-nan
3172		204.335	-nan
3173		204.375	197.65972856246
3174		204.415	196.59827933892
3175		204.455	196.32372189212
3176		204.495	196.3979432236
3177		204.535	196.52209927601
3178		204.575	196.55234914789
3179		204.615	196.59773280296
3180		204.655	196.61100605713
3181		204.695	196.75436135526
3182		204.735	196.92546157501
3183		204.775	197.11560340943
3184		204.815	-nan
3185		204.855	197.34913147609
3186		204.895	197.44592409115
3187		204.935	197.55615366422
3188		204.975	197.6514538106
3189		205.015	197.72580118942
3190		205.055	197.77657590954
3191		205.095	197.69394416529
3192		205.135	197.59396748637
3193		205.175	197.77204069596
3194		205.215	198.54254778588
3195		205.255	-nan
3196		205.295	-nan
3197		205.335	-nan
3198		205.375	-nan
3199		205.415	-nan
3200		205.455	-nan
3201		205.495	-nan
3202		205.535	-nan
3203		205.575	-nan
3204		205.615	-nan
3205		205.655	199.97508379868
3206		205.695	199.08560317713
3207		205.735	198.92090935999
3208		205.775	199.13808905761
3209		205.815	199.35931216162
3210		205.855	199.48456053753
3211		205.895	199.51026141362
3212		205.935	199.57368449737
3213		205.975	199.59109862662
3214		206.015	199.73031335259
3215		206.055	199.77751123831
3216		206.095	-nan
3217		206.135	199.85178105953
3218		206.175	199.84928705013
3219		206.215	199.88440183742
3220		206.255	200.01653349291
3221		206.295	200.15276432533
3222		206.335	200.25608187636
3223		206.375	200.33782311934
3224		206.415	200.39526716398
3225		206.455	200.60669813971
3226		206.495	201.47197389871
3227		206.535	-nan
3228		206.575	-nan
3229		206.615	-nan
3230		206.655	-nan
3231		206.695	-nan
3232		206.735	-nan
3233		206.775	-nan
3234		206.815	-nan
3235		206.855	-nan
3236		206.895	-nan
3237		206.935	146.25023883536
3238		206.975	144.62396011206
3239		207.015	144.18168142257
3240		207.055	144.34358064713
3241		207.095	144.5438164108
3242		207.135	144.63106824761
3243		207.175	144.62987231403
3244		207.215	144.65211121296
3245		207.255	144.75907219782
3246		207.295	144.94528914955
3247		207.335	145.14562761154
3248		207.375	-nan
3249		207.415	145.25505844489
3250		207.455	145.2558785988
3251		207.495	145.24388476977
3252		207.535	145.36061516651
3253		207.575	145.47260634511
3254		207.615	145.49031509492
3255		207.655	145.39579217565
3256		207.695	145.27679859962
3257		207.735	145.57347731108
3258		207.775	146.85990105933
3259		207.815	-nan
3260		207.855	-nan
3261		207.895	-nan
3262		207.935	-nan
3263		207.975	-nan
3264		208.015	-nan
3265		208.055	-nan
3266		208.095	-nan
3267		208.135	-nan
3268		208.175	-nan
3269		208.215	148.87081689626
3270		208.255	147.25700650786
3271		208.295	146.84194517169
3272		208.335	147.05916392048
3273		208.375	147.08534940895
3274		208.415	147.13660864961
3275		208.455	147.08710923935
3276		208.495	147.05642159191
3277		208.535	147.08740459578
3278		208.575	147.18438717258
3279		208.615	147.30925037058
3280		208.655	-nan
3281		208.695	147.34947826739
3282		208.735	147.31870468388
3283		208.775	147.33281642562
3284		208.815	147.46219901247
3285		208.855	147.6485297382
3286		208.895	147.72295692633
3287		208.935	147.6835906662
3288		208.975	147.65028232829
3289		209.015	147.97326788997
3290		209.055	149.28390371681
3291		209.095	-nan
3292		209.135	-nan
3293		209.175	-nan
3294		209.215	-nan
3295		209.255	-nan
3296		209.295	-nan
3297		209.335	-nan
3298		209.375	-nan
3299		209.415	-nan
3300		209.455	-nan
3301		209.495	150.93045278031
3302		209.535	149.31271172197
3303		209.575	148.86894352505
3304		209.615	149.0089869016
3305		209.655	149.21703129187
3306		209.695	149.28823696218
3307		209.735	149.2439972655
3308		209.775	149.23540567124
3309		209.815	149.28683679013
3310		209.855	149.38000730077
3311		209.895	149.46089853385
3312		209.935	-nan
3313		209.975	149.4413885878
3314		210.015	149.31714894493
3315		210.055	149.33905072912
3316		210.095	149.35758978665
3317		210.135	149.47263090563
3318		210.175	149.4385291561
3319		210.215	149.30140634685
3320		210.255	149.19778206614
3321		210.295	149.44905757651
3322		210.335	150.70196749032
3323		210.375	-nan
3324		210.415	-nan
3325		210.455	-nan
3326		210.495	-nan
3327		210.535	-nan
3328		210.575	-nan
3329		210.615	-nan
3330		210.655	-nan
3331		210.695	-nan
3332		210.735	-nan
3333		210.775	152.51332229187
3334		210.815	150.82210035137
3335		210.855	150.30104445064
3336		210.895	150.27679720751
3337		210.935	150.33666134613
3338		210.975	150.33920484661
3339		211.015	150.23848174651
3340		211.055	150.11856471477
3341		211.095	150.11078463209
3342		211.135	150.18689226573
3343		211.175	150.28900060367
3344		211.215	-nan
3345		211.255	150.25685566513
3346		211.295	150.17908522253
3347		211.335	150.16059889906
3348		211.375	150.21243955715
3349		211.415	150.29267239274
3350		211.455	150.31714614486
3351		211.495	150.15493907567
3352		211.535	150.00722191948
3353		211.575	150.25030525051
3354		211.615	151.45197308145
3355		211.655	-nan
3356		211.695	-nan
3357		211.735	-nan
3358		211.775	-nan
3359		211.815	-nan
3360		211.855	-nan
3361		211.895	-nan
3362		211.935	-nan
3363		211.975	-nan
3364		212.015	-nan
3365		212.055	152.9353988893
3366		212.095	151.29783520815
3367		212.135	150.78825237865
3368		212.175	150.82572941926
3369		212.215	150.94718673922
3370		212.255	150.93329722184
3371		212.295	150.8386682319
3372		212.335	150.71796008936
3373		212.375	150.64801587658
3374		212.415	150.65333276098
3375		212.455	150.62310442978
3376		212.495	-nan
3377		212.535	150.37233007235
3378		212.575	150.24983764497
3379		212.615	150.15400137489
3380		212.655	150.1561462416
3381		212.695	150.16587513732
3382		212.735	150.12607019289
3383		212.775	149.97413325541
3384		212.815	149.83065370636
3385		212.855	150.0482821244
3386		212.895	151.22109362231
3387		212.935	-nan
3388		212.975	-nan
3389		213.015	-nan
3390		213.055	-nan
3391		213.095	-nan
3392		213.135	-nan
3393		213.175	-nan
3394		213.215	-nan
3395		213.255	-nan
3396		213.295	-nan
3397		213.335	152.41720537851
3398		213.375	150.74825953255
3399		213.415	150.20230232073
3400		213.455	150.1736373471
3401		213.495	150.22945560444
3402		213.535	150.14189485861
3403		213.575	149.97623109002
3404		213.615	149.91192936155
3405		213.655	149.85386563253
3406		213.695	149.94464306793
3407		213.735	149.99918700495
3408		213.775	-nan
3409		213.815	149.88079444309
3410		213.855	149.79099165089
3411		213.895	149.70694887315
3412		213.935	149.64731163556
3413		213.975	149.64456048212
3414		214.015	149.5431151787
3415		214.055	149.34292574876
3416		214.095	149.12120777337
3417		214.135	149.27295146476
3418		214.175	150.32081352962
3419		214.215	-nan
3420		214.255	-nan
3421		214.295	-nan
3422		214.335	-nan
3423		214.375	-nan
3424		214.415	-nan
3425		214.455	-nan
3426		214.495	-nan
3427		214.535	-nan
3428		214.575	-nan
3429		214.615	151.48208552943
3430		214.655	149.88966780253
3431		214.695	149.35294216696
3432		214.735	149.32841132218
3433		214.775	149.34238420324
3434		214.815	149.2214782374
3435		214.855	149.03364232443
3436		214.895	148.84374886868
3437		214.935	148.76754996537
3438		214.975	148.70309167783
3439		215.015	148.68561629337
3440		215.055	-nan
3441		215.095	148.41132088069
3442		215.135	148.30600273159
3443		215.175	148.22704432384
3444		215.215	148.23499492933
3445		215.255	148.25331214239
3446		215.295	148.242835595
3447		215.335	148.10980511896
3448		215.375	147.96736530616
3449		215.415	148.14968076786
3450		215.455	149.23350539356
3451		215.495	-nan
3452		215.535	-nan
3453		215.575	-nan
3454		215.615	-nan
3455		215.655	-nan
3456		215.695	-nan
3457		215.735	-nan
3458		215.775	-nan
3459		215.815	-nan
3460		215.855	-nan
3461		215.895	149.92059156117
3462		215.935	148.43910337261
3463		215.975	147.90306605049
3464		216.015	147.88265455799
3465		216.055	147.96029802369
3466		216.095	147.89113184955
3467		216.135	147.76596897915
3468		216.175	147.68420174325
3469		216.215	147.66449416402
3470		216.255	147.66659527996
3471		216.295	147.63265981698
3472		216.335	-nan
3473		216.375	147.40910555512
3474		216.415	147.28405266392
3475		216.455	147.19131277331
3476		216.495	147.14285659254
3477		216.535	147.15012272399
3478		216.575	147.07202069945
3479		216.615	146.83749069609
3480		216.655	146.6975132882
3481		216.695	146.83437982975
3482		216.735	147.83580686909
3483		216.775	-nan
3484		216.815	-nan
3485		216.855	-nan
3486		216.895	-nan
3487		216.935	-nan
3488		216.975	-nan
3489		217.015	-nan
3490		217.055	-nan
3491		217.095	-nan
3492		217.135	-nan
3493		217.175	148.75124786209
3494		217.215	147.29229326921
3495		217.255	146.78282682267
3496		217.295	146.7156877883
3497		217.335	146.71780307407
3498		217.375	146.64843421088
3499		217.415	146.51910861286
3500		217.455	146.3757494966
3501		217.495	146.35460736557
3502		217.535	146.32618895883
3503		217.575	146.37364110372
3504		217.615	-nan
3505		217.655	146.25888943854
3506		217.695	146.22759301876
3507		217.735	146.18740226647
3508		217.775	146.23334775256
3509		217.815	146.28208991492
3510		217.855	146.24604679671
3511		217.895	146.12790180952
3512		217.935	145.98255261945
3513		217.975	146.13978411591
3514		218.015	147.10001270271
3515		218.055	-nan
3516		218.095	-nan
3517		218.135	-nan
3518		218.175	-nan
3519		218.215	-nan
3520		218.255	-nan
3521		218.295	-nan
3522		218.335	-nan
3523		218.375	-nan
3524		218.415	-nan
3525		218.455	147.73757528652
3526		218.495	146.38688761372
3527		218.535	145.95648973704
3528		218.575	145.93304073769
3529		218.615	146.00870926047
3530		218.655	145.97741933384
3531		218.695	145.85206744947
3532		218.735	145.74989484991
3533		218.775	145.67226462817
3534		218.815	145.63996743691
3535		218.855	145.62910350597
3536		218.895	-nan
3537		218.935	145.46553514946
3538		218.975	145.37540067354
3539		219.015	145.2761329078
3540		219.055	145.24096331754
3541		219.095	145.2803780883
3542		219.135	145.27168214628
3543		219.175	145.15963083604
3544		219.215	145.04777139916
3545		219.255	145.25146859062
3546		219.295	146.21989038678
3547		219.335	-nan
3548		219.375	-nan
3549		219.415	-nan
3550		219.455	-nan
3551		219.495	-nan
3552		219.535	-nan
3553		219.575	-nan
3554		219.615	-nan
3555		219.655	-nan
3556		219.695	-nan
3557		219.735	146.85905893401
3558		219.775	145.44301982819
3559		219.815	144.96431351133
3560		219.855	144.92606284673
3561		219.895	144.92457605734
3562		219.935	144.88911546559
3563		219.975	144.75339751091
3564		220.015	144.64970516066
3565		220.055	144.64357215046
3566		220.095	144.64058156426
3567		220.135	144.70189922599
3568		220.175	-nan
3569		220.215	144.6011142899
3570		220.255	144.51307595265
3571		220.295	144.4395210952
3572		220.335	144.42551465748
3573		220.375	144.4449324884
3574		220.415	144.40281640825
3575		220.455	144.22532580219
3576		220.495	144.04693942114
3577		220.535	144.20413057995
3578		220.575	145.06778028291
3579		220.615	-nan
3580		220.655	-nan
3581		220.695	-nan
3582		220.735	-nan
3583		220.775	-nan
3584		220.815	-nan
3585		220.855	-nan
3586		220.895	-nan
3587		220.935	-nan
3588		220.975	-nan
3589		221.015	145.5795835036
3590		221.055	144.28646810455
3591		221.095	143.85728201454
3592		221.135	143.81529763694
3593		221.175	143.85809173133
3594		221.215	143.75626209858
3595		221.255	143.60646565916
3596		221.295	143.41160952208
3597		221.335	143.28744664697
3598		221.375	143.22774263791
3599		221.415	143.15301632387
3600		221.455	-nan
3601		221.495	142.93488380439
3602		221.535	142.81216518608
3603		221.575	142.7388359956
3604		221.615	142.70792229069
3605		221.655	142.74620401157
3606		221.695	142.70954948451
3607		221.735	142.56845793548
3608		221.775	142.46354163786
3609		221.815	142.62307658303
3610		221.855	143.49669997513
3611		221.895	-nan
3612		221.935	-nan
3613		221.975	-nan
3614		222.015	-nan
3615		222.055	-nan
3616		222.095	-nan
3617		222.135	-nan
3618		222.175	-nan
3619		222.215	-nan
3620		222.255	-nan
3621		222.295	143.54617313739
3622		222.335	142.25891681189
3623		222.375	141.8141139381
3624		222.415	141.72051933727
3625		222.455	141.72692227291
3626		222.495	141.677999921
3627		222.535	141.4979756515
3628		222.575	141.37228660196
3629		222.615	141.27975837292
3630		222.655	141.22161060574
3631		222.695	141.15441615926
3632		222.735	-nan
3633		222.775	140.9271837686
3634		222.815	140.73495742803
3635		222.855	140.63186949184
3636		222.895	140.49442891366
3637		222.935	140.36388999746
3638		222.975	140.27374080129
3639		223.015	140.04681459003
3640		223.055	139.79483360939
3641		223.095	139.76956085128
3642		223.135	139.86277508017
3643		223.175	-nan
3644		223.215	-nan
3645		223.255	-nan
3646		223.295	-nan
3647		223.335	-nan
3648		223.375	-nan
3649		223.415	-nan
3650		223.455	-nan
3651		223.495	-nan
3652		223.535	-nan
3653		223.575	102.61712421513
3654		223.615	103.08926267549
3655		223.655	102.61214125498
3656		223.695	102.54211116508
3657		223.735	102.70717379708
3658		223.775	102.60666524443
3659		223.815	102.45696236733
3660		223.855	102.27905312645
3661		223.895	102.20340929265
3662		223.935	102.15096115225
3663		223.975	102.11184567361
3664		224.015	-nan
3665		224.055	101.91360948242
3666		224.095	101.76980975917
3667		224.135	101.70566397172
3668		224.175	101.64673564242
3669		224.215	101.6511511824
3670		224.255	101.60456027093
3671		224.295	101.45176188154
3672		224.335	101.29404764464
3673		224.375	101.41033061097
3674		224.415	102.23868492382
3675		224.455	-nan
3676		224.495	-nan
3677		224.535	-nan
3678		224.575	-nan
3679		224.615	-nan
3680		224.655	-nan
3681		224.695	-nan
3682		224.735	-nan
3683		224.775	-nan
3684		224.815	-nan
3685		224.855	103.32364736283
3686		224.895	102.04630613464
3687		224.935	101.62173596116
3688		224.975	101.55988943045
3689		225.015	101.7226839463
3690		225.055	101.48163926464
3691		225.095	101.29878791178
3692		225.135	101.13796855823
3693		225.175	101.02546715554
3694		225.215	100.94105075369
3695		225.255	100.87796599339
3696		225.295	-nan
3697		225.335	100.5978835677
3698		225.375	100.39429165451
3699		225.415	100.28884806476
3700		225.455	100.22762729631
3701		225.495	100.16759427859
3702		225.535	100.05886524758
3703		225.575	99.896608113917
3704		225.615	99.732566442745
3705		225.655	99.843918185387
3706		225.695	100.6486229284
3707		225.735	-nan
3708		225.775	-nan
3709		225.815	-nan
3710		225.855	-nan
3711		225.895	-nan
3712		225.935	-nan
3713		225.975	-nan
3714		226.015	-nan
3715		226.055	-nan
3716		226.095	-nan
3717		226.135	101.44168304889
3718		226.175	100.19685695803
3719		226.215	99.734534248013
3720		226.255	99.661884732858
3721		226.295	99.629718168464
3722		226.335	99.468709100769
3723		226.375	99.315417762476
3724		226.415	99.149263344141
3725		226.455	99.054539237489
3726		226.495	98.968880662691
3727		226.535	98.920211423392
3728		226.575	-nan
3729		226.615	98.699214887943
3730		226.655	98.516570142043
3731		226.695	98.393968956868
3732		226.735	98.329856286406
3733		226.775	98.258643436014
3734		226.815	98.142843807951
3735		226.855	97.962312830259
3736		226.895	97.860984073183
3737		226.935	97.856570824745
3738		226.975	98.527169558608
3739		227.015	-nan
3740		227.055	-nan
3741		227.095	-nan
3742		227.135	-nan
3743		227.175	-nan
3744		227.215	-nan
3745		227.255	-nan
3746		227.295	-nan
3747		227.335	-nan
3748		227.375	-nan
3749		227.415	99.251223068734
3750		227.455	98.059090967891
3751		227.495	97.632590337946
3752		227.535	97.583517163486
3753		227.575	97.483093540906
3754		227.615	97.367120062528
3755		227.655	97.146272291496
3756		227.695	96.933826174855
3757		227.735	96.786559516246
3758		227.775	96.681591554186
3759		227.815	96.577308878703
3760		227.855	-nan
3761		227.895	96.27133547751
3762		227.935	96.089335925491
3763		227.975	95.961796014706
3764		228.015	95.825758521002
3765		228.055	95.77048395044
3766		228.095	95.689976790357
3767		228.135	95.520482067675
3768		228.175	95.31214219612
3769		228.215	95.390488552026
3770		228.255	96.069058641896
3771		228.295	-nan
3772		228.335	-nan
3773		228.375	-nan
3774		228.415	-nan
3775		228.455	-nan
3776		228.495	-nan
3777		228.535	-nan
3778		228.575	-nan
3779		228.615	-nan
3780		228.655	-nan
3781		228.695	96.420566028151
3782		228.735	95.280402612111
3783		228.775	94.883333983279
3784		228.815	94.805404364507
3785		228.855	94.73742828776
3786		228.895	94.644890389535
3787		228.935	94.456558435724
3788		228.975	94.298544504306
3789		229.015	94.188204187222
3790		229.055	94.107079288883
3791		229.095	94.091249162324
3792		229.135	-nan
3793		229.175	93.733940803039
3794		229.215	93.576844296337
3795		229.255	93.431035598732
3796		229.295	93.30563802762
3797		229.335	93.218844928176
3798		229.375	93.074464413821
3799		229.415	92.880583779509
3800		229.455	92.722460633281
3801		229.495	92.714321856136
3802		229.535	93.278758589259
3803		229.575	-nan
3804		229.615	-nan
3805		229.655	-nan
3806		229.695	-nan
3807		229.735	-nan
3808		229.775	-nan
3809		229.815	-nan
3810		229.855	-nan
3811		229.895	-nan
3812		229.935	-nan
3813		229.975	93.556595807341
3814		230.015	92.519428814692
3815		230.055	92.104464716645
3816		230.095	92.025934656841
3817		230.135	91.929066880717
3818		230.175	91.801762566058
3819		230.215	91.610361550301
3820		230.255	91.424202553841
3821		230.295	91.320878938481
3822		230.335	91.183812162597
3823		230.375	91.103917332143
3824		230.415	-nan
3825		230.455	90.826192981963
3826		230.495	90.656674931583
3827		230.535	90.543742029249
3828		230.575	90.465751813936
3829		230.615	90.400129313239
3830		230.655	90.278122371012
3831		230.695	90.131505482071
3832		230.735	89.953913269321
3833		230.775	89.979103543882
3834		230.815	90.524861911067
3835		230.855	-nan
3836		230.895	-nan
3837		230.935	-nan
3838		230.975	-nan
3839		231.015	-nan
