0				72.335	-nan
1				72.375	-nan
2				72.415	-nan
3				72.455	-nan
4				72.495	-nan
5				72.535	101.12823295676
6				72.575	101.31672364319
7				72.615	101.73691015926
8				72.655	102.25819570983
9				72.695	102.80120960717
10			72.735	103.30045916882
11			72.775	103.80567559392
12			72.815	104.45466006255
13			72.855	104.96211701576
14			72.895	105.526572628
15			72.935	106.51897927905
16			72.975	-nan
17			73.015	107.56013054488
18			73.055	108.19888760392
19			73.095	108.84897635154
20			73.135	109.50518433895
21			73.175	110.21219957972
22			73.215	110.877148633
23			73.255	111.54009697068
24			73.295	112.20974519062
25			73.335	112.95769508742
26			73.375	113.86176385545
27			73.415	-nan
28			73.455	-nan
29			73.495	-nan
30			73.535	-nan
31			73.575	-nan
32			73.615	-nan
33			73.655	-nan
34			73.695	-nan
35			73.735	-nan
36			73.775	-nan
37			73.815	122.62816157389
38			73.855	123.27549767291
39			73.895	124.16848272818
40			73.935	125.11697656285
41			73.975	126.10178921346
42			74.015	127.10168649393
43			74.055	128.04045702839
44			74.095	128.9866841764
45			74.135	130.02328037052
46			74.175	131.04607339594
47			74.215	132.14604316277
48			74.255	-nan
49			74.295	134.47480170481
50			74.335	135.5216817487
51			74.375	136.65782473651
52			74.415	137.822863258
53			74.455	139.04249609158
54			74.495	140.30594476648
55			74.535	141.56943791472
56			74.575	142.84914244133
57			74.615	144.28478630198
58			74.655	145.78563135909
59			74.695	-nan
60			74.735	-nan
61			74.775	-nan
62			74.815	-nan
63			74.855	-nan
64			74.895	-nan
65			74.935	-nan
66			74.975	-nan
67			75.015	-nan
68			75.055	-nan
69			75.095	160.57103615639
70			75.135	161.82709247208
71			75.175	163.27181359297
72			75.215	164.88230198509
73			75.255	166.57067339201
74			75.295	168.20929918206
75			75.335	169.88734746187
76			75.375	171.56590189026
77			75.415	173.26341116322
78			75.455	175.03933308722
79			75.495	176.82722597916
80			75.535	-nan
81			75.575	180.68554548519
82			75.615	182.41768870577
83			75.655	184.17179902943
84			75.695	186.01766971271
85			75.735	187.81353890911
86			75.775	189.67571911912
87			75.815	191.52901126363
88			75.855	193.33966883126
89			75.895	195.24491407968
90			75.935	197.45285381316
91			75.975	-nan
92			76.015	-nan
93			76.055	-nan
94			76.095	-nan
95			76.135	-nan
96			76.175	-nan
97			76.215	-nan
98			76.255	-nan
99			76.295	-nan
100			76.335	-nan
101			76.375	219.86287115538
102			76.415	221.52909744653
103			76.455	223.45904305089
104			76.495	225.51245454427
105			76.535	227.60889352794
106			76.575	229.65021065362
107			76.615	231.67043698762
108			76.655	233.72774943282
109			76.695	235.809580503
110			76.735	237.91849149479
111			76.775	240.18750076715
112			76.815	-nan
113			76.855	245.04184836834
114			76.895	247.19959189087
115			76.935	249.31543063192
116			76.975	251.55410549644
117			77.015	253.75420650655
118			77.055	255.83854588699
119			77.095	257.84806148336
120			77.135	259.88575564301
121			77.175	261.97074727042
122			77.215	264.2865047658
123			77.255	-nan
124			77.295	-nan
125			77.335	-nan
126			77.375	-nan
127			77.415	-nan
128			77.455	-nan
129			77.495	-nan
130			77.535	-nan
131			77.575	-nan
132			77.615	-nan
133			77.655	284.91814214038
134			77.695	286.02661731068
135			77.735	287.59087299517
136			77.775	289.26717594682
137			77.815	290.93356274366
138			77.855	292.53781523373
139			77.895	293.98414896382
140			77.935	295.47151530129
141			77.975	296.95150252516
142			78.015	298.41553066086
143			78.055	299.77406534383
144			78.095	-nan
145			78.135	302.73965485794
146			78.175	303.92094447064
147			78.215	305.14488922667
148			78.255	306.30329518199
149			78.295	307.4559944522
150			78.335	308.58829126624
151			78.375	309.58751286227
152			78.415	310.56843239519
153			78.455	311.6804167495
154			78.495	313.15130726841
155			78.535	-nan
156			78.575	-nan
157			78.615	-nan
158			78.655	-nan
159			78.695	-nan
160			78.735	-nan
161			78.775	-nan
162			78.815	-nan
163			78.855	-nan
164			78.895	-nan
165			78.935	320.31260528051
166			78.975	319.86120890318
167			79.015	319.8914013805
168			79.055	320.08202689973
169			79.095	320.21933775068
170			79.135	320.3674710746
171			79.175	320.48760219618
172			79.215	320.62136802118
173			79.255	320.78269875342
174			79.295	320.93992896442
175			79.335	321.06441500988
176			79.375	-nan
177			79.415	321.10904967724
178			79.455	321.04885609023
179			79.495	321.0127781432
180			79.535	320.94079527086
181			79.575	320.77842785523
182			79.615	320.53833504011
183			79.655	320.15592532306
184			79.695	319.72360479952
185			79.735	319.39211089833
186			79.775	319.4125691661
187			79.815	-nan
188			79.855	-nan
189			79.895	-nan
190			79.935	-nan
191			79.975	-nan
192			80.015	-nan
193			80.055	-nan
194			80.095	-nan
195			80.135	-nan
196			80.175	-nan
197			80.215	315.05264355296
198			80.255	314.00093797547
199			80.295	313.36147013453
200			80.335	312.86733373081
201			80.375	312.36277598465
202			80.415	311.80488386059
203			80.455	311.16666848002
204			80.495	310.4691047157
205			80.535	309.79240401456
206			80.575	309.09898289068
207			80.615	308.34599330468
208			80.655	-nan
209			80.695	306.75304057449
210			80.735	306.1285692246
211			80.775	305.56847136594
212			80.815	305.06793626822
213			80.855	304.66148289499
214			80.895	304.19702862934
215			80.935	303.7075559446
216			80.975	303.1395495672
217			81.015	302.742066701
218			81.055	302.716061922
219			81.095	-nan
220			81.135	-nan
221			81.175	-nan
222			81.215	-nan
223			81.255	-nan
224			81.295	-nan
225			81.335	-nan
226			81.375	-nan
227			81.415	-nan
228			81.455	-nan
229			81.495	296.49970929391
230			81.535	295.50840794424
231			81.575	294.94743019825
232			81.615	294.54346978207
233			81.655	294.29718063559
234			81.695	293.9474094007
235			81.735	293.66177521282
236			81.775	293.40200576152
237			81.815	293.16256078215
238			81.855	292.90077307621
239			81.895	292.5997087463
240			81.935	-nan
241			81.975	291.91001044238
242			82.015	291.58698697077
243			82.055	291.26573858126
244			82.095	290.94065794617
245			82.135	290.58303812386
246			82.175	290.201484487
247			82.215	289.78241723581
248			82.255	289.44560675018
249			82.295	289.33076700707
250			82.335	289.56753286136
251			82.375	-nan
252			82.415	-nan
253			82.455	-nan
254			82.495	-nan
255			82.535	-nan
256			82.575	-nan
257			82.615	-nan
258			82.655	-nan
259			82.695	-nan
260			82.735	-nan
261			82.775	289.5434879602
262			82.815	289.01689223043
263			82.855	288.75975413368
264			82.895	288.66019706533
265			82.935	288.67695871583
266			82.975	288.71108377706
267			83.015	288.69635997659
268			83.055	288.81196007488
269			83.095	288.95867883017
270			83.135	289.19038176614
271			83.175	289.34369856939
272			83.215	-nan
273			83.255	290.12455196758
274			83.295	290.56931981109
275			83.335	290.99510456004
276			83.375	291.41514761352
277			83.415	291.85655002998
278			83.455	292.25721640047
279			83.495	292.64389631412
280			83.535	292.89436216261
281			83.575	293.32063407651
282			83.615	293.96860638502
283			83.655	-nan
284			83.695	-nan
285			83.735	-nan
286			83.775	-nan
287			83.815	-nan
288			83.855	-nan
289			83.895	-nan
290			83.935	-nan
291			83.975	-nan
292			84.015	-nan
293			84.055	298.56769126478
294			84.095	298.75405765556
295			84.135	299.31259437044
296			84.175	300.02869918104
297			84.215	300.84177052099
298			84.255	301.61244458555
299			84.295	302.27190108517
300			84.335	302.87100364411
301			84.375	303.38825432989
302			84.415	303.87968681738
303			84.455	304.43378950493
304			84.495	-nan
305			84.535	305.91763252732
306			84.575	306.61085001078
307			84.615	307.30196283097
308			84.655	308.03319528216
309			84.695	308.80420379479
310			84.735	309.59666279456
311			84.775	310.45170680883
312			84.815	311.31250317006
313			84.855	312.32585731283
314			84.895	313.67110421655
315			84.935	-nan
316			84.975	-nan
317			85.015	-nan
318			85.055	-nan
319			85.095	-nan
320			85.135	-nan
321			85.175	-nan
322			85.215	-nan
323			85.255	-nan
324			85.295	-nan
325			85.335	323.50715037566
326			85.375	323.72279457121
327			85.415	324.40800533102
328			85.455	325.32529989413
329			85.495	326.29472636417
330			85.535	327.35968590144
331			85.575	328.35541276026
332			85.615	329.33657024452
333			85.655	330.44354903001
334			85.695	331.55853116212
335			85.735	332.71187403045
336			85.775	-nan
337			85.815	335.54493973955
338			85.855	336.66016418185
339			85.895	337.78533865633
340			85.935	338.75960590227
341			85.975	339.68349478638
342			86.015	340.57892560426
343			86.055	341.42596792454
344			86.095	342.20521659165
345			86.135	343.19860538652
346			86.175	344.55382774931
347			86.215	-nan
348			86.255	-nan
349			86.295	-nan
350			86.335	-nan
351			86.375	-nan
352			86.415	-nan
353			86.455	-nan
354			86.495	-nan
355			86.535	-nan
356			86.575	-nan
357			86.615	356.28685530594
358			86.655	356.76376530884
359			86.695	357.58894504116
360			86.735	358.64367247123
361			86.775	359.59249097763
362			86.815	360.40766967969
363			86.855	361.16110349832
364			86.895	361.8385397579
365			86.935	362.52248264736
366			86.975	363.23844600537
367			87.015	363.95091634919
368			87.055	-nan
369			87.095	366.08901311759
370			87.135	366.98373986275
371			87.175	367.88163583249
372			87.215	368.85917111993
373			87.255	369.79380903283
374			87.295	370.74122970353
375			87.335	371.76772336524
376			87.375	372.75889292556
377			87.415	373.82506041933
378			87.455	375.24671946674
379			87.495	-nan
380			87.535	-nan
381			87.575	-nan
382			87.615	-nan
383			87.655	-nan
384			87.695	-nan
385			87.735	-nan
386			87.775	-nan
387			87.815	-nan
388			87.855	-nan
389			87.895	380.62574820873
390			87.935	380.3868259331
391			87.975	380.85761025441
392			88.015	381.46291038967
393			88.055	381.84246961205
394			88.095	382.47869704987
395			88.135	383.03523977657
396			88.175	383.53381409074
397			88.215	384.04006835467
398			88.255	384.502379605
399			88.295	384.93060696107
400			88.335	-nan
401			88.375	385.64842081017
402			88.415	385.75534422265
403			88.455	385.88678625998
404			88.495	385.97032492799
405			88.535	385.81291146515
406			88.575	385.50325137009
407			88.615	385.49099102691
408			88.655	385.43350547638
409			88.695	385.67755220626
410			88.735	386.13182729678
411			88.775	-nan
412			88.815	-nan
413			88.855	-nan
414			88.895	-nan
415			88.935	-nan
416			88.975	-nan
417			89.015	-nan
418			89.055	-nan
419			89.095	-nan
420			89.135	-nan
421			89.175	386.23081192072
422			89.215	385.08026995784
423			89.255	384.38935272062
424			89.295	383.94274319074
425			89.335	383.49606457501
426			89.375	382.93917789887
427			89.415	382.31511322577
428			89.455	381.77664188873
429			89.495	381.34403368477
430			89.535	380.867614955
431			89.575	380.50811325426
432			89.615	-nan
433			89.655	379.9071113419
434			89.695	379.93257180193
435			89.735	379.50454778968
436			89.775	379.22449768167
437			89.815	378.98278210303
438			89.855	378.646992977
439			89.895	378.19557961594
440			89.935	377.6592543684
441			89.975	377.13116052508
442			90.015	376.8587826354
443			90.055	-nan
444			90.095	-nan
445			90.135	-nan
446			90.175	-nan
447			90.215	-nan
448			90.255	-nan
449			90.295	-nan
450			90.335	-nan
451			90.375	-nan
452			90.415	-nan
453			90.455	368.49955157654
454			90.495	367.73730359141
455			90.535	367.05852028497
456			90.575	366.65460529347
457			90.615	366.17850178059
458			90.655	365.44250411528
459			90.695	364.63302281528
460			90.735	363.73419977124
461			90.775	362.87063518479
462			90.815	361.94092796643
463			90.855	360.99105653379
464			90.895	-nan
465			90.935	358.80268709595
466			90.975	357.81350330674
467			91.015	356.8499329151
468			91.055	355.92189084482
469			91.095	355.19216800474
470			91.135	354.52883597547
471			91.175	353.91229607801
472			91.215	353.39225431487
473			91.255	353.06816330121
474			91.295	353.15820510389
475			91.335	-nan
476			91.375	-nan
477			91.415	-nan
478			91.455	-nan
479			91.495	-nan
480			91.535	-nan
481			91.575	-nan
482			91.615	-nan
483			91.655	-nan
484			91.695	-nan
485			91.735	345.07372764368
486			91.775	343.3284664855
487			91.815	342.29549709267
488			91.855	341.65396558665
489			91.895	340.88954170992
490			91.935	340.14655846826
491			91.975	339.32624425492
492			92.015	338.77593288855
493			92.055	338.6517128238
494			92.095	339.34055453041
495			92.135	338.16538243198
496			92.175	-nan
497			92.215	336.77827864553
498			92.255	336.21334482939
499			92.295	335.63698646397
500			92.335	335.00288355024
501			92.375	334.3898991048
502			92.415	333.79412663527
503			92.455	333.12398163036
504			92.495	332.88910535853
505			92.535	331.73760278827
506			92.575	331.26931244706
507			92.615	-nan
508			92.655	-nan
509			92.695	-nan
510			92.735	-nan
511			92.775	-nan
512			92.815	-nan
513			92.855	-nan
514			92.895	-nan
515			92.935	-nan
516			92.975	-nan
517			93.015	327.50180315234
518			93.055	326.83972197331
519			93.095	326.37419481371
520			93.135	325.94496631783
521			93.175	325.46322343503
522			93.215	324.86987873244
523			93.255	324.26698179821
524			93.295	324.25508887857
525			93.335	323.2128665761
526			93.375	322.68677189662
527			93.415	322.18171434424
528			93.455	-nan
529			93.495	321.31976876592
530			93.535	321.04293475023
531			93.575	320.91034618871
532			93.615	320.92079532715
533			93.655	321.48307238586
534			93.695	322.43498032113
535			93.735	321.85791076554
536			93.775	321.41800147871
537			93.815	321.36707011774
538			93.855	321.6064376621
539			93.895	-nan
540			93.935	-nan
541			93.975	-nan
542			94.015	-nan
543			94.055	-nan
544			94.095	-nan
545			94.135	-nan
546			94.175	-nan
547			94.215	-nan
548			94.255	-nan
549			94.295	319.31004951657
550			94.335	318.8733899949
551			94.375	318.66336208765
552			94.415	318.79274058649
553			94.455	319.25447369391
554			94.495	321.25571530353
555			94.535	319.85962098029
556			94.575	319.53747599691
557			94.615	319.79700872497
558			94.655	319.99576331765
559			94.695	320.12219473768
560			94.735	-nan
561			94.775	320.15456804281
562			94.815	320.10804626085
563			94.855	319.85173610767
564			94.895	331.36107265569
565			94.935	320.57558722042
566			94.975	319.97043926819
567			95.015	319.97048836768
568			95.055	320.009035489
569			95.095	320.2829652075
570			95.135	320.83936612214
571			95.175	-nan
572			95.215	-nan
573			95.255	-nan
574			95.295	-nan
575			95.335	-nan
576			95.375	-nan
577			95.415	-nan
578			95.455	-nan
579			95.495	-nan
580			95.535	-nan
581			95.575	325.34184756806
582			95.615	325.09570447051
583			95.655	325.11475290034
584			95.695	325.76676962231
585			95.735	325.23175456638
586			95.775	325.058507928
587			95.815	325.13578398963
588			95.855	325.35754393474
589			95.895	325.71671633956
590			95.935	326.08763322135
591			95.975	326.5407645495
592			96.015	-nan
593			96.055	328.15119446617
594			96.095	330.06569161361
595			96.135	329.72802075136
596			96.175	329.92860481836
597			96.215	330.62450211636
598			96.255	331.24898089961
599			96.295	332.40455087509
600			96.335	332.26970482318
601			96.375	332.66410977009
602			96.415	333.31590480553
603			96.455	-nan
604			96.495	-nan
605			96.535	-nan
606			96.575	-nan
607			96.615	-nan
608			96.655	-nan
609			96.695	-nan
610			96.735	-nan
611			96.775	-nan
612			96.815	-nan
613			96.855	338.52784180212
614			96.895	341.56914352729
615			96.935	339.51699400778
616			96.975	339.55544692351
617			97.015	340.206088422
618			97.055	340.8392169079
619			97.095	341.74761035823
620			97.135	341.81211212197
621			97.175	342.17764694637
622			97.215	342.46137561762
623			97.255	342.66031909388
624			97.295	-nan
625			97.335	343.14990093238
626			97.375	343.22234720203
627			97.415	343.54274441337
628			97.455	344.04005360387
629			97.495	344.62959512728
630			97.535	345.25305494506
631			97.575	345.89580668037
632			97.615	346.54021313545
633			97.655	347.72779630911
634			97.695	351.63216414899
635			97.735	-nan
636			97.775	-nan
637			97.815	-nan
638			97.855	-nan
639			97.895	-nan
640			97.935	-nan
641			97.975	-nan
642			98.015	-nan
643			98.055	-nan
644			98.095	-nan
645			98.135	363.88948726504
646			98.175	354.34168938397
647			98.215	353.93885969283
648			98.255	353.99967263634
649			98.295	354.44563697756
650			98.335	354.81445446925
651			98.375	355.27747320444
652			98.415	355.86744819082
653			98.455	356.64464339499
654			98.495	357.53327319033
655			98.535	357.7158519599
656			98.575	-nan
657			98.615	358.58733863074
658			98.655	359.16550775048
659			98.695	359.9304974673
660			98.735	359.98381217158
661			98.775	360.0260070629
662			98.815	359.90947671911
663			98.855	360.85328769221
664			98.895	373.5472612025
665			98.935	364.5419159533
666			98.975	360.10192708151
667			99.015	-nan
668			99.055	-nan
669			99.095	-nan
670			99.135	-nan
671			99.175	-nan
672			99.215	-nan
673			99.255	-nan
674			99.295	-nan
675			99.335	-nan
676			99.375	-nan
677			99.415	364.38066510727
678			99.455	364.08296307908
679			99.495	364.01375701938
680			99.535	363.97325908774
681			99.575	363.92347238631
682			99.615	363.62935449799
683			99.655	364.06617020867
684			99.695	375.46193615142
685			99.735	364.94287639053
686			99.775	361.97757725733
687			99.815	361.51380484443
688			99.855	-nan
689			99.895	366.62849179299
690			99.935	361.32529021398
691			99.975	361.47182251017
692			100.015	361.72604439482
693			100.055	362.32222521142
694			100.095	367.25563819928
695			100.135	362.93618115133
696			100.175	362.45801929124
697			100.215	363.31602571945
698			100.255	363.29259552344
699			100.295	-nan
700			100.335	-nan
701			100.375	-nan
702			100.415	-nan
703			100.455	-nan
704			100.495	-nan
705			100.535	-nan
706			100.575	-nan
707			100.615	-nan
708			100.655	-nan
709			100.695	359.18543574995
710			100.735	358.09085839916
711			100.775	357.59503452125
712			100.815	357.49602733602
713			100.855	357.62460352405
714			100.895	358.39854561747
715			100.935	357.59534748804
716			100.975	357.111045351
717			101.015	356.81851409966
718			101.055	356.69100956304
719			101.095	358.85830106625
720			101.135	-nan
721			101.175	354.68381387606
722			101.215	353.98970985647
723			101.255	356.2860610023
724			101.295	373.85399016366
725			101.335	358.41725045772
726			101.375	351.00989916608
727			101.415	350.29088607097
728			101.455	349.8689552345
729			101.495	349.70053589442
730			101.535	349.72066771783
731			101.575	-nan
732			101.615	-nan
733			101.655	-nan
734			101.695	-nan
735			101.735	-nan
736			101.775	-nan
737			101.815	-nan
738			101.855	-nan
739			101.895	-nan
740			101.935	-nan
741			101.975	346.19504805915
742			102.015	344.86962755293
743			102.055	343.87141451493
744			102.095	343.2967640255
745			102.135	342.3111206911
746			102.175	341.41810850482
747			102.215	340.72313946914
748			102.255	340.1907404655
749			102.295	339.79844294435
750			102.335	339.06892870288
751			102.375	338.38352560302
752			102.415	-nan
753			102.455	337.60887843811
754			102.495	337.86395552591
755			102.535	337.30187648555
756			102.575	336.76639800425
757			102.615	336.3556392208
758			102.655	335.89400782861
759			102.695	335.42107269874
760			102.735	334.72159499293
761			102.775	334.16740812314
762			102.815	333.86091496711
763			102.855	-nan
764			102.895	-nan
765			102.935	-nan
766			102.975	-nan
767			103.015	-nan
768			103.055	-nan
769			103.095	-nan
770			103.135	-nan
771			103.175	-nan
772			103.215	-nan
773			103.255	328.62180711998
774			103.295	327.97597304598
775			103.335	327.64744837785
776			103.375	327.43708376074
777			103.415	327.22830290593
778			103.455	326.85882708154
779			103.495	326.59460586326
780			103.535	325.63940326425
781			103.575	324.8978376679
782			103.615	324.04900090654
783			103.655	323.25598248986
784			103.695	-nan
785			103.735	321.72093187703
786			103.775	321.07967802229
787			103.815	320.44806331932
788			103.855	319.89132040433
789			103.895	319.48840367886
790			103.935	319.09654346402
791			103.975	318.89969926008
792			104.015	318.78293570147
793			104.055	318.85164720179
794			104.095	319.2763982199
795			104.135	-nan
796			104.175	-nan
797			104.215	-nan
798			104.255	-nan
799			104.295	-nan
800			104.335	-nan
801			104.375	-nan
802			104.415	-nan
803			104.455	-nan
804			104.495	-nan
805			104.535	315.88734694405
806			104.575	314.86228142551
807			104.615	314.34116335581
808			104.655	314.04116732456
809			104.695	314.54952257165
810			104.735	313.74680357245
811			104.775	313.5582419024
812			104.815	313.42333502522
813			104.855	313.37178700271
814			104.895	313.489791039
815			104.935	313.40203426961
816			104.975	-nan
817			105.015	313.47381464434
818			105.055	313.41513560314
819			105.095	313.62958123377
820			105.135	312.82645729379
821			105.175	312.42121737641
822			105.215	312.0041148235
823			105.255	311.61924557145
824			105.295	311.39007312653
825			105.335	311.00916963085
826			105.375	310.98744262721
827			105.415	-nan
828			105.455	-nan
829			105.495	-nan
830			105.535	-nan
831			105.575	-nan
832			105.615	-nan
833			105.655	-nan
834			105.695	-nan
835			105.735	-nan
836			105.775	-nan
837			105.815	312.3161144481
838			105.855	312.10771931377
839			105.895	315.43381834809
840			105.935	312.12419060436
841			105.975	312.04736376801
842			106.015	311.79500615074
843			106.055	311.51789247301
844			106.095	315.12445899389
845			106.135	310.95105251371
846			106.175	310.62463977909
847			106.215	310.51811194682
848			106.255	-nan
849			106.295	317.03071315133
850			106.335	311.17111641599
851			106.375	310.97713448489
852			106.415	311.18908549036
853			106.455	311.54725110509
854			106.495	312.0912515107
855			106.535	312.43493419515
856			106.575	312.89913735388
857			106.615	313.33904761082
858			106.655	313.9246338075
859			106.695	-nan
860			106.735	-nan
861			106.775	-nan
862			106.815	-nan
863			106.855	-nan
864			106.895	-nan
865			106.935	-nan
866			106.975	-nan
867			107.015	-nan
868			107.055	-nan
869			107.095	314.97004292029
870			107.135	315.00095457066
871			107.175	315.35006113116
872			107.215	315.90765791727
873			107.255	316.50922168961
874			107.295	317.61070820288
875			107.335	317.57892170227
876			107.375	318.00179549485
877			107.415	318.56840512087
878			107.455	318.99643138158
879			107.495	319.94230236249
880			107.535	-nan
881			107.575	319.90723811843
882			107.615	319.98435263913
883			107.655	319.9831750506
884			107.695	322.58959553594
885			107.735	320.07840643028
886			107.775	320.09365339143
887			107.815	320.30075982555
888			107.855	320.61720781883
889			107.895	321.68295942715
890			107.935	321.84538611819
891			107.975	-nan
892			108.015	-nan
893			108.055	-nan
894			108.095	-nan
895			108.135	-nan
896			108.175	-nan
897			108.215	-nan
898			108.255	-nan
899			108.295	-nan
900			108.335	-nan
901			108.375	328.73168130952
902			108.415	328.60848767674
903			108.455	328.79070859208
904			108.495	329.03655153795
905			108.535	329.28258743632
906			108.575	329.45577642737
907			108.615	329.62712240489
908			108.655	329.89371106727
909			108.695	330.28836480879
910			108.735	330.88449091757
911			108.775	331.44922146109
912			108.815	-nan
913			108.855	332.99636462766
914			108.895	333.68087279844
915			108.935	334.36413698679
916			108.975	335.02322939805
917			109.015	335.70602793604
918			109.055	336.31784298582
919			109.095	336.80956296311
920			109.135	337.16906680872
921			109.175	337.50848956993
922			109.215	337.95191330988
923			109.255	-nan
924			109.295	-nan
925			109.335	-nan
926			109.375	-nan
927			109.415	-nan
928			109.455	-nan
929			109.495	-nan
930			109.535	-nan
931			109.575	-nan
932			109.615	-nan
933			109.655	342.71267419232
934			109.695	343.1782835122
935			109.735	343.87757943335
936			109.775	344.61778348623
937			109.815	345.21866567137
938			109.855	345.62942533325
939			109.895	345.99792328704
940			109.935	346.24732139578
941			109.975	346.46619728619
942			110.015	346.67751591036
943			110.055	346.74247048676
944			110.095	-nan
945			110.135	346.9511443341
946			110.175	347.02341941051
947			110.215	347.08522297867
948			110.255	347.34528156263
949			110.295	347.73552171507
950			110.335	348.16499665825
951			110.375	348.66193525328
952			110.415	349.15320668128
953			110.455	349.72624275488
954			110.495	350.60882977614
955			110.535	-nan
956			110.575	-nan
957			110.615	-nan
958			110.655	-nan
959			110.695	-nan
960			110.735	-nan
961			110.775	-nan
962			110.815	-nan
963			110.855	-nan
964			110.895	-nan
965			110.935	352.99361325219
966			110.975	352.64880646196
967			111.015	352.59615959816
968			111.055	352.76197262982
969			111.095	353.00171376301
970			111.135	353.3011954666
971			111.175	353.63657343224
972			111.215	354.14664898067
973			111.255	354.67013662652
974			111.295	355.18841304064
975			111.335	355.57839436065
976			111.375	-nan
977			111.415	356.18731602865
978			111.455	356.33914672717
979			111.495	356.36681108698
980			111.535	356.34483033978
981			111.575	356.33711477252
982			111.615	356.2019188524
983			111.655	355.94827218006
984			111.695	355.6273395221
985			111.735	355.37095043232
986			111.775	355.42235445015
987			111.815	-nan
988			111.855	-nan
989			111.895	-nan
990			111.935	-nan
991			111.975	-nan
992			112.015	-nan
993			112.055	-nan
994			112.095	-nan
995			112.135	-nan
996			112.175	-nan
997			112.215	356.84229604743
998			112.255	356.48014823121
999			112.295	356.24396171362
1000		112.335	356.02937755284
1001		112.375	355.71246309821
1002		112.415	355.43380805857
1003		112.455	354.88386366205
1004		112.495	354.45224969571
1005		112.535	354.06480130439
1006		112.575	353.67705395001
1007		112.615	353.1889885653
1008		112.655	-nan
1009		112.695	352.45718218293
1010		112.735	352.34176639534
1011		112.775	352.2799641474
1012		112.815	352.36017840186
1013		112.855	352.39533091978
1014		112.895	352.83887255095
1015		112.935	352.37165736346
1016		112.975	352.16889635958
1017		113.015	352.07619454076
1018		113.055	352.09564239292
1019		113.095	-nan
1020		113.135	-nan
1021		113.175	-nan
1022		113.215	-nan
1023		113.255	-nan
1024		113.295	-nan
1025		113.335	-nan
1026		113.375	-nan
1027		113.415	-nan
1028		113.455	-nan
1029		113.495	347.56263566402
1030		113.535	346.9595672266
1031		113.575	346.64693816429
1032		113.615	346.47442835354
1033		113.655	346.35627544716
1034		113.695	346.30827398852
1035		113.735	346.19627945901
1036		113.775	346.0800551887
1037		113.815	345.86582495314
1038		113.855	345.56871911234
1039		113.895	345.19176203161
1040		113.935	-nan
1041		113.975	343.78889842087
1042		114.015	343.18917336307
1043		114.055	342.55120244498
1044		114.095	341.97784321686
1045		114.135	341.23139966615
1046		114.175	340.59348562048
1047		114.215	339.86401973457
1048		114.255	339.27497271754
1049		114.295	338.94784906274
1050		114.335	338.82228849396
1051		114.375	-nan
1052		114.415	-nan
1053		114.455	-nan
1054		114.495	-nan
1055		114.535	-nan
1056		114.575	-nan
1057		114.615	-nan
1058		114.655	-nan
1059		114.695	-nan
1060		114.735	-nan
1061		114.775	335.69695612807
1062		114.815	334.72507630566
1063		114.855	333.97343808932
1064		114.895	333.36912828557
1065		114.935	332.77998116771
1066		114.975	332.23957470524
1067		115.015	331.79697300913
1068		115.055	331.38742615389
1069		115.095	331.03419900162
1070		115.135	330.68952101474
1071		115.175	330.34662291304
1072		115.215	-nan
1073		115.255	329.79144019096
1074		115.295	329.71315119489
1075		115.335	329.59023276441
1076		115.375	329.49134066717
1077		115.415	329.29502157638
1078		115.455	328.99644389627
1079		115.495	328.58825188673
1080		115.535	328.09458210354
1081		115.575	327.66255724308
1082		115.615	327.4302070826
1083		115.655	-nan
1084		115.695	-nan
1085		115.735	-nan
1086		115.775	-nan
1087		115.815	-nan
1088		115.855	-nan
1089		115.895	-nan
1090		115.935	-nan
1091		115.975	-nan
1092		116.015	-nan
1093		116.055	323.77153325908
1094		116.095	323.35243941268
1095		116.135	323.15913516503
1096		116.175	323.0654125792
1097		116.215	323.014894647
1098		116.255	322.90414233664
1099		116.295	322.74506563359
1100		116.335	322.48601105381
1101		116.375	322.15466722462
1102		116.415	321.79353259027
1103		116.455	321.29006868003
1104		116.495	-nan
1105		116.535	320.3867018968
1106		116.575	320.08144737295
1107		116.615	319.79279166472
1108		116.655	319.59619688267
1109		116.695	319.43817443484
1110		116.735	319.2481971639
1111		116.775	319.1377170487
1112		116.815	319.01957840368
1113		116.855	319.14300945711
1114		116.895	319.55642206954
1115		116.935	-nan
1116		116.975	-nan
1117		117.015	-nan
1118		117.055	-nan
1119		117.095	-nan
1120		117.135	-nan
1121		117.175	-nan
1122		117.215	-nan
1123		117.255	-nan
1124		117.295	-nan
1125		117.335	318.14726422492
1126		117.375	317.58781930538
1127		117.415	317.32453093621
1128		117.455	317.23994154143
1129		117.495	317.25675350806
1130		117.535	317.39563735215
1131		117.575	317.54394901829
1132		117.615	317.69222874911
1133		117.655	317.91393572302
1134		117.695	318.1032915307
1135		117.735	318.19462680392
1136		117.775	-nan
1137		117.815	318.610900315
1138		117.855	318.82159426659
1139		117.895	318.93420341186
1140		117.935	318.94171845569
1141		117.975	318.89930669512
1142		118.015	318.74450459951
1143		118.055	318.56487546382
1144		118.095	318.39523111322
1145		118.135	318.3532085765
1146		118.175	318.62216067617
1147		118.215	-nan
1148		118.255	-nan
1149		118.295	-nan
1150		118.335	-nan
1151		118.375	-nan
1152		118.415	-nan
1153		118.455	-nan
1154		118.495	-nan
1155		118.535	-nan
1156		118.575	-nan
1157		118.615	321.18279754836
1158		118.655	321.0811641826
1159		118.695	321.24278047263
1160		118.735	321.46182881263
1161		118.775	321.72197884737
1162		118.815	321.90633832647
1163		118.855	322.0169139833
1164		118.895	322.07760482882
1165		118.935	322.14037628148
1166		118.975	322.18109868744
1167		119.015	322.27205627119
1168		119.055	-nan
1169		119.095	322.97712038026
1170		119.135	323.42349918097
1171		119.175	323.84322040959
1172		119.215	324.28795760935
1173		119.255	324.73887662732
1174		119.295	325.19730490133
1175		119.335	325.65792207801
1176		119.375	326.0493178938
1177		119.415	326.51710297192
1178		119.455	327.23249649995
1179		119.495	-nan
1180		119.535	-nan
1181		119.575	-nan
1182		119.615	-nan
1183		119.655	-nan
1184		119.695	-nan
1185		119.735	-nan
1186		119.775	-nan
1187		119.815	-nan
1188		119.855	-nan
1189		119.895	330.28716472726
1190		119.935	330.43205033401
1191		119.975	330.73679412518
1192		120.015	331.50164765032
1193		120.055	332.03307603877
1194		120.095	332.71670763095
1195		120.135	333.35090419468
1196		120.175	333.92588948979
1197		120.215	334.52830573295
1198		120.255	334.99240424781
1199		120.295	335.44561737259
1200		120.335	-nan
1201		120.375	336.50874556961
1202		120.415	336.91589061431
1203		120.455	337.20888845645
1204		120.495	337.49346107016
1205		120.535	337.7734581808
1206		120.575	338.00343564105
1207		120.615	338.3262816712
1208		120.655	338.72453656345
1209		120.695	339.28009106193
1210		120.735	340.10394196422
1211		120.775	-nan
1212		120.815	-nan
1213		120.855	-nan
1214		120.895	-nan
1215		120.935	-nan
1216		120.975	-nan
1217		121.015	-nan
1218		121.055	-nan
1219		121.095	-nan
1220		121.135	-nan
1221		121.175	346.42099183914
1222		121.215	346.388197904
1223		121.255	346.64222761128
1224		121.295	347.08017976882
1225		121.335	347.5535056913
1226		121.375	347.95631856458
1227		121.415	348.33058312842
1228		121.455	348.76722034441
1229		121.495	349.31858225493
1230		121.535	349.84158128584
1231		121.575	350.31105777643
1232		121.615	-nan
1233		121.655	351.78210473293
1234		121.695	352.47849763463
1235		121.735	353.10201009205
1236		121.775	353.67285566879
1237		121.815	354.17966500289
1238		121.855	354.64983758948
1239		121.895	355.03475302318
1240		121.935	355.39870479693
1241		121.975	355.78440680562
1242		122.015	356.41176844572
1243		122.055	-nan
1244		122.095	-nan
1245		122.135	-nan
1246		122.175	-nan
1247		122.215	-nan
1248		122.255	-nan
1249		122.295	-nan
1250		122.335	-nan
1251		122.375	-nan
1252		122.415	-nan
1253		122.455	361.01540142784
1254		122.495	360.77596206025
1255		122.535	361.24981715306
1256		122.575	362.17389731466
1257		122.615	362.86842567729
1258		122.655	362.92648429996
1259		122.695	363.03235876659
1260		122.735	363.37130079849
1261		122.775	363.78963733974
1262		122.815	363.74477727318
1263		122.855	363.94915313827
1264		122.895	-nan
1265		122.935	364.58857852969
1266		122.975	364.72107311115
1267		123.015	364.85920826965
1268		123.055	365.1239148242
1269		123.095	365.4115841986
1270		123.135	365.62889790171
1271		123.175	365.91202226043
1272		123.215	366.34444423143
1273		123.255	366.82253468531
1274		123.295	367.46693807127
1275		123.335	-nan
1276		123.375	-nan
1277		123.415	-nan
1278		123.455	-nan
1279		123.495	-nan
1280		123.535	-nan
1281		123.575	-nan
1282		123.615	-nan
1283		123.655	-nan
1284		123.695	-nan
1285		123.735	369.24319182507
1286		123.775	368.83996047341
1287		123.815	368.7610547083
1288		123.855	368.9160619929
1289		123.895	369.06181916396
1290		123.935	369.15644027389
1291		123.975	369.26364334852
1292		124.015	369.34325377017
1293		124.055	369.46894049466
1294		124.095	369.58915248489
1295		124.135	369.72125638993
1296		124.175	-nan
1297		124.215	369.96347459191
1298		124.255	369.99182631368
1299		124.295	369.94852435551
1300		124.335	369.88797375811
1301		124.375	369.83926845686
1302		124.415	369.66447853261
1303		124.455	369.43972295566
1304		124.495	369.23742487064
1305		124.535	369.12341835004
1306		124.575	369.24116452262
1307		124.615	-nan
1308		124.655	-nan
1309		124.695	-nan
1310		124.735	-nan
1311		124.775	-nan
1312		124.815	-nan
1313		124.855	-nan
1314		124.895	-nan
1315		124.935	-nan
1316		124.975	-nan
1317		125.015	368.6939770114
1318		125.055	367.67811701208
1319		125.095	367.42429405444
1320		125.135	367.27784625513
1321		125.175	367.1391577619
1322		125.215	366.90039754601
1323		125.255	366.60863769249
1324		125.295	366.30405323629
1325		125.335	366.07242516016
1326		125.375	365.82749650608
1327		125.415	365.51755563542
1328		125.455	-nan
1329		125.495	364.97080571038
1330		125.535	364.80040002735
1331		125.575	364.57112919178
1332		125.615	364.31558386186
1333		125.655	364.1133974271
1334		125.695	364.13711002747
1335		125.735	363.70234021135
1336		125.775	363.47831309649
1337		125.815	363.30374972501
1338		125.855	363.3847510798
1339		125.895	-nan
1340		125.935	-nan
1341		125.975	-nan
1342		126.015	-nan
1343		126.055	-nan
1344		126.095	-nan
1345		126.135	-nan
1346		126.175	-nan
1347		126.215	-nan
1348		126.255	-nan
1349		126.295	359.4626126494
1350		126.335	358.66899922636
1351		126.375	358.27472750466
1352		126.415	358.01726199823
1353		126.455	357.79422897152
1354		126.495	357.63090530568
1355		126.535	357.28821881801
1356		126.575	357.00725213604
1357		126.615	356.69952833217
1358		126.655	356.4545402195
1359		126.695	356.05045308654
1360		126.735	-nan
1361		126.775	355.22759496543
1362		126.815	354.92611515548
1363		126.855	354.43559654416
1364		126.895	354.07972023305
1365		126.935	353.6718565754
1366		126.975	353.32799534652
1367		127.015	352.96867254012
1368		127.055	352.61526496649
1369		127.095	352.24390131062
1370		127.135	352.20333662237
1371		127.175	-nan
1372		127.215	-nan
1373		127.255	-nan
1374		127.295	-nan
1375		127.335	-nan
1376		127.375	-nan
1377		127.415	-nan
1378		127.455	-nan
1379		127.495	-nan
1380		127.535	-nan
1381		127.575	348.81072495454
1382		127.615	348.01556974387
1383		127.655	347.49212688686
1384		127.695	347.1091926473
1385		127.735	346.74397130353
1386		127.775	346.35005306871
1387		127.815	345.95616160363
1388		127.855	345.61052119086
1389		127.895	345.27354290028
1390		127.935	345.05588090888
1391		127.975	344.76786561189
1392		128.015	-nan
1393		128.055	344.3374898521
1394		128.095	344.14554726996
1395		128.135	343.94062674724
1396		128.175	343.7705149282
1397		128.215	343.6146611127
1398		128.255	343.43470200823
1399		128.295	343.14903683212
1400		128.335	342.94295528804
1401		128.375	342.68722089774
1402		128.415	342.71551900113
1403		128.455	-nan
1404		128.495	-nan
1405		128.535	-nan
1406		128.575	-nan
1407		128.615	-nan
1408		128.655	-nan
1409		128.695	-nan
1410		128.735	-nan
1411		128.775	-nan
1412		128.815	-nan
1413		128.855	340.59951071927
1414		128.895	340.07790618547
1415		128.935	339.84299434272
1416		128.975	339.76532747675
1417		129.015	339.67454586511
1418		129.055	339.5502142368
1419		129.095	339.41148220332
1420		129.135	339.24273898934
1421		129.175	339.16200308976
1422		129.215	339.04360917734
1423		129.255	338.91816107855
1424		129.295	-nan
1425		129.335	338.60411583105
1426		129.375	338.50679683682
1427		129.415	338.38253122034
1428		129.455	338.27214637387
1429		129.495	338.2328042562
1430		129.535	338.13383497207
1431		129.575	338.00231190275
1432		129.615	337.95073685017
1433		129.655	338.01070367015
1434		129.695	338.33140507552
1435		129.735	-nan
1436		129.775	-nan
1437		129.815	-nan
1438		129.855	-nan
1439		129.895	-nan
1440		129.935	-nan
1441		129.975	-nan
1442		130.015	-nan
1443		130.055	-nan
1444		130.095	-nan
1445		130.135	338.36277206598
1446		130.175	338.02228365532
1447		130.215	337.92895842794
1448		130.255	337.97273042345
1449		130.295	338.08568813893
1450		130.335	338.21482169616
1451		130.375	338.29204937361
1452		130.415	338.45608661893
1453		130.455	338.61954067741
1454		130.495	338.8327083347
1455		130.535	338.97537389949
1456		130.575	-nan
1457		130.615	339.41556717224
1458		130.655	339.65345872316
1459		130.695	340.13508142884
1460		130.735	340.00837774102
1461		130.775	340.16767255421
1462		130.815	340.37453044541
1463		130.855	340.53652659947
1464		130.895	340.63899422455
1465		130.935	340.8022315595
1466		130.975	341.25909143387
1467		131.015	-nan
1468		131.055	-nan
1469		131.095	-nan
1470		131.135	-nan
1471		131.175	-nan
1472		131.215	-nan
1473		131.255	-nan
1474		131.295	-nan
1475		131.335	-nan
1476		131.375	-nan
1477		131.415	344.04590616702
1478		131.455	343.97583371608
1479		131.495	343.86686415033
1480		131.535	345.03483849303
1481		131.575	344.62894616919
1482		131.615	344.71756163603
1483		131.655	345.03624386901
1484		131.695	345.2252823555
1485		131.735	345.49042223955
1486		131.775	345.80654203338
1487		131.815	346.01597106178
1488		131.855	-nan
1489		131.895	346.83624373353
1490		131.935	347.18079338783
1491		131.975	347.55661303253
1492		132.015	348.30601871713
1493		132.055	348.19661071677
1494		132.095	348.58402248506
1495		132.135	348.88222275618
1496		132.175	349.19074433122
1497		132.215	349.60638385343
1498		132.255	350.27804762952
1499		132.295	-nan
1500		132.335	-nan
1501		132.375	-nan
1502		132.415	-nan
1503		132.455	-nan
1504		132.495	-nan
1505		132.535	-nan
1506		132.575	-nan
1507		132.615	-nan
1508		132.655	-nan
1509		132.695	354.59581866484
1510		132.735	354.61638893307
1511		132.775	354.92613107422
1512		132.815	355.45136946139
1513		132.855	355.94383190412
1514		132.895	356.37506844074
1515		132.935	356.88253765782
1516		132.975	357.25674832487
1517		133.015	357.70465913786
1518		133.055	358.16518544622
1519		133.095	358.54005487093
1520		133.135	-nan
1521		133.175	359.6560646103
1522		133.215	360.10097988885
1523		133.255	360.56529923916
1524		133.295	361.034234686
1525		133.335	361.48180582072
1526		133.375	361.93438661752
1527		133.415	362.32379436371
1528		133.455	362.73071559487
1529		133.495	363.23648176595
1530		133.535	364.06198100602
1531		133.575	-nan
1532		133.615	-nan
1533		133.655	-nan
1534		133.695	-nan
1535		133.735	-nan
1536		138.895	-nan
1537		138.935	-nan
1538		138.975	-nan
1539		139.015	-nan
1540		139.055	-nan
1541		139.095	373.59473692808
1542		139.135	372.71949811616
1543		139.175	372.22624219386
1544		139.215	371.83410983025
1545		139.255	371.41550922649
1546		139.295	371.15589246564
1547		139.335	370.56113603234
1548		139.375	370.10812575795
1549		139.415	369.72465353071
1550		139.455	369.34403104202
1551		139.495	368.94318016707
1552		139.535	-nan
1553		139.575	368.18832570562
1554		139.615	367.90401777671
1555		139.655	367.61073680763
1556		139.695	367.25962302562
1557		139.735	367.08031761866
1558		139.775	366.67441502118
1559		139.815	366.39501398033
1560		139.855	366.01335962872
1561		139.895	365.78723482471
1562		139.935	365.82844163986
1563		139.975	-nan
1564		140.015	-nan
1565		140.055	-nan
1566		140.095	-nan
1567		140.135	-nan
1568		140.175	-nan
1569		140.215	-nan
1570		140.255	-nan
1571		140.295	-nan
1572		140.335	-nan
1573		140.375	363.03164788169
1574		140.415	362.32196773099
1575		140.455	362.18091571898
1576		140.495	361.61559385994
1577		140.535	361.63532762028
1578		140.575	361.31656407846
1579		140.615	361.33106984733
1580		140.655	361.04176696713
1581		140.695	360.8459633911
1582		140.735	359.49415976514
1583		140.775	359.21277611302
1584		140.815	-nan
1585		140.855	359.62777701555
1586		140.895	359.57554778542
1587		140.935	359.23712374787
1588		140.975	358.96777538585
1589		141.015	358.75333852792
1590		141.055	358.49087838704
1591		141.095	358.30762720247
1592		141.135	358.02994966896
1593		141.175	357.77560222321
1594		141.215	357.9179496627
1595		141.255	-nan
1596		141.295	-nan
1597		141.335	-nan
1598		141.375	-nan
1599		141.415	-nan
1600		141.455	-nan
1601		141.495	-nan
1602		141.535	-nan
1603		141.575	-nan
1604		141.615	-nan
1605		141.655	356.21212176499
1606		141.695	355.02823976679
1607		141.735	354.57437225228
1608		141.775	354.54226045012
1609		141.815	354.32967901708
1610		141.855	354.17427356671
1611		141.895	353.95137050779
1612		141.935	353.77506858791
1613		141.975	353.56335036477
1614		142.015	353.47664729235
1615		142.055	353.26682909392
1616		142.095	-nan
1617		142.135	353.00137337322
1618		142.175	353.02565142035
1619		142.215	353.02753703516
1620		142.255	352.97625511422
1621		142.295	352.95531506972
1622		142.335	352.91783840709
1623		142.375	352.74420861135
1624		142.415	352.63299106064
1625		142.455	352.53918695815
1626		142.495	352.66584061571
1627		142.535	-nan
1628		142.575	-nan
1629		142.615	-nan
1630		142.655	-nan
1631		142.695	-nan
1632		142.735	-nan
1633		142.775	-nan
1634		142.815	-nan
1635		142.855	-nan
1636		142.895	-nan
1637		142.935	351.80032142334
1638		142.975	351.38808577163
1639		143.015	351.28949792796
1640		143.055	351.33693586482
1641		143.095	351.4166372893
1642		143.135	351.41377211862
1643		143.175	351.44769885566
1644		143.215	351.38381265313
1645		143.255	351.39035414918
1646		143.295	351.37271806379
1647		143.335	351.31828207834
1648		143.375	-nan
1649		143.415	351.33504816098
1650		143.455	351.35079048559
1651		143.495	351.50003119731
1652		143.535	351.45114595021
1653		143.575	351.54619579699
1654		143.615	351.63424218837
1655		143.655	351.77116219987
1656		143.695	351.87935358865
1657		143.735	352.16375140364
1658		143.775	352.68461218295
1659		143.815	-nan
1660		143.855	-nan
1661		143.895	-nan
1662		143.935	-nan
1663		143.975	-nan
1664		144.015	-nan
1665		144.055	-nan
1666		144.095	-nan
1667		144.135	-nan
1668		144.175	-nan
1669		144.215	353.96043445464
1670		144.255	353.67323231755
1671		144.295	353.69437627461
1672		144.335	353.87489923722
1673		144.375	354.11820015
1674		144.415	354.37746031444
1675		144.455	354.66604228835
1676		144.495	354.89003897439
1677		144.535	355.2244020148
1678		144.575	355.60984013517
1679		144.615	355.80060454561
1680		144.655	-nan
1681		144.695	356.50831815339
1682		144.735	356.82454236663
1683		144.775	357.05175989571
1684		144.815	357.30696035526
1685		144.855	357.50598940401
1686		144.895	357.68378568386
1687		144.935	357.82937587482
1688		144.975	357.92245643996
1689		145.015	358.17624497339
1690		145.055	358.68726335002
1691		145.095	-nan
1692		145.135	-nan
1693		145.175	-nan
1694		145.215	-nan
1695		145.255	-nan
1696		145.295	-nan
1697		145.335	-nan
1698		145.375	-nan
1699		145.415	-nan
1700		145.455	-nan
1701		145.495	362.01507695638
1702		145.535	361.85572230785
1703		145.575	361.98894041608
1704		145.615	362.22576953472
1705		145.655	362.48704788712
1706		145.695	362.66943307336
1707		145.735	362.82946720452
1708		145.775	362.9454596607
1709		145.815	364.54125912643
1710		145.855	363.60602261985
1711		145.895	363.65707425052
1712		145.935	-nan
1713		145.975	365.957015209
1714		146.015	364.67355893312
1715		146.055	364.97529622204
1716		146.095	365.32977255371
1717		146.135	365.6703454913
1718		146.175	366.01321713833
1719		146.215	366.27268178449
1720		146.255	366.5370044594
1721		146.295	366.90926598522
1722		146.335	367.59034725984
1723		146.375	-nan
1724		146.415	-nan
1725		146.455	-nan
1726		146.495	-nan
1727		146.535	-nan
1728		146.575	-nan
1729		146.615	-nan
1730		146.655	-nan
1731		146.695	-nan
1732		146.735	-nan
1733		146.775	370.11187418455
1734		146.815	369.92695646984
1735		146.855	370.17006191732
1736		146.895	370.27909303704
1737		146.935	370.62747503519
1738		146.975	370.96849188849
1739		147.015	371.22412998751
1740		147.055	371.47422014422
1741		147.095	371.67564302452
1742		147.135	371.94093069996
1743		147.175	372.07891857002
1744		147.215	-nan
1745		147.255	372.45312010525
1746		147.295	372.5906328869
1747		147.335	372.67785194861
1748		147.375	372.74297629674
1749		147.415	372.8663870361
1750		147.455	372.98533532184
1751		147.495	373.0368888168
1752		147.535	373.13126266822
1753		147.575	373.41261191322
1754		147.615	373.98200148729
1755		147.655	-nan
1756		147.695	-nan
1757		147.735	-nan
1758		147.775	-nan
1759		147.815	-nan
1760		147.855	-nan
1761		147.895	-nan
1762		147.935	-nan
1763		147.975	-nan
1764		148.015	-nan
1765		148.055	375.5129005054
1766		148.095	375.08619890993
1767		148.135	374.88779337388
1768		148.175	374.85293529165
1769		148.215	374.81596890175
1770		148.255	374.81289776583
1771		148.295	374.73313190862
1772		148.335	374.6814747557
1773		148.375	374.67567864969
1774		148.415	374.73264315802
1775		148.455	374.76697855998
1776		148.495	-nan
1777		148.535	375.04477130081
1778		148.575	375.18196772283
1779		148.615	375.25366644739
1780		148.655	375.32657011045
1781		148.695	375.37110216319
1782		148.735	375.40087854532
1783		148.775	375.39974291079
1784		148.815	375.34239580549
1785		148.855	375.43881275768
1786		148.895	375.70959073912
1787		148.935	-nan
1788		148.975	-nan
1789		149.015	-nan
1790		149.055	-nan
1791		149.095	-nan
1792		149.135	-nan
1793		149.175	-nan
1794		149.215	-nan
1795		149.255	-nan
1796		149.295	-nan
1797		149.335	374.24706159999
1798		149.375	373.66807960094
1799		149.415	373.38970234205
1800		149.455	373.3604461116
1801		149.495	373.32733914617
1802		149.535	373.20367164599
1803		149.575	373.03856308338
1804		149.615	372.83795361519
1805		149.655	372.75706986231
1806		149.695	372.36461584012
1807		149.735	371.98279136352
1808		149.775	-nan
1809		149.815	371.30950462263
1810		149.855	371.01113699174
1811		149.895	369.99105331046
1812		149.935	369.64950052182
1813		149.975	367.8736133557
1814		150.015	368.56079856756
1815		150.055	369.51127967797
1816		150.095	369.50074461042
1817		150.135	369.43420632213
1818		150.175	370.62146434946
1819		150.215	-nan
1820		150.255	-nan
1821		150.295	-nan
1822		150.335	-nan
1823		150.375	-nan
1824		150.415	-nan
1825		150.455	-nan
1826		150.495	-nan
1827		150.535	-nan
1828		150.575	-nan
1829		150.615	366.03854658739
1830		150.655	365.17525188432
1831		150.695	364.58719712841
1832		150.735	364.1411393524
1833		150.775	363.77701451661
1834		150.815	363.39825421479
1835		150.855	363.00726113842
1836		150.895	362.67294625447
1837		150.935	362.32985607243
1838		150.975	362.06709880495
1839		151.015	361.71026128975
1840		151.055	-nan
1841		151.095	361.01733252519
1842		151.135	360.76160002478
1843		151.175	360.39160167136
1844		151.215	360.02854042751
1845		151.255	359.62024507734
1846		151.295	359.18575645966
1847		151.335	358.71632667012
1848		151.375	358.18062307618
1849		151.415	357.73925593667
1850		151.455	357.57961885828
1851		151.495	-nan
1852		151.535	-nan
1853		151.575	-nan
1854		151.615	-nan
1855		151.655	-nan
1856		151.695	-nan
1857		151.735	-nan
1858		151.775	-nan
1859		151.815	-nan
1860		151.855	-nan
1861		151.895	353.37994000692
1862		151.935	352.60548484499
1863		151.975	352.08189380176
1864		152.015	351.7176587866
1865		152.055	351.30305509231
1866		152.095	350.88509755763
1867		152.135	350.41233510326
1868		152.175	349.89590703431
1869		152.215	349.49585217334
1870		152.255	349.20699177207
1871		152.295	348.60952097061
1872		152.335	-nan
1873		152.375	347.56396539581
1874		152.415	347.2365393905
1875		152.455	346.83371412091
1876		152.495	346.50643212071
1877		152.535	346.22629016434
1878		152.575	345.85842166873
1879		152.615	345.58925969085
1880		152.655	345.24862924986
1881		152.695	344.98147297565
1882		152.735	345.02536590499
1883		152.775	-nan
1884		152.815	-nan
1885		152.855	-nan
1886		152.895	-nan
1887		152.935	-nan
1888		152.975	-nan
1889		153.015	-nan
1890		153.055	-nan
1891		153.095	-nan
1892		153.135	-nan
1893		153.175	340.40278045431
1894		153.215	339.69623107598
1895		153.255	339.26514855886
1896		153.295	339.01473954275
1897		153.335	338.82537737876
1898		153.375	338.59867060118
1899		153.415	338.36889663191
1900		153.455	338.15273446319
1901		153.495	337.88864036151
1902		153.535	337.66669584931
1903		153.575	337.24798315534
1904		153.615	-nan
1905		153.655	336.49241561642
1906		153.695	336.21820819727
1907		153.735	335.79495786816
1908		153.775	335.38469976801
1909		153.815	335.02164286362
1910		153.855	334.71326699879
1911		153.895	334.46660720972
1912		153.935	334.04857990026
1913		153.975	333.68548029436
1914		154.015	333.64896400554
1915		154.055	-nan
1916		154.095	-nan
1917		154.135	-nan
1918		154.175	-nan
1919		154.215	-nan
1920		154.255	-nan
1921		154.295	-nan
1922		154.335	-nan
1923		154.375	-nan
1924		154.415	-nan
1925		154.455	331.27455586028
1926		154.495	330.62520373942
1927		154.535	330.22807130154
1928		154.575	329.92889199628
1929		154.615	329.64335279733
1930		154.655	329.32541805811
1931		154.695	329.03438186064
1932		154.735	328.7287154481
1933		154.775	328.50663695525
1934		154.815	328.30493505084
1935		154.855	328.08501127698
1936		154.895	-nan
1937		154.935	327.86633021095
1938		154.975	327.77450281655
1939		155.015	327.69747405387
1940		155.055	327.60163585334
1941		155.095	327.49396622426
1942		155.135	327.37564320635
1943		155.175	327.15420705706
1944		155.215	326.91283323992
1945		155.255	326.74340546028
1946		155.295	326.76402158625
1947		155.335	-nan
1948		155.375	-nan
1949		155.415	-nan
1950		155.455	-nan
1951		155.495	-nan
1952		155.535	-nan
1953		155.575	-nan
1954		155.615	-nan
1955		155.655	-nan
1956		155.695	-nan
1957		155.735	325.0156187075
1958		155.775	324.66212180491
1959		155.815	324.57284914679
1960		155.855	324.61956678154
1961		155.895	324.68109594382
1962		155.935	324.66629107863
1963		155.975	324.61896877436
1964		156.015	324.55838684926
1965		156.055	324.52410157392
1966		156.095	324.44764266036
1967		156.135	324.27963902636
1968		156.175	-nan
1969		156.215	324.05687942976
1970		156.255	323.96554221154
1971		156.295	323.82476983974
1972		156.335	323.76425278267
1973		156.375	323.74799597777
1974		156.415	323.69173369079
1975		156.455	323.67414088458
1976		156.495	323.69717825694
1977		156.535	323.80684588066
1978		156.575	324.14445753122
1979		156.615	-nan
1980		156.655	-nan
1981		156.695	-nan
1982		156.735	-nan
1983		156.775	-nan
1984		156.815	-nan
1985		156.855	-nan
1986		156.895	-nan
1987		156.935	-nan
1988		156.975	-nan
1989		157.015	324.22819641116
1990		157.055	323.86381067495
1991		157.095	323.76870371529
1992		157.135	323.73986397889
1993		157.175	323.81944808348
1994		157.215	323.80053358397
1995		157.255	323.84008516689
1996		157.295	323.85957856623
1997		157.335	323.9761478222
1998		157.375	324.14716714033
1999		157.415	324.22448678118
2000		157.455	-nan
2001		157.495	324.78526037582
2002		157.535	324.82690062281
2003		157.575	324.89099337837
2004		157.615	325.0163091851
2005		157.655	325.14304410068
2006		157.695	325.05965803316
2007		157.735	324.97315004498
2008		157.775	324.88359828947
2009		157.815	324.89642735915
2010		157.855	325.11734320655
2011		157.895	-nan
2012		157.935	-nan
2013		157.975	-nan
2014		158.015	-nan
2015		158.055	-nan
2016		158.095	-nan
2017		158.135	-nan
2018		158.175	-nan
2019		158.215	-nan
2020		158.255	-nan
2021		158.295	326.18382372795
2022		158.335	326.30528414375
2023		158.375	325.89211618382
2024		158.415	325.9709726286
2025		158.455	326.07735921836
2026		158.495	326.10821204833
2027		158.535	326.09419321297
2028		158.575	326.10790824149
2029		158.615	326.0710441692
2030		158.655	326.10996501121
2031		158.695	326.05276692052
2032		158.735	-nan
2033		158.775	326.12266125737
2034		158.815	326.1833047668
2035		158.855	326.23671330138
2036		158.895	326.37658920733
2037		158.935	326.51770049106
2038		158.975	326.66929802343
2039		159.015	326.78462575041
2040		159.055	326.86263260919
2041		159.095	327.0280156065
2042		159.135	327.4133417681
2043		159.175	-nan
2044		159.215	-nan
2045		159.255	-nan
2046		159.295	-nan
2047		159.335	-nan
2048		159.375	-nan
2049		159.415	-nan
2050		159.455	-nan
2051		159.495	-nan
2052		159.535	-nan
2053		159.575	326.90575198996
2054		159.615	326.51330296914
2055		159.655	326.39430553005
2056		159.695	326.44690590044
2057		159.735	326.54766598237
2058		159.775	326.62303653901
2059		159.815	326.68699389367
2060		159.855	326.70496912185
2061		159.895	326.79726253284
2062		159.935	326.81456190006
2063		159.975	326.74624236539
2064		160.015	-nan
2065		160.055	326.68921583102
2066		160.095	326.70013244922
2067		160.135	326.58585557117
2068		160.175	326.51486044331
2069		160.215	326.46015215637
2070		160.255	326.30691858621
2071		160.295	326.10992911002
2072		160.335	325.96185554865
2073		160.375	325.84929164705
2074		160.415	326.02584782386
2075		160.455	-nan
2076		160.495	-nan
2077		160.535	-nan
2078		160.575	-nan
2079		160.615	-nan
2080		160.655	-nan
2081		160.695	-nan
2082		160.735	-nan
2083		160.775	-nan
2084		160.815	-nan
2085		160.855	325.46612308014
2086		160.895	324.94153098434
2087		160.935	324.66472623798
2088		160.975	324.39757772841
2089		161.015	324.17474415656
2090		161.055	323.9036216675
2091		161.095	323.64677977217
2092		161.135	323.35806086048
2093		161.175	323.16110614935
2094		161.215	322.96080388039
2095		161.255	322.69377744895
2096		161.295	-nan
2097		161.335	322.38748100397
2098		161.375	322.33672494134
2099		161.415	322.18394533268
2100		161.455	322.09648050448
2101		161.495	321.96499404333
2102		161.535	321.76646435355
2103		161.575	321.56888120153
2104		161.615	321.35866158889
2105		161.655	321.15775862749
2106		161.695	321.14115392727
2107		161.735	-nan
2108		161.775	-nan
2109		161.815	-nan
2110		161.855	-nan
2111		161.895	-nan
2112		161.935	-nan
2113		161.975	-nan
2114		162.015	-nan
2115		162.055	-nan
2116		162.095	-nan
2117		162.135	317.73133937441
2118		162.175	317.09850523961
2119		162.215	316.76927288032
2120		162.255	316.51958676984
2121		162.295	316.32306210562
2122		162.335	316.09683807246
2123		162.375	315.83013606754
2124		162.415	315.56823232987
2125		162.455	315.22782281101
2126		162.495	314.91614194848
2127		162.535	314.4363332746
2128		162.575	-nan
2129		162.615	313.531713904
2130		162.655	313.14938430364
2131		162.695	312.71556691734
2132		162.735	312.3467283922
2133		162.775	311.94686091941
2134		162.815	311.63047668816
2135		162.855	311.29346030524
2136		162.895	310.90040935431
2137		162.935	310.64565736859
2138		162.975	310.60744612804
2139		163.015	-nan
2140		163.055	-nan
2141		163.095	-nan
2142		163.135	-nan
2143		163.175	-nan
2144		163.215	-nan
2145		163.255	-nan
2146		163.295	-nan
2147		163.335	-nan
2148		163.375	-nan
2149		163.415	307.1739777122
2150		163.455	306.34294499025
2151		163.495	305.71774920899
2152		163.535	305.24758713184
2153		163.575	304.80191771704
2154		163.615	304.39145698972
2155		163.655	303.96628042646
2156		163.695	303.56863967019
2157		163.735	303.22906719958
2158		163.775	302.88528871173
2159		163.815	302.35290314488
2160		163.855	-nan
2161		163.895	301.65168034807
2162		163.935	301.62055653626
2163		163.975	301.27974282709
2164		164.015	301.00015671974
2165		164.055	300.64910424678
2166		164.095	300.21124154238
2167		164.135	299.70767429561
2168		164.175	299.17390487285
2169		164.215	298.68314222757
2170		164.255	298.43940236523
2171		164.295	-nan
2172		164.335	-nan
2173		164.375	-nan
2174		164.415	-nan
2175		164.455	-nan
2176		164.495	-nan
2177		164.535	-nan
2178		164.575	-nan
2179		164.615	-nan
2180		164.655	-nan
2181		164.695	292.827298803
2182		164.735	292.16277963446
2183		164.775	291.75676769719
2184		164.815	291.37457522415
2185		164.855	291.05582696882
2186		164.895	290.65716372885
2187		164.935	290.23367704663
2188		164.975	289.82958521856
2189		165.015	289.34882970967
2190		165.055	288.82021409072
2191		165.095	288.25158197679
2192		165.135	-nan
2193		165.175	287.25211526497
2194		165.215	286.93623974627
2195		165.255	286.53767415796
2196		165.295	286.17348718101
2197		165.335	285.87646227684
2198		165.375	285.6009182817
2199		165.415	285.22701486233
2200		165.455	284.91688350895
2201		165.495	284.68111306511
2202		165.535	284.64270567378
2203		165.575	-nan
2204		165.615	-nan
2205		165.655	-nan
2206		165.695	-nan
2207		165.735	-nan
2208		165.775	-nan
2209		165.815	-nan
2210		165.855	-nan
2211		165.895	-nan
2212		165.935	-nan
2213		165.975	279.9602356332
2214		166.015	279.31281762051
2215		166.055	278.87875037802
2216		166.095	278.58420683857
2217		166.135	278.33717299482
2218		166.175	278.09837935342
2219		166.215	277.83752062847
2220		166.255	277.58248201554
2221		166.295	277.31910812437
2222		166.335	277.10453885177
2223		166.375	276.7717071734
2224		166.415	-nan
2225		166.455	276.2937438994
2226		166.495	276.0795544076
2227		166.535	275.75050364646
2228		166.575	275.46786863193
2229		166.615	275.06966074158
2230		166.655	274.77773529128
2231		166.695	274.30958006435
2232		166.735	273.92524158591
2233		166.775	273.62736093132
2234		166.815	273.51767489339
2235		166.855	-nan
2236		166.895	-nan
2237		166.935	-nan
2238		166.975	-nan
2239		167.015	-nan
2240		167.055	-nan
2241		167.095	-nan
2242		167.135	-nan
2243		167.175	-nan
2244		167.215	-nan
2245		167.255	271.09066269379
2246		167.295	270.50946035125
2247		167.335	270.08058052344
2248		167.375	269.75412139959
2249		167.415	269.4668814285
2250		167.455	269.13799372491
2251		167.495	268.80731466619
2252		167.535	268.49066603824
2253		167.575	268.25750860228
2254		167.615	268.04703846725
2255		167.655	267.79418362498
2256		167.695	-nan
2257		167.735	267.4979605684
2258		167.775	267.49356233032
2259		167.815	267.40094295202
2260		167.855	267.31487608838
2261		167.895	267.26770055607
2262		167.935	267.20807550827
2263		167.975	267.07935691347
2264		168.015	266.94810030693
2265		168.055	266.86484972006
2266		168.095	266.92519260874
2267		168.135	-nan
2268		168.175	-nan
2269		168.215	-nan
2270		168.255	-nan
2271		168.295	-nan
2272		168.335	-nan
2273		168.375	-nan
2274		168.415	-nan
2275		168.455	-nan
2276		168.495	-nan
2277		168.535	264.42277635863
2278		168.575	264.02344726168
2279		168.615	263.92398946703
2280		168.655	263.89573651448
2281		168.695	263.93277435976
2282		168.735	263.96846466301
2283		168.775	263.94866046768
2284		168.815	263.88936558579
2285		168.855	263.79282129639
2286		168.895	263.68423649707
2287		168.935	263.45247119364
2288		168.975	-nan
2289		169.015	263.13625943838
2290		169.055	263.1044344162
2291		169.095	262.95029772591
2292		169.135	262.80633991953
2293		169.175	262.74057678484
2294		169.215	262.62843065094
2295		169.255	262.55132892356
2296		169.295	262.49426504188
2297		169.335	262.49636481552
2298		169.375	262.73696112657
2299		169.415	-nan
2300		169.455	-nan
2301		169.495	-nan
2302		169.535	-nan
2303		169.575	-nan
2304		169.615	-nan
2305		169.655	-nan
2306		169.695	-nan
2307		169.735	-nan
2308		169.775	-nan
2309		169.815	262.10719704034
2310		169.855	261.6401110949
2311		169.895	261.35139957556
2312		169.935	261.15667015638
2313		169.975	261.02877743307
2314		170.015	260.88431098752
2315		170.055	260.74053193621
2316		170.095	260.65039221802
2317		170.135	260.57572856987
2318		170.175	260.57196845816
2319		170.215	260.52838270339
2320		170.255	-nan
2321		170.295	260.73738427412
2322		170.335	260.89917385209
2323		170.375	260.95845777981
2324		170.415	260.96467205315
2325		170.455	260.94991849146
2326		170.495	260.87355601908
2327		170.535	260.73388206202
2328		170.575	260.60420547678
2329		170.615	260.48348529006
2330		170.655	260.53328882347
2331		170.695	-nan
2332		170.735	-nan
2333		170.775	-nan
2334		170.815	-nan
2335		170.855	-nan
2336		170.895	-nan
2337		170.935	-nan
2338		170.975	-nan
2339		171.015	-nan
2340		171.055	-nan
2341		171.095	259.68409796533
2342		171.135	259.43700196738
2343		171.175	259.33863233877
2344		171.215	259.33142740338
2345		171.255	259.29180950691
2346		171.295	259.20599592745
2347		171.335	259.08036323168
2348		171.375	258.89106828179
2349		171.415	258.70911212845
2350		171.455	258.54524936592
2351		171.495	258.31074930531
2352		171.535	-nan
2353		171.575	258.07262572165
2354		171.615	258.02128869338
2355		171.655	257.88869310555
2356		171.695	257.83643650188
2357		171.735	257.79681689793
2358		171.775	257.8324161294
2359		171.815	257.87359069251
2360		171.855	257.86866477097
2361		171.895	257.97428342787
2362		171.935	258.20040231165
2363		171.975	-nan
2364		172.015	-nan
2365		172.055	-nan
2366		172.095	-nan
2367		172.135	-nan
2368		172.175	-nan
2369		172.215	-nan
2370		172.255	-nan
2371		172.295	-nan
2372		172.335	-nan
2373		172.375	256.31130097033
2374		172.415	255.85179457535
2375		172.455	255.57225531249
2376		172.495	255.43790051258
2377		172.535	255.31591596852
2378		172.575	255.21556996822
2379		172.615	255.1089790281
2380		172.655	255.05400214115
2381		172.695	255.0025535067
2382		172.735	254.97531766418
2383		172.775	254.86136201775
2384		172.815	-nan
2385		172.855	254.65981468013
2386		172.895	254.59142158878
2387		172.935	254.44104155038
2388		172.975	254.22911897133
2389		173.015	254.03800248478
2390		173.055	253.81781352109
2391		173.095	253.56998528199
2392		173.135	253.28386108545
2393		173.175	253.08018198356
2394		173.215	253.04153138945
2395		173.255	-nan
2396		173.295	-nan
2397		173.335	-nan
2398		173.375	-nan
2399		173.415	-nan
2400		173.455	-nan
2401		173.495	-nan
2402		173.535	-nan
2403		173.575	-nan
2404		173.615	-nan
2405		173.655	251.39857442024
2406		173.695	250.87647160977
2407		173.735	250.525414431
2408		173.775	250.19640408555
2409		173.815	249.8687419414
2410		173.855	249.51556009047
2411		173.895	249.13011443967
2412		173.935	248.74816561356
2413		173.975	248.42631381882
2414		174.015	248.1202269569
2415		174.055	247.73346726083
2416		174.095	-nan
2417		174.135	247.19842323377
2418		174.175	247.04845517358
2419		174.215	246.88912825541
2420		174.255	246.74937753583
2421		174.295	246.60035731278
2422		174.335	246.50888635471
2423		174.375	246.32342467948
2424		174.415	246.10430254374
2425		174.455	245.94302192167
2426		174.495	245.90515171924
2427		174.535	-nan
2428		174.575	-nan
2429		174.615	-nan
2430		174.655	-nan
2431		174.695	-nan
2432		174.735	-nan
2433		174.775	-nan
2434		174.815	-nan
2435		174.855	-nan
2436		174.895	-nan
2437		174.935	241.9314681567
2438		174.975	241.40838754807
2439		175.015	241.43583446735
2440		175.055	240.89698862107
2441		175.095	240.70518432943
2442		175.135	240.46343671467
2443		175.175	240.18429197212
2444		175.215	239.90034582408
2445		175.255	239.61622310155
2446		175.295	239.27062019293
2447		175.335	238.8294603517
2448		175.375	-nan
2449		175.415	238.0262532245
2450		175.455	237.68215415696
2451		175.495	237.25223532399
2452		175.535	236.88174562931
2453		175.575	236.520887559
2454		175.615	236.13092477793
2455		175.655	235.76648875862
2456		175.695	235.39781030737
2457		175.735	235.14914843821
2458		175.775	235.08407140324
2459		175.815	-nan
2460		175.855	-nan
2461		175.895	-nan
2462		175.935	-nan
2463		175.975	-nan
2464		176.015	-nan
2465		176.055	-nan
2466		176.095	-nan
2467		176.135	-nan
2468		176.175	-nan
2469		176.215	232.01328153804
2470		176.255	231.30071726288
2471		176.295	230.75084093584
2472		176.335	230.29458735002
2473		176.375	229.77242216853
2474		176.415	229.27169539142
2475		176.455	228.79351739358
2476		176.495	228.38388260999
2477		176.535	228.03965824451
2478		176.575	227.77794828055
2479		176.615	227.416500026
2480		176.655	-nan
2481		176.695	226.88287996576
2482		176.735	226.75267299833
2483		176.775	226.49870931579
2484		176.815	226.30872060218
2485		176.855	226.03338584419
2486		176.895	225.75680058086
2487		176.935	225.4156526155
2488		176.975	225.07301334757
2489		177.015	224.75110073077
2490		177.055	224.58023854568
2491		177.095	-nan
2492		177.135	-nan
2493		177.175	-nan
2494		177.215	-nan
2495		177.255	-nan
2496		177.295	-nan
2497		177.335	-nan
2498		177.375	-nan
2499		177.415	-nan
2500		177.455	-nan
2501		177.495	220.99259205187
2502		177.535	220.50107648473
2503		177.575	220.16406730792
2504		177.615	219.90742477303
2505		177.655	219.59698270133
2506		177.695	219.29446738719
2507		177.735	218.93347983558
2508		177.775	218.55294941969
2509		177.815	218.18523175112
2510		177.855	217.78105847766
2511		177.895	217.22643437448
2512		177.935	-nan
2513		177.975	216.33356765235
2514		178.015	216.03096582082
2515		178.055	215.69658093632
2516		178.095	215.41194059124
2517		178.135	215.20305757549
2518		178.175	215.00908458141
2519		178.215	214.88348584926
2520		178.255	214.69263615516
2521		178.295	214.60981165307
2522		178.335	214.70035966615
2523		178.375	-nan
2524		178.415	-nan
2525		178.455	-nan
2526		178.495	-nan
2527		178.535	-nan
2528		178.575	-nan
2529		178.615	-nan
2530		178.655	-nan
2531		178.695	-nan
2532		178.735	-nan
2533		178.775	211.59191864725
2534		178.815	211.02706821133
2535		178.855	210.60455277545
2536		178.895	210.33056005946
2537		178.935	210.07762913856
2538		178.975	209.83826185815
2539		179.015	209.62696489864
2540		179.055	209.43273644943
2541		179.095	209.27415505896
2542		179.135	209.14286557562
2543		179.175	208.82649101993
2544		179.215	-nan
2545		179.255	208.46271640771
2546		179.295	208.38314421038
2547		179.335	208.16642822269
2548		179.375	207.96478316094
2549		179.415	207.70503254528
2550		179.455	207.41465918845
2551		179.495	207.12478056491
2552		179.535	206.76026854072
2553		179.575	206.51707340209
2554		179.615	206.43938389452
2555		179.655	-nan
2556		179.695	-nan
2557		179.735	-nan
2558		179.775	-nan
2559		179.815	-nan
2560		179.855	-nan
2561		179.895	-nan
2562		179.935	-nan
2563		179.975	-nan
2564		180.015	-nan
2565		180.055	204.98284681813
2566		180.095	204.643542272
2567		180.135	204.35258353863
2568		180.175	204.12294879986
2569		180.215	203.87681438675
2570		180.255	203.62710204028
2571		180.295	203.3766872111
2572		180.335	203.01382436971
2573		180.375	202.72474127952
2574		180.415	202.44704949034
2575		180.455	202.10338373152
2576		180.495	-nan
2577		180.535	201.73845243057
2578		180.575	201.73684693555
2579		180.615	201.64103877919
2580		180.655	201.59477837278
2581		180.695	201.56083188492
2582		180.735	201.53529138981
2583		180.775	201.47245066951
2584		180.815	201.45749266538
2585		180.855	201.4625944014
2586		180.895	201.66328573476
2587		180.935	-nan
2588		180.975	-nan
2589		181.015	-nan
2590		181.055	-nan
2591		181.095	-nan
2592		181.135	-nan
2593		181.175	-nan
2594		181.215	-nan
2595		181.255	-nan
2596		181.295	-nan
2597		181.335	199.91384155715
2598		181.375	199.57192992489
2599		181.415	199.41323737919
2600		181.455	199.37611144684
2601		181.495	199.34317232963
2602		181.535	199.30660070516
2603		181.575	199.24551653472
2604		181.615	199.16694801687
2605		181.655	199.0714561977
2606		181.695	198.942986091
2607		181.735	198.71496302468
2608		181.775	-nan
2609		181.815	198.41163593531
2610		181.855	198.31782641809
2611		181.895	198.12074132333
2612		181.935	197.95740275728
2613		181.975	197.77841923977
2614		182.015	197.63530098096
2615		182.055	197.45824169642
2616		182.095	197.33890933211
2617		182.135	197.30905462559
2618		182.175	197.45851702803
2619		182.215	-nan
2620		182.255	-nan
2621		182.295	-nan
2622		182.335	-nan
2623		182.375	-nan
2624		182.415	-nan
2625		182.455	-nan
2626		182.495	-nan
2627		182.535	-nan
2628		182.575	-nan
2629		182.615	197.33409850524
2630		182.655	196.87514973434
2631		182.695	196.56064400822
2632		182.735	196.34315753882
2633		182.775	196.13599504032
2634		182.815	195.9613342774
2635		182.855	195.77553367516
2636		182.895	195.60330385749
2637		182.935	195.45406850776
2638		182.975	195.37620046245
2639		183.015	195.21577843692
2640		183.055	-nan
2641		183.095	195.18541814604
2642		183.135	195.27662490816
2643		183.175	195.29013560614
2644		183.215	195.27828739848
2645		183.255	195.28605425226
2646		183.295	195.24266344663
2647		183.335	195.17898671885
2648		183.375	195.05733406857
2649		183.415	194.99703745508
2650		183.455	195.06989073655
2651		183.495	-nan
2652		183.535	-nan
2653		183.575	-nan
2654		183.615	-nan
2655		183.655	-nan
2656		183.695	-nan
2657		183.735	-nan
2658		183.775	-nan
2659		183.815	-nan
2660		183.855	-nan
2661		183.895	194.15440718439
2662		183.935	193.8765982387
2663		183.975	193.81794965664
2664		184.015	193.80376786636
2665		184.055	193.79855857885
2666		184.095	193.77497756022
2667		184.135	193.67406702801
2668		184.175	193.53163421954
2669		184.215	193.33417186527
2670		184.255	193.16088383957
2671		184.295	192.73519001735
2672		184.335	-nan
2673		184.375	192.25769936142
2674		184.415	192.1689147334
2675		184.455	191.96854968735
2676		184.495	191.79622345135
2677		184.535	191.64425642687
2678		184.575	191.56876208961
2679		184.615	191.49072645136
2680		184.655	191.41607405514
2681		184.695	191.4674970978
2682		184.735	191.65032782641
2683		184.775	-nan
2684		184.815	-nan
2685		184.855	-nan
2686		184.895	-nan
2687		184.935	-nan
2688		184.975	-nan
2689		185.015	-nan
2690		185.055	-nan
2691		185.095	-nan
2692		185.135	-nan
2693		185.175	190.40798422987
2694		185.215	190.02389678297
2695		185.255	189.65709416603
2696		185.295	189.45447956727
2697		185.335	189.29020676948
2698		185.375	189.11776845789
2699		185.415	188.96234331046
2700		185.455	188.82793884083
2701		185.495	188.69792102387
2702		185.535	188.58301935878
2703		185.575	188.35534156057
2704		185.615	-nan
2705		185.655	188.1955556413
2706		185.695	188.19016569582
2707		185.735	188.02765397232
2708		185.775	187.8319999806
2709		185.815	187.65973439221
2710		185.855	187.32983949214
2711		185.895	187.06832822195
2712		185.935	186.7768139011
2713		185.975	186.55652349464
2714		186.015	186.48381542923
2715		186.055	-nan
2716		186.095	-nan
2717		186.135	-nan
2718		186.175	-nan
2719		186.215	-nan
2720		186.255	-nan
2721		186.295	-nan
2722		186.335	-nan
2723		186.375	-nan
2724		186.415	-nan
2725		186.455	185.25886945615
2726		186.495	184.86208337492
2727		186.535	184.64537014581
2728		186.575	184.43116588053
2729		186.615	184.1988313731
2730		186.655	183.92851343701
2731		186.695	183.59261514594
2732		186.735	183.24729546661
2733		186.775	182.91509657419
2734		186.815	182.58563194331
2735		186.855	182.13351424416
2736		186.895	-nan
2737		186.935	181.57068628742
2738		186.975	181.42226561455
2739		187.015	181.19307645716
2740		187.055	181.00017797476
2741		187.095	180.80351384596
2742		187.135	180.64352839676
2743		187.175	180.48293709764
2744		187.215	180.38063203855
2745		187.255	180.26534888782
2746		187.295	180.32598871285
2747		187.335	-nan
2748		187.375	-nan
2749		187.415	-nan
2750		187.455	-nan
2751		187.495	-nan
2752		187.535	-nan
2753		187.575	-nan
2754		187.615	-nan
2755		187.655	-nan
2756		187.695	-nan
2757		187.735	161.75663368598
2758		187.775	160.94382149945
2759		187.815	160.55981799101
2760		187.855	160.38590470971
2761		187.895	160.27788403986
2762		187.935	160.14996782486
2763		187.975	159.93135515873
2764		188.015	159.7576311219
2765		188.055	159.58154601104
2766		188.095	159.39323521512
2767		188.135	159.19486039119
2768		188.175	-nan
2769		188.215	158.62145634748
2770		188.255	158.33411750748
2771		188.295	158.07683166225
2772		188.335	157.80196276394
2773		188.375	157.55743488848
2774		188.415	157.30227785458
2775		188.455	156.99910946971
2776		188.495	156.71868643687
2777		188.535	156.58433471114
2778		188.575	156.83463198565
2779		188.615	-nan
2780		188.655	-nan
2781		188.695	-nan
2782		188.735	-nan
2783		188.775	-nan
2784		188.815	-nan
2785		188.855	-nan
2786		188.895	-nan
2787		188.935	-nan
2788		188.975	-nan
2789		189.015	155.66526716683
2790		189.055	154.84017188989
2791		189.095	154.43001764351
2792		189.135	154.19982128135
2793		189.175	153.95317410852
2794		189.215	153.73183426981
2795		189.255	153.39325337425
2796		189.295	153.10040423813
2797		189.335	152.8617860434
2798		189.375	152.62069514059
2799		189.415	152.42264801687
2800		189.455	-nan
2801		189.495	151.95499217521
2802		189.535	151.76910707262
2803		189.575	151.59858327961
2804		189.615	151.4637680613
2805		189.655	151.33593352806
2806		189.695	151.15880987103
2807		189.735	150.94449617097
2808		189.775	150.74373075053
2809		189.815	150.63084778865
2810		189.855	150.82641067555
2811		189.895	-nan
2812		189.935	-nan
2813		189.975	-nan
2814		190.015	-nan
2815		190.055	-nan
2816		190.095	-nan
2817		190.135	-nan
2818		190.175	-nan
2819		190.215	-nan
2820		190.255	-nan
2821		190.295	149.01789610651
2822		190.335	148.41873934949
2823		190.375	148.16898787379
2824		190.415	148.11331250511
2825		190.455	148.07510528758
2826		190.495	147.93953244433
2827		190.535	147.76559824601
2828		190.575	147.55286027137
2829		190.615	147.32892636794
2830		190.655	147.14811566821
2831		190.695	146.90536303421
2832		190.735	-nan
2833		190.775	146.35093518055
2834		190.815	146.0573886226
2835		190.855	145.80668950249
2836		190.895	145.58276302447
2837		190.935	145.3966163926
2838		190.975	145.20106673919
2839		191.015	145.01277128551
2840		191.055	144.85420339753
2841		191.095	144.77681713588
2842		191.135	145.03223783403
2843		191.175	-nan
2844		191.215	-nan
2845		191.255	-nan
2846		191.295	-nan
2847		191.335	-nan
2848		191.375	-nan
2849		191.415	-nan
2850		191.455	-nan
2851		191.495	-nan
2852		191.535	-nan
2853		191.575	143.96915240671
2854		191.615	143.34887905521
2855		191.655	143.19308786569
2856		191.695	142.87874064437
2857		191.735	142.74044462015
2858		191.775	142.58249316854
2859		191.815	142.40397919481
2860		191.855	142.25168169877
2861		191.895	142.14784104493
2862		191.935	142.10642344344
2863		191.975	142.03145971408
2864		192.015	-nan
2865		192.055	141.82145593442
2866		192.095	141.73641991507
2867		192.135	141.59841074435
2868		192.175	141.4891584954
2869		192.215	141.34969241308
2870		192.255	141.19005966892
2871		192.295	140.99706423482
2872		192.335	140.79401076339
2873		192.375	140.67989307428
2874		192.415	140.85506148296
2875		192.455	-nan
2876		192.495	-nan
2877		192.535	-nan
2878		192.575	-nan
2879		192.615	-nan
2880		192.655	-nan
2881		192.695	-nan
2882		192.735	-nan
2883		192.775	-nan
2884		192.815	-nan
2885		192.855	140.29360541893
2886		192.895	139.83609260253
2887		192.935	139.66222301884
2888		192.975	139.62610548484
2889		193.015	139.57822657215
2890		193.055	139.48006157771
2891		193.095	139.36050034775
2892		193.135	139.20795400267
2893		193.175	139.087450494
2894		193.215	138.97694965927
2895		193.255	138.82253365395
2896		193.295	-nan
2897		193.335	138.47233077728
2898		193.375	138.28825688817
2899		193.415	138.19030644299
2900		193.455	138.11188886941
2901		193.495	138.06330365592
2902		193.535	138.0232974675
2903		193.575	137.97585555256
2904		193.615	137.93716915094
2905		193.655	137.98166179792
2906		193.695	138.28889189704
2907		193.735	-nan
2908		193.775	-nan
2909		193.815	-nan
2910		193.855	-nan
2911		193.895	-nan
2912		193.935	-nan
2913		193.975	-nan
2914		194.015	-nan
2915		194.055	-nan
2916		194.095	-nan
2917		194.135	137.72421949933
2918		194.175	137.25326331633
2919		194.215	137.11177352178
2920		194.255	137.09633594265
2921		194.295	137.12813831505
2922		194.335	137.13361560102
2923		194.375	137.11725249889
2924		194.415	137.11300489842
2925		194.455	137.30309770508
2926		194.495	137.07421464604
2927		194.535	137.05017545661
2928		194.575	-nan
2929		194.615	136.92182212851
2930		194.655	136.81780382906
2931		194.695	136.72878520076
2932		194.735	136.63314233446
2933		194.775	136.51677439231
2934		194.815	136.3739499698
2935		194.855	136.20877412253
2936		194.895	136.04245251456
2937		194.935	135.99871448163
2938		194.975	136.20603950215
2939		195.015	-nan
2940		195.055	-nan
2941		195.095	-nan
2942		195.135	-nan
2943		195.175	-nan
2944		195.215	-nan
2945		195.255	-nan
2946		195.295	-nan
2947		195.335	-nan
2948		195.375	-nan
2949		195.415	136.43360697832
2950		195.455	135.99564221424
2951		195.495	135.83035080378
2952		195.535	135.80243873246
2953		195.575	135.73033934834
2954		195.615	135.64039848017
2955		195.655	135.53598903952
2956		195.695	135.41788914384
2957		195.735	135.34741111577
2958		195.775	135.29347036639
2959		195.815	135.22652914636
2960		195.855	-nan
2961		195.895	135.09695705087
2962		195.935	135.06606790193
2963		195.975	134.99544915667
2964		196.015	134.98559561518
2965		196.055	134.98695076092
2966		196.095	134.9263534417
2967		196.135	134.84548906916
2968		196.175	134.77982410531
2969		196.215	134.77437213348
2970		196.255	135.00858376685
2971		196.295	-nan
2972		196.335	-nan
2973		196.375	-nan
2974		196.415	-nan
2975		196.455	-nan
2976		196.495	-nan
2977		196.535	-nan
2978		196.575	-nan
2979		196.615	-nan
2980		196.655	-nan
2981		196.695	134.438242897
2982		196.735	134.04911850206
2983		196.775	133.97666705102
2984		196.815	134.0214512161
2985		196.855	134.06378395363
2986		196.895	134.08340258053
2987		196.935	134.05752853445
2988		196.975	133.99705904715
2989		197.015	133.96769446522
2990		197.055	133.89603649034
2991		197.095	133.80240383142
2992		197.135	-nan
2993		197.175	133.49267423004
2994		197.215	133.33956897352
2995		197.255	133.16860553622
2996		197.295	133.02137889595
2997		197.335	132.90061027399
2998		197.375	132.79695514849
2999		197.415	132.63190963103
3000		197.455	132.48493964617
3001		197.495	132.46606505507
3002		197.535	132.70334785342
3003		197.575	-nan
3004		197.615	-nan
3005		197.655	-nan
3006		197.695	-nan
3007		197.735	-nan
3008		197.775	-nan
3009		197.815	-nan
3010		197.855	-nan
3011		197.895	-nan
3012		197.935	-nan
3013		197.975	132.24384052964
3014		198.015	131.75482595673
3015		198.055	131.51084714937
3016		198.095	131.42911283145
3017		198.135	131.33222701046
3018		198.175	131.20346034811
3019		198.215	131.15166841604
3020		198.255	131.01886018761
3021		198.295	130.92364220832
3022		198.335	130.89904928003
3023		198.375	130.82158384062
3024		198.415	-nan
3025		198.455	130.64840334554
3026		198.495	130.55358993241
3027		198.535	130.45780955734
3028		198.575	130.34699169882
3029		198.615	130.26669851858
3030		198.655	130.13442364781
3031		198.695	129.90206940968
3032		198.735	129.71541408746
3033		198.775	129.59944125435
3034		198.815	129.62845744188
3035		198.855	-nan
3036		198.895	-nan
3037		198.935	-nan
3038		198.975	-nan
3039		199.015	-nan
3040		199.055	-nan
3041		199.095	-nan
3042		199.135	-nan
3043		199.175	-nan
3044		199.215	-nan
3045		199.255	128.33698320852
3046		199.295	127.93495005447
3047		199.335	127.79106219801
3048		199.375	127.70639368816
3049		199.415	127.67130346138
3050		199.455	127.6123224861
3051		199.495	127.42471638938
3052		199.535	127.31623014724
3053		199.575	127.14871443123
3054		199.615	126.90694792764
3055		199.655	126.70099066361
3056		199.695	-nan
3057		199.735	126.24923579971
3058		199.775	126.04249073641
3059		199.815	125.82467742546
3060		199.855	125.66439637079
3061		199.895	125.53279963545
3062		199.935	125.39140147391
3063		199.975	125.20568031491
3064		200.015	128.30911036385
3065		200.055	124.96814353821
3066		200.095	125.08904926837
3067		200.135	-nan
3068		200.175	-nan
3069		200.215	-nan
3070		200.255	-nan
3071		200.295	-nan
3072		200.335	-nan
3073		200.375	-nan
3074		200.415	-nan
3075		200.455	-nan
3076		200.495	-nan
3077		200.535	123.3148806316
3078		200.575	122.81343090014
3079		200.615	122.5640028749
3080		200.655	122.44227179271
3081		200.695	122.38599251977
3082		200.735	122.2280818986
3083		200.775	122.13994896405
3084		200.815	121.99281702377
3085		200.855	121.89130314154
3086		200.895	121.81108867179
3087		200.935	121.74054030786
3088		200.975	-nan
3089		201.015	121.43570245613
3090		201.055	121.26006061721
3091		201.095	121.1027842579
3092		201.135	120.92643384091
3093		201.175	120.709708341
3094		201.215	120.49872303648
3095		201.255	120.24213020404
3096		201.295	119.97871246889
3097		201.335	119.80168522149
3098		201.375	119.79080045086
3099		201.415	-nan
3100		201.455	-nan
3101		201.495	-nan
3102		201.535	-nan
3103		201.575	-nan
3104		201.615	-nan
3105		201.655	-nan
3106		201.695	-nan
3107		201.735	-nan
3108		201.775	-nan
3109		201.815	118.33132773475
3110		201.855	117.93383536945
3111		201.895	117.69735795081
3112		201.935	117.5781455481
3113		201.975	117.41607609892
3114		202.015	117.25019653795
3115		202.055	117.0824686799
3116		202.095	116.90703878342
3117		202.135	116.7467324053
3118		202.175	116.60396899209
3119		202.215	116.56239858002
3120		202.255	-nan
3121		202.295	116.08992107874
3122		202.335	115.96580981108
3123		202.375	115.83448918836
3124		202.415	115.71764606491
3125		202.455	115.65089678912
3126		202.495	115.4713568319
3127		202.535	115.33856296953
3128		202.575	115.19309611145
3129		202.615	115.09353924382
3130		202.655	115.13994018103
3131		202.695	-nan
3132		202.735	-nan
3133		202.775	-nan
3134		202.815	-nan
3135		202.855	-nan
3136		202.895	-nan
3137		202.935	-nan
3138		202.975	-nan
3139		203.015	-nan
3140		203.055	-nan
3141		203.095	113.22897923699
3142		203.135	112.91514211955
3143		203.175	112.74084054171
3144		203.215	112.66341952623
3145		203.255	112.62128395638
3146		203.295	112.56775196123
3147		203.335	112.47441645873
3148		203.375	112.40219735437
3149		203.415	112.31242158564
3150		203.455	112.20380806409
3151		203.495	112.09944140967
3152		203.535	-nan
3153		203.575	111.77053753398
3154		203.615	111.6277120643
3155		203.655	111.46994906501
3156		203.695	111.30408966141
3157		203.735	111.15195895442
3158		203.775	110.99755805506
3159		203.815	110.82826093119
3160		203.855	110.6705655451
3161		203.895	110.56745121046
3162		203.935	110.62674093308
3163		203.975	-nan
3164		204.015	-nan
3165		204.055	-nan
3166		204.095	-nan
3167		204.135	-nan
3168		204.175	-nan
3169		204.215	-nan
3170		204.255	-nan
3171		204.295	-nan
3172		204.335	-nan
3173		204.375	109.60112658132
3174		204.415	109.27053204928
3175		204.455	109.10018313152
3176		204.495	108.98661351926
3177		204.535	108.86885238851
3178		204.575	108.78617674228
3179		204.615	108.67196486785
3180		204.655	108.59523634559
3181		204.695	108.53997545235
3182		204.735	108.4854498057
3183		204.775	108.42138472778
3184		204.815	-nan
3185		204.855	108.30988829782
3186		204.895	108.32652319136
3187		204.935	108.27797171284
3188		204.975	108.24735541696
3189		205.015	108.19534584168
3190		205.055	108.12488212803
3191		205.095	107.99696862382
3192		205.135	107.85740891179
3193		205.175	107.78318879146
3194		205.215	107.80807855722
3195		205.255	-nan
3196		205.295	-nan
3197		205.335	-nan
3198		205.375	-nan
3199		205.415	-nan
3200		205.455	-nan
3201		205.495	-nan
3202		205.535	-nan
3203		205.575	-nan
3204		205.615	-nan
3205		205.655	106.73083772552
3206		205.695	106.50605393099
3207		205.735	106.42769685064
3208		205.775	106.42887656468
3209		205.815	106.43031336986
3210		205.855	106.4056093777
3211		205.895	106.35133360862
3212		205.935	106.28450539535
3213		205.975	106.24355868837
3214		206.015	106.16484181878
3215		206.055	106.06728468476
3216		206.095	-nan
3217		206.135	105.8785614968
3218		206.175	105.87072393206
3219		206.215	105.75341280764
3220		206.255	105.72287718137
3221		206.295	105.61383735894
3222		206.335	105.54176786368
3223		206.375	105.4920175611
3224		206.415	105.43009031962
3225		206.455	105.41134839207
3226		206.495	105.60892559818
3227		206.535	-nan
3228		206.575	-nan
3229		206.615	-nan
3230		206.655	-nan
3231		206.695	-nan
3232		206.735	-nan
3233		206.775	-nan
3234		206.815	-nan
3235		206.855	-nan
3236		206.895	-nan
3237		206.935	92.224997751076
3238		206.975	91.52590367206
3239		207.015	91.35440695893
3240		207.055	91.263215067476
3241		207.095	91.283620657766
3242		207.135	91.251141792274
3243		207.175	91.186650244416
3244		207.215	91.167957279552
3245		207.255	91.144020445322
3246		207.295	91.164648271256
3247		207.335	91.19532382613
3248		207.375	-nan
3249		207.415	91.184213568376
3250		207.455	91.148761992532
3251		207.495	91.116563518679
3252		207.535	91.115731307857
3253		207.575	91.109581373007
3254		207.615	91.070488449473
3255		207.655	91.018171230557
3256		207.695	90.880139201408
3257		207.735	90.917243071926
3258		207.775	91.317871277597
3259		207.815	-nan
3260		207.855	-nan
3261		207.895	-nan
3262		207.935	-nan
3263		207.975	-nan
3264		208.015	-nan
3265		208.055	-nan
3266		208.095	-nan
3267		208.135	-nan
3268		208.175	-nan
3269		208.215	91.093779858424
3270		208.255	90.450322210483
3271		208.295	90.255518677317
3272		208.335	90.557673543087
3273		208.375	90.241177770643
3274		208.415	90.191122275015
3275		208.455	90.102128274041
3276		208.495	90.006970938129
3277		208.535	89.957183010421
3278		208.575	89.925325352969
3279		208.615	89.889826665967
3280		208.655	-nan
3281		208.695	89.773667561141
3282		208.735	89.717108666653
3283		208.775	89.669965845203
3284		208.815	89.683193950136
3285		208.855	89.672407939613
3286		208.895	89.656853701431
3287		208.935	89.610855553502
3288		208.975	89.527920241091
3289		209.015	89.60631541708
3290		209.055	90.032393517739
3291		209.095	-nan
3292		209.135	-nan
3293		209.175	-nan
3294		209.215	-nan
3295		209.255	-nan
3296		209.295	-nan
3297		209.335	-nan
3298		209.375	-nan
3299		209.415	-nan
3300		209.455	-nan
3301		209.495	89.420959794443
3302		209.535	88.79303262923
3303		209.575	88.5761487352
3304		209.615	88.555690905928
3305		209.655	88.601432925755
3306		209.695	88.532376039093
3307		209.735	88.480407078898
3308		209.775	88.417226553429
3309		209.815	88.374841983011
3310		209.855	88.380813212565
3311		209.895	88.383013344497
3312		209.935	-nan
3313		209.975	88.210175567675
3314		210.015	88.12649803695
3315		210.055	88.034032718508
3316		210.095	87.98732697105
3317		210.135	87.928892212897
3318		210.175	87.859106567607
3319		210.215	87.73390483519
3320		210.255	87.621871349795
3321		210.295	87.629175136479
3322		210.335	88.033408295193
3323		210.375	-nan
3324		210.415	-nan
3325		210.455	-nan
3326		210.495	-nan
3327		210.535	-nan
3328		210.575	-nan
3329		210.615	-nan
3330		210.655	-nan
3331		210.695	-nan
3332		210.735	-nan
3333		210.775	87.373202341066
3334		210.815	86.734677629263
3335		210.855	86.463818125974
3336		210.895	86.368763340355
3337		210.935	86.302246738904
3338		210.975	86.193159201695
3339		211.015	86.093467379985
3340		211.055	85.992675413866
3341		211.095	85.861444487027
3342		211.135	85.82567893503
3343		211.175	85.741434108774
3344		211.215	-nan
3345		211.255	85.565457325171
3346		211.295	85.48589760879
3347		211.335	85.430324464402
3348		211.375	85.369438357083
3349		211.415	85.332854874867
3350		211.455	85.258413992896
3351		211.495	85.151963319766
3352		211.535	85.029142526814
3353		211.575	85.024616865121
3354		211.615	85.331936779821
3355		211.655	-nan
3356		211.695	-nan
3357		211.735	-nan
3358		211.775	-nan
3359		211.815	-nan
3360		211.855	-nan
3361		211.895	-nan
3362		211.935	-nan
3363		211.975	-nan
3364		212.015	-nan
3365		212.055	84.318259509355
3366		212.095	83.724760450144
3367		212.135	83.506288700599
3368		212.175	83.456515221283
3369		212.215	83.419032343505
3370		212.255	83.315600828049
3371		212.295	83.21199147244
3372		212.335	83.075651199709
3373		212.375	82.976002647205
3374		212.415	82.890335776438
3375		212.455	82.845343015726
3376		212.495	-nan
3377		212.535	82.548026064762
3378		212.575	82.399655489833
3379		212.615	82.286379860075
3380		212.655	82.21717692779
3381		212.695	82.105569795315
3382		212.735	82.000760486478
3383		212.775	81.881283830339
3384		212.815	81.769634795208
3385		212.855	81.730058223603
3386		212.895	82.001692048951
3387		212.935	-nan
3388		212.975	-nan
3389		213.015	-nan
3390		213.055	-nan
3391		213.095	-nan
3392		213.135	-nan
3393		213.175	-nan
3394		213.215	-nan
3395		213.255	-nan
3396		213.295	-nan
3397		213.335	80.964271464573
3398		213.375	80.375589439167
3399		213.415	80.127128631343
3400		213.455	80.021710690546
3401		213.495	79.901654067482
3402		213.535	79.772583363938
3403		213.575	79.642968077081
3404		213.615	79.520687701498
3405		213.655	79.420937432856
3406		213.695	79.364110842299
3407		213.735	79.297048622392
3408		213.775	-nan
3409		213.815	79.113613368332
3410		213.855	79.056441277861
3411		213.895	78.921201670868
3412		213.935	78.856324706525
3413		213.975	78.779078032883
3414		214.015	78.674272118725
3415		214.055	78.539840207108
3416		214.095	78.399154757643
3417		214.135	78.343102177073
3418		214.175	78.525617855407
3419		214.215	-nan
3420		214.255	-nan
3421		214.295	-nan
3422		214.335	-nan
3423		214.375	-nan
3424		214.415	-nan
3425		214.455	-nan
3426		214.495	-nan
3427		214.535	-nan
3428		214.575	-nan
3429		214.615	77.443182264428
3430		214.655	76.978271056717
3431		214.695	76.734686124127
3432		214.735	76.6355358867
3433		214.775	76.647593728734
3434		214.815	76.426326829518
3435		214.855	76.279274394588
3436		214.895	76.146223589678
3437		214.935	76.022177471781
3438		214.975	75.926094808061
3439		215.015	75.832625463302
3440		215.055	-nan
3441		215.095	75.552260054579
3442		215.135	75.438908931996
3443		215.175	75.330702676984
3444		215.215	75.256688479821
3445		215.255	75.19471226264
3446		215.295	75.117663954192
3447		215.335	75.055814236523
3448		215.375	74.930091114126
3449		215.415	74.940446224163
3450		215.455	75.105605042409
3451		215.495	-nan
3452		215.535	-nan
3453		215.575	-nan
3454		215.615	-nan
3455		215.655	-nan
3456		215.695	-nan
3457		215.735	-nan
3458		215.775	-nan
3459		215.815	-nan
3460		215.855	-nan
3461		215.895	74.085259288379
3462		215.935	73.640818943369
3463		215.975	73.405785314815
3464		216.015	73.358743201777
3465		216.055	73.274101622496
3466		216.095	73.185583551279
3467		216.135	73.089334070539
3468		216.175	72.991052635691
3469		216.215	72.918204871947
3470		216.255	72.862893074791
3471		216.295	72.795236122296
3472		216.335	-nan
3473		216.375	72.603337573602
3474		216.415	72.512853067858
3475		216.455	72.42686712801
3476		216.495	72.345127949584
3477		216.535	72.27845130216
3478		216.575	72.236518452933
3479		216.615	72.075693815273
3480		216.655	71.984178762795
3481		216.695	71.918938025557
3482		216.735	72.080523321717
3483		216.775	-nan
3484		216.815	-nan
3485		216.855	-nan
3486		216.895	-nan
3487		216.935	-nan
3488		216.975	-nan
3489		217.015	-nan
3490		217.055	-nan
3491		217.095	-nan
3492		217.135	-nan
3493		217.175	71.385319827564
3494		217.215	70.999077029043
3495		217.255	70.804864309144
3496		217.295	70.732791545781
3497		217.335	70.653490695246
3498		217.375	70.561615740201
3499		217.415	70.516269281685
3500		217.455	70.349908971746
3501		217.495	70.261525540942
3502		217.535	70.201096420998
3503		217.575	70.150261709719
3504		217.615	-nan
3505		217.655	70.024939251813
3506		217.695	69.95193697105
3507		217.735	69.90491148367
3508		217.775	69.887846244202
3509		217.815	69.858547976386
3510		217.855	69.833830068454
3511		217.895	69.757188960244
3512		217.935	69.697789915172
3513		217.975	69.732076021823
3514		218.015	69.861838785317
3515		218.055	-nan
3516		218.095	-nan
3517		218.135	-nan
3518		218.175	-nan
3519		218.215	-nan
3520		218.255	-nan
3521		218.295	-nan
3522		218.335	-nan
3523		218.375	-nan
3524		218.415	-nan
3525		218.455	69.133597391363
3526		218.495	68.812588169303
3527		218.535	68.657085597626
3528		218.575	68.641244943789
3529		218.615	68.602928118036
3530		218.655	68.529385098727
3531		218.695	68.454670172581
3532		218.735	68.395547029043
3533		218.775	68.347844894157
3534		218.815	68.295714564148
3535		218.855	68.225074162806
3536		218.895	-nan
3537		218.935	68.073791783756
3538		218.975	67.99326843231
3539		219.015	67.916704548322
3540		219.055	67.885535768208
3541		219.095	67.837482181742
3542		219.135	67.816225821615
3543		219.175	67.728920445553
3544		219.215	67.660006658076
3545		219.255	67.668470235711
3546		219.295	67.847602685614
3547		219.335	-nan
3548		219.375	-nan
3549		219.415	-nan
3550		219.455	-nan
3551		219.495	-nan
3552		219.535	-nan
3553		219.575	-nan
3554		219.615	-nan
3555		219.655	-nan
3556		219.695	-nan
3557		219.735	67.375330320482
3558		219.775	67.030809324115
3559		219.815	66.871021785605
3560		219.855	66.799050326764
3561		219.895	66.743751431879
3562		219.935	66.674813350957
3563		219.975	66.588164190855
3564		220.015	66.529621304425
3565		220.055	66.4773091654
3566		220.095	66.451664057324
3567		220.135	66.402870721793
3568		220.175	-nan
3569		220.215	66.311427914354
3570		220.255	66.262756818994
3571		220.295	66.220692246734
3572		220.335	66.197889763
3573		220.375	66.164351888656
3574		220.415	66.134686861192
3575		220.455	66.056157111417
3576		220.495	65.975503269499
3577		220.535	65.966332714998
3578		220.575	66.082557020433
3579		220.615	-nan
3580		220.655	-nan
3581		220.695	-nan
3582		220.735	-nan
3583		220.775	-nan
3584		220.815	-nan
3585		220.855	-nan
3586		220.895	-nan
3587		220.935	-nan
3588		220.975	-nan
3589		221.015	65.53137030399
3590		221.055	65.231695568024
3591		221.095	65.108460631895
3592		221.135	65.057564792031
3593		221.175	65.010668940723
3594		221.215	64.948674892638
3595		221.255	64.86858731716
3596		221.295	64.786409544245
3597		221.335	64.749763423092
3598		221.375	64.654383804289
3599		221.415	64.576533394887
3600		221.455	-nan
3601		221.495	64.406926941935
3602		221.535	64.320066286669
3603		221.575	64.252741514168
3604		221.615	64.211269975126
3605		221.655	64.167850625996
3606		221.695	64.132676813991
3607		221.735	64.062507062484
3608		221.775	63.987264541989
3609		221.815	63.981738368741
3610		221.855	64.116348579592
3611		221.895	-nan
3612		221.935	-nan
3613		221.975	-nan
3614		222.015	-nan
3615		222.055	-nan
3616		222.095	-nan
3617		222.135	-nan
3618		222.175	-nan
3619		222.215	-nan
3620		222.255	-nan
3621		222.295	63.428229344862
3622		222.335	63.119265877973
3623		222.375	62.973610868747
3624		222.415	62.909874225102
3625		222.455	62.918288860291
3626		222.495	62.853080080226
3627		222.535	62.683308909396
3628		222.575	62.600172717336
3629		222.615	62.531921194476
3630		222.655	62.489506491215
3631		222.695	62.407079458782
3632		222.735	-nan
3633		222.775	62.232072398065
3634		222.815	62.145587441141
3635		222.855	62.111962466815
3636		222.895	61.992541739714
3637		222.935	61.912619779926
3638		222.975	61.82916251207
3639		223.015	61.715588797789
3640		223.055	61.609427784057
3641		223.095	61.56026853577
3642		223.135	61.626800933378
3643		223.175	-nan
3644		223.215	-nan
3645		223.255	-nan
3646		223.295	-nan
3647		223.335	-nan
3648		223.375	-nan
3649		223.415	-nan
3650		223.455	-nan
3651		223.495	-nan
3652		223.535	-nan
3653		223.575	54.804022489381
3654		223.615	54.308248922852
3655		223.655	54.105632218337
3656		223.695	54.046567005647
3657		223.735	53.984394960897
3658		223.775	53.912956295869
3659		223.815	53.811676113148
3660		223.855	53.702960707876
3661		223.895	53.620549701564
3662		223.935	53.554956285803
3663		223.975	53.49810817051
3664		224.015	-nan
3665		224.055	53.316266415313
3666		224.095	53.231639492769
3667		224.135	53.18913666347
3668		224.175	53.116433699899
3669		224.215	53.074561213318
3670		224.255	53.01401113972
3671		224.295	52.953318412934
3672		224.335	52.844975188688
3673		224.375	52.844486504293
3674		224.415	53.083501747378
3675		224.455	-nan
3676		224.495	-nan
3677		224.535	-nan
3678		224.575	-nan
3679		224.615	-nan
3680		224.655	-nan
3681		224.695	-nan
3682		224.735	-nan
3683		224.775	-nan
3684		224.815	-nan
3685		224.855	52.552275555575
3686		224.895	52.081452935112
3687		224.935	51.880091724772
3688		224.975	51.825434959812
3689		225.015	52.073811960378
3690		225.055	51.725279106053
3691		225.095	51.620390748238
3692		225.135	51.504370544842
3693		225.175	51.418181214362
3694		225.215	51.352465775263
3695		225.255	51.272708028987
3696		225.295	-nan
3697		225.335	51.069357584166
3698		225.375	50.967371832867
3699		225.415	50.875358602154
3700		225.455	50.828615828094
3701		225.495	50.730878486709
3702		225.535	50.657218393382
3703		225.575	50.546286892412
3704		225.615	50.446568430031
3705		225.655	50.473122531427
3706		225.695	50.632961404311
3707		225.735	-nan
3708		225.775	-nan
3709		225.815	-nan
3710		225.855	-nan
3711		225.895	-nan
3712		225.935	-nan
3713		225.975	-nan
3714		226.015	-nan
3715		226.055	-nan
3716		226.095	-nan
3717		226.135	50.024728896339
3718		226.175	49.593286388957
3719		226.215	49.402849132522
3720		226.255	49.329485253266
3721		226.295	49.251590533568
3722		226.335	49.16297833686
3723		226.375	49.046435771246
3724		226.415	48.949807866188
3725		226.455	48.866690874469
3726		226.495	48.792580269766
3727		226.535	48.725031001647
3728		226.575	-nan
3729		226.615	48.560519681725
3730		226.655	48.458923751432
3731		226.695	48.381689575844
3732		226.735	48.316830187797
3733		226.775	48.245620447803
3734		226.815	48.177249087182
3735		226.855	48.107155480965
3736		226.895	48.064088312831
3737		226.935	54.296531145781
3738		226.975	48.109633381918
3739		227.015	-nan
3740		227.055	-nan
3741		227.095	-nan
3742		227.135	-nan
3743		227.175	-nan
3744		227.215	-nan
3745		227.255	-nan
3746		227.295	-nan
3747		227.335	-nan
3748		227.375	-nan
3749		227.415	47.431351146213
3750		227.455	47.030859432578
3751		227.495	46.882406951044
3752		227.535	46.835485029878
3753		227.575	46.744638320667
3754		227.615	46.67122866508
3755		227.655	46.571712067307
3756		227.695	46.465558915293
3757		227.735	46.374988776475
3758		227.775	46.315693310316
3759		227.815	46.21159016366
3760		227.855	-nan
3761		227.895	46.002091293555
3762		227.935	45.906287514611
3763		227.975	45.835226189009
3764		228.015	45.749370782056
3765		228.055	45.68409492332
3766		228.095	45.633953285088
3767		228.135	45.518460002605
3768		228.175	45.43463320843
3769		228.215	45.411928449876
3770		228.255	45.542893411513
3771		228.295	-nan
3772		228.335	-nan
3773		228.375	-nan
3774		228.415	-nan
3775		228.455	-nan
3776		228.495	-nan
3777		228.535	-nan
3778		228.575	-nan
3779		228.615	-nan
3780		228.655	-nan
3781		228.695	44.892082245557
3782		228.735	44.562998158739
3783		228.775	44.413646694264
3784		228.815	44.360827519622
3785		228.855	44.287848496144
3786		228.895	44.228687270177
3787		228.935	44.148049941923
3788		228.975	44.050370903756
3789		229.015	43.988126877537
3790		229.055	43.920394230917
3791		229.095	43.944112355964
3792		229.135	-nan
3793		229.175	43.716214985204
3794		229.215	43.639327109844
3795		229.255	43.553465545666
3796		229.295	43.485508546164
3797		229.335	43.429052994487
3798		229.375	43.348433041925
3799		229.415	43.253286543426
3800		229.455	43.164940788817
3801		229.495	43.131373812895
3802		229.535	43.227085995398
3803		229.575	-nan
3804		229.615	-nan
3805		229.655	-nan
3806		229.695	-nan
3807		229.735	-nan
3808		229.775	-nan
3809		229.815	-nan
3810		229.855	-nan
3811		229.895	-nan
3812		229.935	-nan
3813		229.975	42.658190709072
3814		230.015	42.366034493353
3815		230.055	42.244340759681
3816		230.095	42.177506277707
3817		230.135	42.118267100012
3818		230.175	42.047645304033
3819		230.215	41.961772737759
3820		230.255	41.878051985756
3821		230.295	41.84601228418
3822		230.335	41.735641236216
3823		230.375	41.669416017099
3824		230.415	-nan
3825		230.455	41.512115029858
3826		230.495	41.440898736701
3827		230.535	41.380883139615
3828		230.575	41.319943951113
3829		230.615	41.278731562485
3830		230.655	41.227638557255
3831		230.695	41.159066966658
3832		230.735	41.092910265623
3833		230.775	41.072253698737
3834		230.815	41.169475075381
3835		230.855	-nan
3836		230.895	-nan
3837		230.935	-nan
3838		230.975	-nan
3839		231.015	-nan
