0				131.215	-nan
1				131.255	-nan
2				131.295	-nan
3				131.335	-nan
4				131.375	-nan
5				131.415	595.58719299043
6				131.455	589.61789414212
7				131.495	588.03177410639
8				131.535	588.84365636383
9				131.575	590.11810539148
10			131.615	589.75366065149
11			131.655	589.91785790471
12			131.695	589.91789193146
13			131.735	590.26256299983
14			131.775	590.97054023136
15			131.815	591.59225722238
16			131.855	-nan
17			131.895	592.18413027982
18			131.935	592.21073384062
19			131.975	593.88296634075
20			132.015	594.37359296682
21			132.055	594.08184294425
22			132.095	594.6457075768
23			132.135	594.69092252289
24			132.175	594.72579441837
25			132.215	596.24807219171
26			132.255	601.37988018856
27			132.295	-nan
28			132.335	-nan
29			132.375	-nan
30			132.415	-nan
31			132.455	-nan
32			132.495	-nan
33			132.535	-nan
34			132.575	-nan
35			132.615	-nan
36			132.655	-nan
37			132.695	620.09153115548
38			132.735	614.88240811
39			132.775	613.77599499419
40			132.815	614.58322881134
41			132.855	615.69090076132
42			132.895	616.29002980092
43			132.935	616.73132950059
44			132.975	617.06717283876
45			133.015	617.65996206647
46			133.055	618.47511202274
47			133.095	619.34304046162
48			133.135	-nan
49			133.175	620.56662825172
50			133.215	620.93568802278
51			133.255	621.4827312099
52			133.295	622.32723906988
53			133.335	623.1877833451
54			133.375	623.94455926604
55			133.415	624.30150572054
56			133.455	624.41758230878
57			133.495	626.3761810794
58			133.535	631.42633028568
59			133.575	-nan
60			133.615	-nan
61			133.655	-nan
62			133.695	-nan
63			133.735	-nan
64			133.775	-nan
65			133.815	-nan
66			133.855	-nan
67			133.895	-nan
68			133.935	-nan
69			133.975	649.58736372231
70			134.015	643.92240215766
71			134.055	642.95108603623
72			134.095	643.59000596437
73			134.135	644.97367680168
74			134.175	645.50606175873
75			134.215	645.6528049637
76			134.255	646.15579345492
77			134.295	646.66702944885
78			134.335	647.38633692499
79			134.375	648.28292004868
80			134.415	-nan
81			134.455	649.39233800496
82			134.495	649.92115987561
83			134.535	650.49299390394
84			134.575	651.15096156556
85			134.615	652.12348677329
86			134.655	652.78409399176
87			134.695	652.77390954713
88			134.735	653.05594811683
89			134.775	654.57075965344
90			134.815	660.2812771664
91			134.855	-nan
92			134.895	-nan
93			134.935	-nan
94			134.975	-nan
95			135.015	-nan
96			135.055	-nan
97			135.095	-nan
98			135.135	-nan
99			135.175	-nan
100			135.215	-nan
101			135.255	677.69858907492
102			135.295	671.88184428257
103			135.335	670.4971061334
104			135.375	671.07005096046
105			135.415	672.08274728694
106			135.455	672.47043693896
107			135.495	672.58602995501
108			135.535	672.75761550643
109			135.575	673.03660876506
110			135.615	673.91951374056
111			135.655	674.60323049511
112			135.695	-nan
113			135.735	675.25785550252
114			135.775	675.26554798316
115			135.815	675.36378177133
116			135.855	675.71038042163
117			135.895	676.12503741849
118			135.935	676.15502787661
119			135.975	675.65548570281
120			136.015	675.5129099695
121			136.055	676.40225833107
122			136.095	681.57523915304
123			136.135	-nan
124			136.175	-nan
125			136.215	-nan
126			136.255	-nan
127			136.295	-nan
128			136.335	-nan
129			136.375	-nan
130			136.415	-nan
131			136.455	-nan
132			136.495	-nan
133			136.535	696.24560938166
134			136.575	690.9987662756
135			136.615	690.16502737138
136			136.655	687.39889462903
137			136.695	687.31968414336
138			136.735	687.15016258207
139			136.775	688.84765999916
140			136.815	685.55642128716
141			136.855	682.99724013588
142			136.895	681.06298352221
143			136.935	683.04520125822
144			136.975	-nan
145			137.015	675.6884013701
146			137.055	682.75699267037
147			137.095	679.5895811753
148			137.135	680.48734885722
149			137.175	672.98707899639
150			137.215	-nan
151			137.255	672.35887926049
152			137.295	676.87760248626
153			137.335	677.13995594896
154			137.375	682.46937195636
155			137.415	-nan
156			137.455	-nan
157			137.495	-nan
158			137.535	-nan
159			137.575	-nan
160			137.615	-nan
161			137.655	-nan
162			137.695	-nan
163			137.735	-nan
164			137.775	-nan
165			137.815	706.31580495482
166			137.855	698.91122445058
167			137.895	698.67616196293
168			137.935	698.59812404454
169			137.975	697.60303609777
170			138.015	697.90816029263
171			138.055	697.70868657757
172			138.095	697.54930969997
173			138.135	697.6786427662
174			138.175	697.77543120222
175			138.215	698.06031083645
176			138.255	-nan
177			138.295	697.40156529116
178			138.335	696.78832859534
179			138.375	696.45477306505
180			138.415	696.56060737945
181			138.455	696.56618986855
182			138.495	697.64467234518
183			138.535	695.6251682871
184			138.575	695.02034000214
185			138.615	695.52748242714
186			138.655	700.24908146177
187			138.695	-nan
188			138.735	-nan
189			138.775	-nan
190			138.815	-nan
191			138.855	-nan
192			138.895	-nan
193			138.935	-nan
194			138.975	-nan
195			139.015	-nan
196			139.055	-nan
197			139.095	704.62811807641
198			139.135	698.22863393763
199			139.175	696.10337022598
200			139.215	695.8622068395
201			139.255	695.59595190792
202			139.295	695.22465527096
203			139.335	694.3338544697
204			139.375	693.41401326002
205			139.415	693.11855189304
206			139.455	692.97610658103
207			139.495	692.65103569864
208			139.535	-nan
209			139.575	691.58101560958
210			139.615	690.88467483323
211			139.655	690.48379806315
212			139.695	690.31923145175
213			139.735	690.45755236345
214			139.775	690.17655994677
215			139.815	689.45904597984
216			139.855	688.65278387863
217			139.895	689.56087479524
218			139.935	693.58265836746
219			139.975	-nan
220			140.015	-nan
221			140.055	-nan
222			140.095	-nan
223			140.135	-nan
224			140.175	-nan
225			140.215	-nan
226			140.255	-nan
227			140.295	-nan
228			140.335	-nan
229			140.375	692.9660449557
230			140.415	686.99825997091
231			140.455	684.9929991699
232			140.495	684.74124512824
233			140.535	684.99046869991
234			140.575	684.7113978755
235			140.615	684.10455386271
236			140.655	683.61938266021
237			140.695	683.1688380016
238			140.735	683.33227255729
239			140.775	683.21276210946
240			140.815	-nan
241			140.855	681.96258146176
242			140.895	681.33744163208
243			140.935	680.8987710532
244			140.975	680.76968725512
245			141.015	680.7086894296
246			141.055	680.33002397067
247			141.095	679.59408172479
248			141.135	678.81640930911
249			141.175	679.56385687742
250			141.215	683.52272597399
251			141.255	-nan
252			141.295	-nan
253			141.335	-nan
254			141.375	-nan
255			141.415	-nan
256			141.455	-nan
257			141.495	-nan
258			141.535	-nan
259			141.575	-nan
260			141.615	-nan
261			141.655	687.51560540066
262			141.695	681.59407739679
263			141.735	679.78439745761
264			141.775	679.57374167863
265			141.815	679.7369881246
266			141.855	679.54878064289
267			141.895	679.08998709745
268			141.935	678.45681237298
269			141.975	678.16415404239
270			142.015	678.46612429637
271			142.055	678.34066374702
272			142.095	-nan
273			142.135	678.05827709152
274			142.175	677.96903994975
275			142.215	677.94152403638
276			142.255	678.22712920363
277			142.295	678.5321558323
278			142.335	678.44418474406
279			142.375	678.16341016502
280			142.415	677.91446027874
281			142.455	678.5552557231
282			142.495	682.54267361808
283			142.535	-nan
284			142.575	-nan
285			142.615	-nan
286			142.655	-nan
287			142.695	-nan
288			142.735	-nan
289			142.775	-nan
290			142.815	-nan
291			142.855	-nan
292			142.895	-nan
293			142.935	691.48309294027
294			142.975	686.54793534642
295			143.015	685.13447980067
296			143.055	685.52101575295
297			143.095	686.08603173086
298			143.135	686.19550588945
299			143.175	686.03287411378
300			143.215	685.9422909235
301			143.255	685.99233287085
302			143.295	686.22363666905
303			143.335	686.39940551832
304			143.375	-nan
305			143.415	686.55578794401
306			143.455	686.43228470196
307			143.495	686.45260320791
308			143.535	686.68190571308
309			143.575	687.29830580258
310			143.615	687.75934149446
311			143.655	687.68758305189
312			143.695	687.70468455124
313			143.735	689.18743992183
314			143.775	693.58828775131
315			143.815	-nan
316			143.855	-nan
317			143.895	-nan
318			143.935	-nan
319			143.975	-nan
320			144.015	-nan
321			144.055	-nan
322			144.095	-nan
323			144.135	-nan
324			144.175	-nan
325			144.215	704.94144437808
326			144.255	700.29422156223
327			144.295	699.2470068618
328			144.335	699.66081033556
329			144.375	700.63534502738
330			144.415	701.16299442982
331			144.455	701.58176179797
332			144.495	701.85553369372
333			144.535	702.41897325648
334			144.575	703.2037237015
335			144.615	704.02023175005
336			144.655	-nan
337			144.695	705.19904133964
338			144.735	705.36602845128
339			144.775	705.78178336876
340			144.815	706.65418528367
341			144.855	707.36506345379
342			144.895	707.92296437284
343			144.935	707.99175346726
344			144.975	707.83831623899
345			145.015	709.36484164752
346			145.055	713.90756155409
347			145.095	-nan
348			145.135	-nan
349			145.175	-nan
350			145.215	-nan
351			145.255	-nan
352			145.295	-nan
353			145.335	-nan
354			145.375	-nan
355			145.415	-nan
356			145.455	-nan
357			145.495	729.08090057517
358			145.535	724.50479167661
359			145.575	723.55166532534
360			145.615	724.23621193962
361			145.655	725.24026114495
362			145.695	725.64852359742
363			145.735	725.86904239923
364			145.775	725.51299794502
365			145.815	725.20739579209
366			145.855	726.98534139955
367			145.895	728.09313459414
368			145.935	-nan
369			145.975	729.27956190014
370			146.015	729.67487132768
371			146.055	730.19793383964
372			146.095	731.22778743756
373			146.135	732.28009853671
374			146.175	733.08031105777
375			146.215	733.38379999374
376			146.255	733.69669040342
377			146.295	735.45780385258
378			146.335	740.35877539363
379			146.375	-nan
380			146.415	-nan
381			146.455	-nan
382			146.495	-nan
383			146.535	-nan
384			146.575	-nan
385			146.615	-nan
386			146.655	-nan
387			146.695	-nan
388			146.735	-nan
389			146.775	758.66881869174
390			146.815	754.01719700171
391			146.855	753.18460500156
392			146.895	754.18244365609
393			146.935	755.74709993966
394			146.975	756.35963589511
395			147.015	756.67238859502
396			147.055	757.11887063005
397			147.095	757.8920400149
398			147.135	758.73497263664
399			147.175	759.50364800447
400			147.215	-nan
401			147.255	760.61532520231
402			147.295	760.83991576184
403			147.335	761.23564755207
404			147.375	761.67497721089
405			147.415	762.3029448562
406			147.455	762.92283343681
407			147.495	763.03126763272
408			147.535	763.222442916
409			147.575	764.5697082651
410			147.615	769.3113102378
411			147.655	-nan
412			147.695	-nan
413			147.735	-nan
414			147.775	-nan
415			147.815	-nan
416			147.855	-nan
417			147.895	-nan
418			147.935	-nan
419			147.975	-nan
420			148.015	-nan
421			148.055	787.1988524065
422			148.095	782.17272442548
423			148.135	780.8378540174
424			148.175	781.26164284626
425			148.215	781.82097271824
426			148.255	782.14394488637
427			148.295	781.96661617954
428			148.335	782.01330461536
429			148.375	782.31138530662
430			148.415	782.76960287909
431			148.455	783.44758247671
432			148.495	-nan
433			148.535	784.20825976759
434			148.575	784.34299233543
435			148.615	784.66497517002
436			148.655	785.44683756659
437			148.695	786.09354672448
438			148.735	786.52136278069
439			148.775	786.41920415545
440			148.815	785.98628343443
441			148.855	787.33012928809
442			148.895	791.36924893084
443			148.935	-nan
444			148.975	-nan
445			149.015	-nan
446			149.055	-nan
447			149.095	-nan
448			149.135	-nan
449			149.175	-nan
450			149.215	-nan
451			149.255	-nan
452			149.295	-nan
453			149.335	801.73813134516
454			149.375	796.75967792487
455			149.415	795.37086417914
456			149.455	795.7467793708
457			149.495	796.27443065921
458			149.535	796.3045528549
459			149.575	796.08252863885
460			149.615	795.82732555552
461			149.655	795.65398902405
462			149.695	795.70824878305
463			149.735	795.52643113173
464			149.775	-nan
465			149.815	794.71755602998
466			149.855	794.19992362481
467			149.895	793.84847679235
468			149.935	793.82648233689
469			149.975	793.71339480546
470			150.015	793.74441917747
471			150.055	793.43236178236
472			150.095	793.04830751227
473			150.135	793.87684701361
474			150.175	798.74004671348
475			150.215	-nan
476			150.255	-nan
477			150.295	-nan
478			150.335	-nan
479			150.375	-nan
480			150.415	-nan
481			150.455	-nan
482			150.495	-nan
483			150.535	-nan
484			150.575	-nan
485			150.615	799.27583994331
486			150.655	793.89873668583
487			150.695	791.91010765115
488			150.735	791.61361866984
489			150.775	791.40742427989
490			150.815	791.17645808116
491			150.855	790.45204471338
492			150.895	789.92924409923
493			150.935	789.5809795771
494			150.975	789.29665930976
495			151.015	789.17756969489
496			151.055	-nan
497			151.095	788.29277938671
498			151.135	787.60445741897
499			151.175	787.26324261996
500			151.215	786.78516953619
501			151.255	786.42304895537
502			151.295	785.62783169671
503			151.335	784.98753837823
504			151.375	783.5967809624
505			151.415	783.56225287375
506			151.455	786.4349846298
507			151.495	-nan
508			151.535	-nan
509			151.575	-nan
510			151.615	-nan
511			151.655	-nan
512			151.695	-nan
513			151.735	-nan
514			151.775	-nan
515			151.815	-nan
516			151.855	-nan
517			151.895	785.51987854022
518			151.935	780.47466352886
519			151.975	778.53732749586
520			152.015	777.98386551002
521			152.055	777.55673567847
522			152.095	776.77610446369
523			152.135	775.74066851808
524			152.175	774.64066315646
525			152.215	774.07365565718
526			152.255	773.42482601042
527			152.295	772.99042521026
528			152.335	-nan
529			152.375	771.14633144741
530			152.415	770.58452567929
531			152.455	769.87786944702
532			152.495	769.45808889311
533			152.535	769.08937835742
534			152.575	768.65219433339
535			152.615	767.95811720167
536			152.655	767.23221874871
537			152.695	767.62655757663
538			152.735	770.38878969723
539			152.775	-nan
540			152.815	-nan
541			152.855	-nan
542			152.895	-nan
543			152.935	-nan
544			152.975	-nan
545			153.015	-nan
546			153.055	-nan
547			153.095	-nan
548			153.135	-nan
549			153.175	764.8987256007
550			153.215	760.2464272249
551			153.255	758.41109811796
552			153.295	758.28584967985
553			153.335	758.4187477523
554			153.375	757.92322933162
555			153.415	757.60071779772
556			153.455	757.01553522454
557			153.495	756.72054314104
558			153.535	756.46637775787
559			153.575	756.09245718101
560			153.615	-nan
561			153.655	754.73825259054
562			153.695	753.89910762399
563			153.735	753.22641596829
564			153.775	752.51827710772
565			153.815	752.3586151549
566			153.855	751.71195277302
567			153.895	751.00667537413
568			153.935	750.17354602039
569			153.975	750.21325745385
570			154.015	752.98909732915
571			154.055	-nan
572			154.095	-nan
573			154.135	-nan
574			154.175	-nan
575			154.215	-nan
576			154.255	-nan
577			154.295	-nan
578			154.335	-nan
579			154.375	-nan
580			154.415	-nan
581			154.455	752.83715749553
582			154.495	748.39341536864
583			154.535	746.94324958024
584			154.575	746.63775076868
585			154.615	746.26944141501
586			154.655	745.77758132157
587			154.695	745.102925502
588			154.735	744.54571236042
589			154.775	744.21725158455
590			154.815	744.12438138288
591			154.855	743.96197676217
592			154.895	-nan
593			154.935	743.65415631983
594			154.975	743.49592018208
595			155.015	743.48964719585
596			155.055	743.5447787048
597			155.095	743.69581087265
598			155.135	743.46327024595
599			155.175	742.88952486607
600			155.215	742.42135574194
601			155.255	742.77218217436
602			155.295	745.33417765653
603			155.335	-nan
604			155.375	-nan
605			155.415	-nan
606			155.455	-nan
607			155.495	-nan
608			155.535	-nan
609			155.575	-nan
610			155.615	-nan
611			155.655	-nan
612			155.695	-nan
613			155.735	745.35431470923
614			155.775	742.06173970638
615			155.815	741.20914569552
616			155.855	741.34816802927
617			155.895	741.99433520389
618			155.935	742.06211177098
619			155.975	742.01634518986
620			156.015	742.00807167373
621			156.055	741.88321301452
622			156.095	741.93136904149
623			156.135	742.08536605522
624			156.175	-nan
625			156.215	741.72582648503
626			156.255	741.554438392
627			156.295	741.36527233929
628			156.335	741.48224506075
629			156.375	741.6727650877
630			156.415	742.03012597044
631			156.455	741.79278006597
632			156.495	741.89757739861
633			156.535	743.00444010092
634			156.575	746.31997167435
635			156.615	-nan
636			156.655	-nan
637			156.695	-nan
638			156.735	-nan
639			156.775	-nan
640			156.815	-nan
641			156.855	-nan
642			156.895	-nan
643			156.935	-nan
644			156.975	-nan
645			157.015	753.23611503134
646			157.055	749.68641168754
647			157.095	748.87976126168
648			157.135	749.08245936734
649			157.175	749.62904767383
650			157.215	749.87663839871
651			157.255	750.01404430561
652			157.295	750.20726640548
653			157.335	750.67122878246
654			157.375	751.36359917397
655			157.415	752.06159673826
656			157.455	-nan
657			157.495	753.32046384131
658			157.535	753.69357611279
659			157.575	753.98624213265
660			157.615	754.33215985067
661			157.655	755.03103126988
662			157.695	755.40729279738
663			157.735	755.36021197326
664			157.775	754.96196968135
665			157.815	755.93575992755
666			157.855	758.95820012635
667			157.895	-nan
668			157.935	-nan
669			157.975	-nan
670			158.015	-nan
671			158.055	-nan
672			158.095	-nan
673			158.135	-nan
674			158.175	-nan
675			158.215	-nan
676			158.255	-nan
677			158.295	768.69567985712
678			158.335	765.89713290067
679			158.375	765.02053415703
680			158.415	765.68793065823
681			158.455	766.18949851525
682			158.495	766.60649274057
683			158.535	766.56821216014
684			158.575	766.81256078036
685			158.615	766.95425783105
686			158.655	767.30412759636
687			158.695	767.59723360374
688			158.735	-nan
689			158.775	768.35287346141
690			158.815	768.50566932841
691			158.855	768.83545336428
692			158.895	769.53239068383
693			158.935	770.22567987896
694			158.975	770.87403599181
695			159.015	771.19535763211
696			159.055	771.55945482137
697			159.095	772.67882220725
698			159.135	776.24471526093
699			159.175	-nan
700			159.215	-nan
701			159.255	-nan
702			159.295	-nan
703			159.335	-nan
704			159.375	-nan
705			159.415	-nan
706			159.455	-nan
707			159.495	-nan
708			159.535	-nan
709			159.575	784.81829158562
710			159.615	781.37207846526
711			159.655	780.80763898742
712			159.695	781.3556774033
713			159.735	782.01816959496
714			159.775	782.63510677446
715			159.815	782.97865008847
716			159.855	783.28127668994
717			159.895	783.88782011525
718			159.935	784.15638365123
719			159.975	784.77763788959
720			160.015	-nan
721			160.055	785.20837264138
722			160.095	785.37938016508
723			160.135	785.57922516489
724			160.175	785.77005571438
725			160.215	786.19868268316
726			160.255	786.64211297815
727			160.295	785.97078547064
728			160.335	785.67234695529
729			160.375	786.64149387134
730			160.415	789.51206795219
731			160.455	-nan
732			160.495	-nan
733			160.535	-nan
734			160.575	-nan
735			160.615	-nan
736			160.655	-nan
737			160.695	-nan
738			160.735	-nan
739			160.775	-nan
740			160.815	-nan
741			160.855	797.50883963336
742			160.895	793.84844091853
743			160.935	792.65910443277
744			160.975	792.4590231298
745			161.015	792.57507034957
746			161.055	792.49477792943
747			161.095	792.00085676831
748			161.135	791.50097143829
749			161.175	791.64304437645
750			161.215	791.54160245721
751			161.255	791.51661881179
752			161.295	-nan
753			161.335	791.64265219651
754			161.375	791.7087122203
755			161.415	791.85528773037
756			161.455	791.7978951844
757			161.495	792.15047342493
758			161.535	792.16764312795
759			161.575	791.86330021558
760			161.615	791.50413143895
761			161.655	791.72549327371
762			161.695	794.47264411907
763			161.735	-nan
764			161.775	-nan
765			161.815	-nan
766			161.855	-nan
767			161.895	-nan
