0				72.335	-nan
1				72.375	-nan
2				72.415	-nan
3				72.455	-nan
4				72.495	-nan
5				72.535	193.41065559094
6				72.575	193.77799188689
7				72.615	195.1112601942
8				72.655	196.37782542864
9				72.695	197.27647407428
10			72.735	198.70343787759
11			72.775	199.91355341139
12			72.815	201.04665197977
13			72.855	202.49502524983
14			72.895	203.87580071607
15			72.935	205.58228031764
16			72.975	-nan
17			73.015	208.6807798174
18			73.055	210.12209652838
19			73.095	211.58173178717
20			73.135	213.07714968732
21			73.175	214.57270658874
22			73.215	216.00754417567
23			73.255	217.39063913379
24			73.295	218.88861243466
25			73.335	220.3964181527
26			73.375	222.13979656095
27			73.415	-nan
28			73.455	-nan
29			73.495	-nan
30			73.535	-nan
31			73.575	-nan
32			73.615	-nan
33			73.655	-nan
34			73.695	-nan
35			73.735	-nan
36			73.775	-nan
37			73.815	240.54674463148
38			73.855	241.75365167816
39			73.895	243.43323642681
40			73.935	245.3094641826
41			73.975	247.27337758921
42			74.015	249.12272910558
43			74.055	250.94389173958
44			74.095	252.73806774818
45			74.135	254.63700813532
46			74.175	256.58838343191
47			74.215	258.73266517088
48			74.255	-nan
49			74.295	263.03486248075
50			74.335	264.98288424218
51			74.375	267.12029411456
52			74.415	269.21400139565
53			74.455	271.45192742137
54			74.495	273.76644246687
55			74.535	276.03405056458
56			74.575	278.28826524942
57			74.615	280.84805975919
58			74.655	283.58273052523
59			74.695	-nan
60			74.735	-nan
61			74.775	-nan
62			74.815	-nan
63			74.855	-nan
64			74.895	-nan
65			74.935	-nan
66			74.975	-nan
67			75.015	-nan
68			75.055	-nan
69			75.095	309.07098021662
70			75.135	310.69067743661
71			75.175	313.05210199525
72			75.215	315.7613167645
73			75.255	318.49008845599
74			75.295	321.21275696388
75			75.335	323.97537425081
76			75.375	326.6895779409
77			75.415	329.43303531931
78			75.455	332.29768346352
79			75.495	335.34424180131
80			75.535	-nan
81			75.575	341.45948156654
82			75.615	344.12042999464
83			75.655	346.85729218565
84			75.695	349.75301323908
85			75.735	352.58108151247
86			75.775	355.33738650051
87			75.815	358.22888052589
88			75.855	360.92402880205
89			75.895	363.87860088735
90			75.935	367.74405566154
91			75.975	-nan
92			76.015	-nan
93			76.055	-nan
94			76.095	-nan
95			76.135	-nan
96			76.175	-nan
97			76.215	-nan
98			76.255	-nan
99			76.295	-nan
100			76.335	-nan
101			76.375	400.14190822733
102			76.415	401.80716744395
103			76.455	404.36293350648
104			76.495	407.33010116402
105			76.535	410.3932402836
106			76.575	413.21218638644
107			76.615	416.0180047947
108			76.655	418.84339230718
109			76.695	421.72870615601
110			76.735	424.67554758622
111			76.775	427.82739099626
112			76.815	-nan
113			76.855	434.49334133948
114			76.895	437.52337374327
115			76.935	440.49198461421
116			76.975	443.61853274696
117			77.015	446.89432934364
118			77.055	449.93569438001
119			77.095	452.83295029725
120			77.135	455.69308164087
121			77.175	458.78165380558
122			77.215	462.84996572527
123			77.255	-nan
124			77.295	-nan
125			77.335	-nan
126			77.375	-nan
127			77.415	-nan
128			77.455	-nan
129			77.495	-nan
130			77.535	-nan
131			77.575	-nan
132			77.615	-nan
133			77.655	489.53939818007
134			77.695	489.99516590638
135			77.735	491.94593083863
136			77.775	494.49549018312
137			77.815	497.08451304531
138			77.855	499.54958873449
139			77.895	501.6946897322
140			77.935	503.82653600207
141			77.975	506.05540556885
142			78.015	508.28021188949
143			78.055	510.38360754894
144			78.095	-nan
145			78.135	514.38428808938
146			78.175	515.81526425412
147			78.215	517.45548707736
148			78.255	519.14678318722
149			78.295	520.99592924628
150			78.335	522.55805640879
151			78.375	524.24843043593
152			78.415	525.85244559048
153			78.455	528.06400288081
154			78.495	531.58032240586
155			78.535	-nan
156			78.575	-nan
157			78.615	-nan
158			78.655	-nan
159			78.695	-nan
160			78.735	-nan
161			78.775	-nan
162			78.815	-nan
163			78.855	-nan
164			78.895	-nan
165			78.935	546.69229692117
166			78.975	544.96361516936
167			79.015	544.86944234806
168			79.055	545.49573261096
169			79.095	546.2002407991
170			79.135	546.8055244523
171			79.175	547.43819157185
172			79.215	548.24082883268
173			79.255	549.24795705243
174			79.295	550.24625560306
175			79.335	551.40143082004
176			79.375	-nan
177			79.415	553.25890378766
178			79.455	553.92660626968
179			79.495	554.64648817645
180			79.535	555.25817981215
181			79.575	555.90141870475
182			79.615	556.19141617877
183			79.655	556.1565982486
184			79.695	556.01421483105
185			79.735	556.23835609692
186			79.775	557.94463952731
187			79.815	-nan
188			79.855	-nan
189			79.895	-nan
190			79.935	-nan
191			79.975	-nan
192			80.015	-nan
193			80.055	-nan
194			80.095	-nan
195			80.135	-nan
196			80.175	-nan
197			80.215	561.30818860612
198			80.255	559.08251017238
199			80.295	558.53749274959
200			80.335	558.66367798809
201			80.375	558.69643399606
202			80.415	558.47011267645
203			80.455	558.07803870113
204			80.495	557.53300007733
205			80.535	556.98324987522
206			80.575	556.59476300696
207			80.615	556.19859625247
208			80.655	-nan
209			80.695	555.00555412993
210			80.735	554.75869272521
211			80.775	554.57685807075
212			80.815	554.65770877052
213			80.855	554.91790539361
214			80.895	555.04089832059
215			80.935	554.97371928954
216			80.975	554.96133337293
217			81.015	555.40687381892
218			81.055	557.23888137892
219			81.095	-nan
220			81.135	-nan
221			81.175	-nan
222			81.215	-nan
223			81.255	-nan
224			81.295	-nan
225			81.335	-nan
226			81.375	-nan
227			81.415	-nan
228			81.455	-nan
229			81.495	554.23714090418
230			81.535	551.85354625727
231			81.575	551.09485656697
232			81.615	551.17550434421
233			81.655	551.44246248863
234			81.695	551.63554585468
235			81.735	551.67738580701
236			81.775	551.90422715431
237			81.815	551.96899486184
238			81.855	552.14825922315
239			81.895	552.28738687537
240			81.935	-nan
241			81.975	552.03315251794
242			82.015	551.67584291692
243			82.055	551.38990459124
244			82.095	551.12528853236
245			82.135	550.79668334133
246			82.175	550.44054725649
247			82.215	549.80139384665
248			82.255	549.4680607562
249			82.295	549.74879388128
250			82.335	551.57568220575
251			82.375	-nan
252			82.415	-nan
253			82.455	-nan
254			82.495	-nan
255			82.535	-nan
256			82.575	-nan
257			82.615	-nan
258			82.655	-nan
259			82.695	-nan
260			82.735	-nan
261			82.775	556.11975529935
262			82.815	553.86861079234
263			82.855	553.07826687815
264			82.895	552.94345785
265			82.935	552.94225830932
266			82.975	552.87029434834
267			83.015	552.9017586086
268			83.055	552.968505862
269			83.095	553.30479639552
270			83.135	553.81500666885
271			83.175	554.46632440545
272			83.215	-nan
273			83.255	555.76175628721
274			83.295	556.54221129971
275			83.335	557.37930427788
276			83.375	558.31881508662
277			83.415	559.19439568209
278			83.455	560.03021468098
279			83.495	560.55056104744
280			83.535	561.00253160139
281			83.575	561.94351682014
282			83.615	564.13244172384
283			83.655	-nan
284			83.695	-nan
285			83.735	-nan
286			83.775	-nan
287			83.815	-nan
288			83.855	-nan
289			83.895	-nan
290			83.935	-nan
291			83.975	-nan
292			84.015	-nan
293			84.055	570.36416853388
294			84.095	569.12204430017
295			84.135	569.73212586417
296			84.175	570.97065030843
297			84.215	572.35690117127
298			84.255	573.54380850762
299			84.295	574.5138675458
300			84.335	575.32417640039
301			84.375	576.04466748484
302			84.415	576.74670340504
303			84.455	577.39687167579
304			84.495	-nan
305			84.535	578.63490377897
306			84.575	579.19202650139
307			84.615	579.81343587751
308			84.655	580.68191290758
309			84.695	581.67195862825
310			84.735	582.85258959557
311			84.775	583.79915970738
312			84.815	584.82267104859
313			84.855	586.77370713439
314			84.895	590.20930772974
315			84.935	-nan
316			84.975	-nan
317			85.015	-nan
318			85.055	-nan
319			85.095	-nan
320			85.135	-nan
321			85.175	-nan
322			85.215	-nan
323			85.255	-nan
324			85.295	-nan
325			85.335	603.26221970774
326			85.375	601.39015970852
327			85.415	601.30669210329
328			85.455	602.34420224387
329			85.495	603.55614016739
330			85.535	604.74576167888
331			85.575	605.97810902316
332			85.615	607.28332934062
333			85.655	608.82982419903
334			85.695	610.5397760328
335			85.735	612.42762289283
336			85.775	-nan
337			85.815	616.25249039606
338			85.855	617.78970940968
339			85.895	619.33407526814
340			85.935	620.75269173989
341			85.975	621.99916566068
342			86.015	623.00786667421
343			86.055	623.61708486243
344			86.095	624.23596848876
345			86.135	625.46425411439
346			86.175	628.53017031567
347			86.215	-nan
348			86.255	-nan
349			86.295	-nan
350			86.335	-nan
351			86.375	-nan
352			86.415	-nan
353			86.455	-nan
354			86.495	-nan
355			86.535	-nan
356			86.575	-nan
357			86.615	644.19885145919
358			86.655	642.81250297343
359			86.695	643.47606692249
360			86.735	644.88405832204
361			86.775	646.22762883163
362			86.815	647.2205957759
363			86.855	647.86621065433
364			86.895	648.3859926069
365			86.935	648.92415075404
366			86.975	649.66165857312
367			87.015	650.49565422712
368			87.055	-nan
369			87.095	652.59854353011
370			87.135	653.61724001607
371			87.175	654.75442078829
372			87.215	656.33004730253
373			87.255	657.96435517268
374			87.295	659.63314627527
375			87.335	661.27146475819
376			87.375	662.82869721172
377			87.415	665.05115445666
378			87.455	669.08878984159
379			87.495	-nan
380			87.535	-nan
381			87.575	-nan
382			87.615	-nan
383			87.655	-nan
384			87.695	-nan
385			87.735	-nan
386			87.775	-nan
387			87.815	-nan
388			87.855	-nan
389			87.895	675.00835929342
390			87.935	671.9919637653
391			87.975	672.03281122255
392			88.015	673.41719854353
393			88.055	674.78560520143
394			88.095	676.0764931362
395			88.135	677.20807901227
396			88.175	678.20292586924
397			88.215	679.30568746533
398			88.255	680.4165655933
399			88.295	681.4148128234
400			88.335	-nan
401			88.375	682.48068310811
402			88.415	682.47401363927
403			88.455	682.35594985659
404			88.495	683.4922957396
405			88.535	682.54818090636
406			88.575	682.12413672117
407			88.615	681.74656235131
408			88.655	680.98823886606
409			88.695	681.94277020797
410			88.735	685.36831388711
411			88.775	-nan
412			88.815	-nan
413			88.855	-nan
414			88.895	-nan
415			88.935	-nan
416			88.975	-nan
417			89.015	-nan
418			89.055	-nan
419			89.095	-nan
420			89.135	-nan
421			89.175	691.60748776887
422			89.215	687.64169701714
423			89.255	685.91334109446
424			89.295	685.35580907959
425			89.335	684.8626617325
426			89.375	684.11834381643
427			89.415	683.20982966428
428			89.455	682.48348035997
429			89.495	682.06586469654
430			89.535	682.00979013739
431			89.575	682.21073707893
432			89.615	-nan
433			89.655	682.55429127576
434			89.695	682.87551593131
435			89.735	683.05618507439
436			89.775	683.39834038723
437			89.815	683.75855142409
438			89.855	683.87107495958
439			89.895	683.45707550438
440			89.935	682.89248238774
441			89.975	682.8875915439
442			90.015	684.55627423707
443			90.055	-nan
444			90.095	-nan
445			90.135	-nan
446			90.175	-nan
447			90.215	-nan
448			90.255	-nan
449			90.295	-nan
450			90.335	-nan
451			90.375	-nan
452			90.415	-nan
453			90.455	677.17502500759
454			90.495	674.16196007413
455			90.535	673.21252254189
456			90.575	673.3564346694
457			90.615	673.43398041359
458			90.655	672.99079019664
459			90.695	672.08564069666
460			90.735	670.92342003784
461			90.775	669.84110521081
462			90.815	668.74876546224
463			90.855	667.59798434781
464			90.895	-nan
465			90.935	664.45408990877
466			90.975	662.78988869876
467			91.015	661.45108672889
468			91.055	660.31675107901
469			91.095	659.43312327016
470			91.135	658.89782344795
471			91.175	658.15946950644
472			91.215	657.80568493763
473			91.255	658.09307293441
474			91.295	659.84987252096
475			91.335	-nan
476			91.375	-nan
477			91.415	-nan
478			91.455	-nan
479			91.495	-nan
480			91.535	-nan
481			91.575	-nan
482			91.615	-nan
483			91.655	-nan
484			91.695	-nan
485			91.735	651.64369986282
486			91.775	647.52389452516
487			91.815	645.12905658499
488			91.855	643.88516793249
489			91.895	644.4632099107
490			91.935	642.26210767194
491			91.975	641.15966063702
492			92.015	640.69441724452
493			92.055	641.19511825811
494			92.095	642.84009146245
495			92.135	641.63333125105
496			92.175	-nan
497			92.215	639.85752921308
498			92.255	639.06064073646
499			92.295	638.30391414277
500			92.335	637.43000988711
501			92.375	636.57309528963
502			92.415	635.51960999417
503			92.455	634.0410219113
504			92.495	633.05328585417
505			92.535	631.64285507948
506			92.575	632.33662927217
507			92.615	-nan
508			92.655	-nan
509			92.695	-nan
510			92.735	-nan
511			92.775	-nan
512			92.815	-nan
513			92.855	-nan
514			92.895	-nan
515			92.935	-nan
516			92.975	-nan
517			93.015	629.58931271067
518			93.055	626.58878841513
519			93.095	625.22484139786
520			93.135	624.68144187076
521			93.175	623.93865987321
522			93.215	622.90967965799
523			93.255	621.56369188469
524			93.295	621.18457045269
525			93.335	619.02691114355
526			93.375	617.99117918916
527			93.415	617.11404025831
528			93.455	-nan
529			93.495	615.19466574889
530			93.535	614.48010707595
531			93.575	614.22440982661
532			93.615	614.53526977496
533			93.655	616.59098844514
534			93.695	619.23348658992
535			93.735	617.96163889639
536			93.775	615.81994106953
537			93.815	616.32253724078
538			93.855	618.02927784273
539			93.895	-nan
540			93.935	-nan
541			93.975	-nan
542			94.015	-nan
543			94.055	-nan
544			94.095	-nan
545			94.135	-nan
546			94.175	-nan
547			94.215	-nan
548			94.255	-nan
549			94.295	612.21363588681
550			94.335	608.35772358898
551			94.375	608.02662384941
552			94.415	608.45730029344
553			94.455	609.77070563319
554			94.495	614.61918652922
555			94.535	611.43727214885
556			94.575	609.96913083475
557			94.615	610.46017255796
558			94.655	610.7719784321
559			94.695	611.00286111922
560			94.735	-nan
561			94.775	610.3831375201
562			94.815	609.79740696721
563			94.855	608.8993815038
564			94.895	624.02186394605
565			94.935	610.00908256085
566			94.975	607.83344948991
567			95.015	607.11508949911
568			95.055	606.64356332677
569			95.095	607.22475229296
570			95.135	608.72340740426
571			95.175	-nan
572			95.215	-nan
573			95.255	-nan
574			95.295	-nan
575			95.335	-nan
576			95.375	-nan
577			95.415	-nan
578			95.455	-nan
579			95.495	-nan
580			95.535	-nan
581			95.575	616.57024508173
582			95.615	613.96248244256
583			95.655	612.99342022179
584			95.695	613.78627061082
585			95.735	612.39467472384
586			95.775	611.57096959547
587			95.815	611.20743015791
588			95.855	611.07825969825
589			95.895	611.35922955306
590			95.935	611.94679707867
591			95.975	612.82343698862
592			96.015	-nan
593			96.055	616.16681835906
594			96.095	619.49818914297
595			96.135	618.9464120875
596			96.175	618.22653906081
597			96.215	619.34648539564
598			96.255	620.2681117467
599			96.295	621.45798991871
600			96.335	621.25182256281
601			96.375	622.59128269278
602			96.415	626.17484572463
603			96.455	-nan
604			96.495	-nan
605			96.535	-nan
606			96.575	-nan
607			96.615	-nan
608			96.655	-nan
609			96.695	-nan
610			96.735	-nan
611			96.775	-nan
612			96.815	-nan
613			96.855	630.53087604842
614			96.895	634.22697788374
615			96.935	630.70169089661
616			96.975	629.54807927141
617			97.015	630.78468563635
618			97.055	631.6422341894
619			97.095	632.56914348417
620			97.135	632.65807753626
621			97.175	632.77544832112
622			97.215	632.97925912796
623			97.255	632.93828801675
624			97.295	-nan
625			97.335	632.48543347889
626			97.375	632.23376573612
627			97.415	632.38702892327
628			97.455	633.02659439431
629			97.495	633.88923959447
630			97.535	634.78700128839
631			97.575	635.75072376463
632			97.615	636.84396058467
633			97.655	638.94816445481
634			97.695	648.22113433375
635			97.735	-nan
636			97.775	-nan
637			97.815	-nan
638			97.855	-nan
639			97.895	-nan
640			97.935	-nan
641			97.975	-nan
642			98.015	-nan
643			98.055	-nan
644			98.095	-nan
645			98.135	663.8273965125
646			98.175	649.71729418649
647			98.215	648.32204633226
648			98.255	646.50780670075
649			98.295	647.22868380002
650			98.335	647.91328696194
651			98.375	648.7400235309
652			98.415	649.93017452608
653			98.455	651.38221937729
654			98.495	653.78749048614
655			98.535	654.35615740023
656			98.575	-nan
657			98.615	656.14575313459
658			98.655	656.89098831242
659			98.695	657.83894172513
660			98.735	658.21444090737
661			98.775	658.4047862422
662			98.815	658.24744125328
663			98.855	659.64028902477
664			98.895	664.58733746097
665			98.935	662.71556254228
666			98.975	658.9241547321
667			99.015	-nan
668			99.055	-nan
669			99.095	-nan
670			99.135	-nan
671			99.175	-nan
672			99.215	-nan
673			99.255	-nan
674			99.295	-nan
675			99.335	-nan
676			99.375	-nan
677			99.415	669.080643722
678			99.455	666.32939734527
679			99.495	665.87355935048
680			99.535	665.97674308822
681			99.575	665.97788901231
682			99.615	665.61615385481
683			99.655	667.65311465888
684			99.695	677.16839206631
685			99.735	669.35733688236
686			99.775	662.55692291813
687			99.815	662.18447184598
688			99.855	-nan
689			99.895	663.28775034728
690			99.935	662.12629377624
691			99.975	662.64644824599
692			100.015	663.65255741219
693			100.055	664.68247351111
694			100.095	667.31047238533
695			100.135	666.32429506143
696			100.175	666.7091220783
697			100.215	667.78262037317
698			100.255	669.83080621128
699			100.295	-nan
700			100.335	-nan
701			100.375	-nan
702			100.415	-nan
703			100.455	-nan
704			100.495	-nan
705			100.535	-nan
706			100.575	-nan
707			100.615	-nan
708			100.655	-nan
709			100.695	665.32041324759
710			100.735	662.37966027899
711			100.775	661.90495206917
712			100.815	662.2512031332
713			100.855	662.94209757205
714			100.895	664.76116357506
715			100.935	663.72209001088
716			100.975	663.59681126778
717			101.015	663.58350386955
718			101.055	663.64592320705
719			101.095	664.17960266196
720			101.135	-nan
721			101.175	661.67449101958
722			101.215	660.51316060541
723			101.255	662.71741357021
724			101.295	650.68550666162
725			101.335	661.97284043408
726			101.375	655.8957627704
727			101.415	654.63178749438
728			101.455	653.63691869073
729			101.495	653.3239988892
730			101.535	654.38655146339
731			101.575	-nan
732			101.615	-nan
733			101.655	-nan
734			101.695	-nan
735			101.735	-nan
736			101.775	-nan
737			101.815	-nan
738			101.855	-nan
739			101.895	-nan
740			101.935	-nan
741			101.975	654.41471234076
742			102.015	650.87300629171
743			102.055	649.30848473113
744			102.095	648.20432710685
745			102.135	646.88009958718
746			102.175	645.59058060451
747			102.215	644.30698468553
748			102.255	643.36281946613
749			102.295	642.70021488061
750			102.335	641.89434104847
751			102.375	641.5084545508
752			102.415	-nan
753			102.455	640.84811156814
754			102.495	640.95300421874
755			102.535	640.77770734154
756			102.575	640.69101822064
757			102.615	640.50445771027
758			102.655	640.04865598677
759			102.695	639.29511253294
760			102.735	638.12682320794
761			102.775	637.60396532227
762			102.815	638.60105376783
763			102.855	-nan
764			102.895	-nan
765			102.935	-nan
766			102.975	-nan
767			103.015	-nan
768			103.055	-nan
769			103.095	-nan
770			103.135	-nan
771			103.175	-nan
772			103.215	-nan
773			103.255	633.87500457633
774			103.295	631.21920388773
775			103.335	630.48572601875
776			103.375	630.54433972283
777			103.415	630.58547073156
778			103.455	630.22861670607
779			103.495	629.56281178601
780			103.535	628.26735496582
781			103.575	626.8965201636
782			103.615	625.59028918229
783			103.655	624.16793271365
784			103.695	-nan
785			103.735	620.92091161047
786			103.775	619.41029804792
787			103.815	618.11179230567
788			103.855	616.97002686683
789			103.895	615.43498099748
790			103.935	614.4773122923
791			103.975	613.693784947
792			104.015	612.95805029299
793			104.055	613.68226866926
794			104.095	615.71613348102
795			104.135	-nan
796			104.175	-nan
797			104.215	-nan
798			104.255	-nan
799			104.295	-nan
800			104.335	-nan
801			104.375	-nan
802			104.415	-nan
803			104.455	-nan
804			104.495	-nan
805			104.535	601.59669662404
806			104.575	597.11995622547
807			104.615	596.09164193489
808			104.655	595.07517240155
809			104.695	595.75049042706
810			104.735	595.1789724685
811			104.775	594.81122031943
812			104.815	594.72544078584
813			104.855	594.74205748595
814			104.895	595.14639076327
815			104.935	595.4101310466
816			104.975	-nan
817			105.015	595.68235285907
818			105.055	595.3824014725
819			105.095	595.09109377575
820			105.135	594.40279920211
821			105.175	593.58860653554
822			105.215	592.71994318332
823			105.255	591.56110222597
824			105.295	590.73281110888
825			105.335	589.07984272702
826			105.375	590.32658335483
827			105.415	-nan
828			105.455	-nan
829			105.495	-nan
830			105.535	-nan
831			105.575	-nan
832			105.615	-nan
833			105.655	-nan
834			105.695	-nan
835			105.735	-nan
836			105.775	-nan
837			105.815	603.12655585952
838			105.855	601.30268865101
839			105.895	600.76480093344
840			105.935	600.9738116512
841			105.975	600.93876691897
842			106.015	600.94922456383
843			106.055	601.09571700134
844			106.095	601.35916380249
845			106.135	599.37586249521
846			106.175	598.83346838086
847			106.215	598.5472940778
848			106.255	-nan
849			106.295	599.67024669794
850			106.335	598.33959892738
851			106.375	598.53562444173
852			106.415	599.02731757804
853			106.455	599.88868293761
854			106.495	600.90354732822
855			106.535	601.65943701884
856			106.575	602.26599051496
857			106.615	603.43213537121
858			106.655	605.7537186185
859			106.695	-nan
860			106.735	-nan
861			106.775	-nan
862			106.815	-nan
863			106.855	-nan
864			106.895	-nan
865			106.935	-nan
866			106.975	-nan
867			107.015	-nan
868			107.055	-nan
869			107.095	603.99808708256
870			107.135	602.39024738573
871			107.175	602.49584639503
872			107.215	603.85290878056
873			107.255	605.42456431278
874			107.295	606.80148234072
875			107.335	607.29479813346
876			107.375	608.06404125234
877			107.415	608.76264487265
878			107.455	609.61784955569
879			107.495	610.52571973602
880			107.535	-nan
881			107.575	610.56991353234
882			107.615	610.10665772557
883			107.655	609.59585615627
884			107.695	610.44520143396
885			107.735	608.11976722459
886			107.775	607.37787017134
887			107.815	607.04209260312
888			107.855	605.52547314142
889			107.895	607.42312125783
890			107.935	610.12752229155
891			107.975	-nan
892			108.015	-nan
893			108.055	-nan
894			108.095	-nan
895			108.135	-nan
896			108.175	-nan
897			108.215	-nan
898			108.255	-nan
899			108.295	-nan
900			108.335	-nan
901			108.375	612.22457587305
902			108.415	610.20140527768
903			108.455	609.67055438371
904			108.495	609.79645773338
905			108.535	609.93583108118
906			108.575	610.04186265647
907			108.615	609.93459193054
908			108.655	610.1717856752
909			108.695	610.66374585598
910			108.735	611.61864044076
911			108.775	612.75677531268
912			108.815	-nan
913			108.855	615.06452883526
914			108.895	616.19680742714
915			108.935	617.30833646833
916			108.975	618.55979986021
917			109.015	619.82325911393
918			109.055	620.8233738763
919			109.095	621.50252197677
920			109.135	621.85226656482
921			109.175	622.5440576696
922			109.215	624.62493148944
923			109.255	-nan
924			109.295	-nan
925			109.335	-nan
926			109.375	-nan
927			109.415	-nan
928			109.455	-nan
929			109.495	-nan
930			109.535	-nan
931			109.575	-nan
932			109.615	-nan
933			109.655	640.9168569004
934			109.695	639.69221698344
935			109.735	641.21973497216
936			109.775	642.67206857287
937			109.815	644.08935082492
938			109.855	645.21757679881
939			109.895	647.08583193038
940			109.935	647.50858434304
941			109.975	647.8561906132
942			110.015	648.30153225201
943			110.055	648.53683876563
944			110.095	-nan
945			110.135	648.47435889791
946			110.175	648.2608578645
947			110.215	648.35313173298
948			110.255	648.82108031379
949			110.295	649.42120952512
950			110.335	650.31970929025
951			110.375	651.09970849606
952			110.415	651.82992512103
953			110.455	653.47895347098
954			110.495	656.84676347042
955			110.535	-nan
956			110.575	-nan
957			110.615	-nan
958			110.655	-nan
959			110.695	-nan
960			110.735	-nan
961			110.775	-nan
962			110.815	-nan
963			110.855	-nan
964			110.895	-nan
965			110.935	662.28325361043
966			110.975	659.33836463501
967			111.015	658.28039052021
968			111.055	659.18682504443
969			111.095	659.70716315063
970			111.135	660.33877957301
971			111.175	661.01438799261
972			111.215	661.86508510635
973			111.255	663.02447973453
974			111.295	664.37514491781
975			111.335	665.66123638005
976			111.375	-nan
977			111.415	667.17404341966
978			111.455	667.41099047563
979			111.495	667.61149428653
980			111.535	667.67503562195
981			111.575	666.80206423465
982			111.615	666.13227119981
983			111.655	665.39038656046
984			111.695	664.67511358557
985			111.735	664.14011675008
986			111.775	666.32998608902
987			111.815	-nan
988			111.855	-nan
989			111.895	-nan
990			111.935	-nan
991			111.975	-nan
992			112.015	-nan
993			112.055	-nan
994			112.095	-nan
995			112.135	-nan
996			112.175	-nan
997			112.215	662.47747893413
998			112.255	660.0180524453
999			112.295	659.41175701299
1000		112.335	659.44799806227
1001		112.375	659.30935679465
1002		112.415	658.78847540491
1003		112.455	658.0175290444
1004		112.495	657.25339148579
1005		112.535	656.58547150918
1006		112.575	656.0419915777
1007		112.615	655.6476612246
1008		112.655	-nan
1009		112.695	654.69146902873
1010		112.735	654.44625390864
1011		112.775	654.54518916171
1012		112.815	655.05078515212
1013		112.855	655.62312489652
1014		112.895	656.54715376227
1015		112.935	656.48079561387
1016		112.975	656.56938777525
1017		113.015	657.05324392513
1018		113.055	659.21092124989
1019		113.095	-nan
1020		113.135	-nan
1021		113.175	-nan
1022		113.215	-nan
1023		113.255	-nan
1024		113.295	-nan
1025		113.335	-nan
1026		113.375	-nan
1027		113.415	-nan
1028		113.455	-nan
1029		113.495	654.44908140404
1030		113.535	650.84548049501
1031		113.575	650.18928260699
1032		113.615	650.97831864705
1033		113.655	651.34177546723
1034		113.695	651.66110354239
1035		113.735	651.72598334111
1036		113.775	651.84181713075
1037		113.815	652.1091247792
1038		113.855	652.11114760061
1039		113.895	651.89969159451
1040		113.935	-nan
1041		113.975	650.26842371175
1042		114.015	649.25208156994
1043		114.055	648.27537514744
1044		114.095	647.35279328474
1045		114.135	646.36523588489
1046		114.175	645.38972520971
1047		114.215	644.06881342215
1048		114.255	643.13181181471
1049		114.295	643.07580442366
1050		114.335	644.43959244298
1051		114.375	-nan
1052		114.415	-nan
1053		114.455	-nan
1054		114.495	-nan
1055		114.535	-nan
1056		114.575	-nan
1057		114.615	-nan
1058		114.655	-nan
1059		114.695	-nan
1060		114.735	-nan
1061		114.775	644.00644017257
1062		114.815	640.64685896921
1063		114.855	638.80769110155
1064		114.895	637.7419819488
1065		114.935	637.00927747208
1066		114.975	636.04801523817
1067		115.015	635.16399554158
1068		115.055	634.35288334725
1069		115.095	633.86842770337
1070		115.135	633.60403376775
1071		115.175	633.29507520961
1072		115.215	-nan
1073		115.255	632.90872136984
1074		115.295	632.84911937113
1075		115.335	632.92164592094
1076		115.375	633.07265007219
1077		115.415	633.225910474
1078		115.455	633.05634573988
1079		115.495	632.41965250981
1080		115.535	631.60852631772
1081		115.575	631.34884217512
1082		115.615	632.45568919041
1083		115.655	-nan
1084		115.695	-nan
1085		115.735	-nan
1086		115.775	-nan
1087		115.815	-nan
1088		115.855	-nan
1089		115.895	-nan
1090		115.935	-nan
1091		115.975	-nan
1092		116.015	-nan
1093		116.055	636.92059770254
1094		116.095	634.34469469649
1095		116.135	634.22226301106
1096		116.175	635.10980396918
1097		116.215	635.81386668025
1098		116.255	636.53745596037
1099		116.295	636.42636478439
1100		116.335	635.87133514193
1101		116.375	635.54078984447
1102		116.415	634.93853722254
1103		116.455	634.29418225383
1104		116.495	-nan
1105		116.535	632.37167216935
1106		116.575	631.47596972026
1107		116.615	630.85100761287
1108		116.655	630.463706533
1109		116.695	630.08409941786
1110		116.735	629.78299932994
1111		116.775	629.62123836859
1112		116.815	629.44808525584
1113		116.855	629.99992981516
1114		116.895	632.44537077618
1115		116.935	-nan
1116		116.975	-nan
1117		117.015	-nan
1118		117.055	-nan
1119		117.095	-nan
1120		117.135	-nan
1121		117.175	-nan
1122		117.215	-nan
1123		117.255	-nan
1124		117.295	-nan
1125		117.335	630.88545974083
1126		117.375	627.58051484689
1127		117.415	626.16365323835
1128		117.455	626.22494608948
1129		117.495	626.32374829142
1130		117.535	626.45616829289
1131		117.575	626.63875381889
1132		117.615	626.84111149807
1133		117.655	627.24561946463
1134		117.695	627.72810181862
1135		117.735	628.2241215284
1136		117.775	-nan
1137		117.815	628.74922011025
1138		117.855	628.80018265189
1139		117.895	628.82629837309
1140		117.935	628.82336468672
1141		117.975	628.71492894338
1142		118.015	628.27301319084
1143		118.055	627.43097065376
1144		118.095	624.98495885351
1145		118.135	624.64701473052
1146		118.175	625.84927610945
1147		118.215	-nan
1148		118.255	-nan
1149		118.295	-nan
1150		118.335	-nan
1151		118.375	-nan
1152		118.415	-nan
1153		118.455	-nan
1154		118.495	-nan
1155		118.535	-nan
1156		118.575	-nan
1157		118.615	621.33857957236
1158		118.655	619.4184079331
1159		118.695	619.09603018235
1160		118.735	619.43247772744
1161		118.775	619.7988211188
1162		118.815	619.9144269031
1163		118.855	619.84277086056
1164		118.895	619.61956010262
1165		118.935	619.53659859293
1166		118.975	619.50942068213
1167		119.015	619.60906883634
1168		119.055	-nan
1169		119.095	620.02185290435
1170		119.135	620.51552084548
1171		119.175	621.04840185767
1172		119.215	621.86817863379
1173		119.255	622.66689725965
1174		119.295	623.42191317699
1175		119.335	624.0113532484
1176		119.375	624.66436515896
1177		119.415	625.83339250311
1178		119.455	628.32461997411
1179		119.495	-nan
1180		119.535	-nan
1181		119.575	-nan
1182		119.615	-nan
1183		119.655	-nan
1184		119.695	-nan
1185		119.735	-nan
1186		119.775	-nan
1187		119.815	-nan
1188		119.855	-nan
1189		119.895	641.50150351617
1190		119.935	639.29016090992
1191		119.975	639.72465232043
1192		120.015	641.46699970848
1193		120.055	642.8725504009
1194		120.095	645.06342295864
1195		120.135	646.07886274654
1196		120.175	646.99605796034
1197		120.215	648.06887453505
1198		120.255	649.03942480665
1199		120.295	650.0111296659
1200		120.335	-nan
1201		120.375	651.34146993084
1202		120.415	651.68220955496
1203		120.455	652.05522364811
1204		120.495	652.47172207163
1205		120.535	652.85832826449
1206		120.575	653.2535384702
1207		120.615	653.41455851759
1208		120.655	653.76529437535
1209		120.695	654.46552027141
1210		120.735	658.02500164648
1211		120.775	-nan
1212		120.815	-nan
1213		120.855	-nan
1214		120.895	-nan
1215		120.935	-nan
1216		120.975	-nan
1217		121.015	-nan
1218		121.055	-nan
1219		121.095	-nan
1220		121.135	-nan
1221		121.175	668.69470953002
1222		121.215	666.32996395402
1223		121.255	665.81631429874
1224		121.295	666.54405133332
1225		121.335	667.38217102608
1226		121.375	667.94013441158
1227		121.415	668.35305647197
1228		121.455	668.86263136947
1229		121.495	669.53431908511
1230		121.535	670.43049210666
1231		121.575	671.54900631559
1232		121.615	-nan
1233		121.655	673.75225863218
1234		121.695	674.79549126002
1235		121.735	675.95134008801
1236		121.775	678.65143259595
1237		121.815	678.44733384679
1238		121.855	679.26589838242
1239		121.895	679.83996486544
1240		121.935	680.46374425601
1241		121.975	681.62014865963
1242		122.015	684.0464550489
1243		122.055	-nan
1244		122.095	-nan
1245		122.135	-nan
1246		122.175	-nan
1247		122.215	-nan
1248		122.255	-nan
1249		122.295	-nan
1250		122.335	-nan
1251		122.375	-nan
1252		122.415	-nan
1253		122.455	691.48830368661
1254		122.495	689.72781086533
1255		122.535	689.8298679453
1256		122.575	691.11876838688
1257		122.615	692.64903498724
1258		122.655	693.39349381905
1259		122.695	694.09607832662
1260		122.735	694.54615633733
1261		122.775	695.11478175754
1262		122.815	695.74466821578
1263		122.855	696.40880174625
1264		122.895	-nan
1265		122.935	697.22140521125
1266		122.975	697.45629334557
1267		123.015	697.70408048303
1268		123.055	698.27131985698
1269		123.095	698.87052763369
1270		123.135	699.45276349978
1271		123.175	699.89714284129
1272		123.215	700.47362054826
1273		123.255	701.94997821538
1274		123.295	704.98415717922
1275		123.335	-nan
1276		123.375	-nan
1277		123.415	-nan
1278		123.455	-nan
1279		123.495	-nan
1280		123.535	-nan
1281		123.575	-nan
1282		123.615	-nan
1283		123.655	-nan
1284		123.695	-nan
1285		123.735	710.72886470748
1286		123.775	707.82696911569
1287		123.815	707.25815587395
1288		123.855	707.68227928686
1289		123.895	708.5523817368
1290		123.935	708.95186041609
1291		123.975	709.25861035138
1292		124.015	709.65312950115
1293		124.055	710.16436741197
1294		124.095	710.93374981274
1295		124.135	711.87448009841
1296		124.175	-nan
1297		124.215	712.97251123327
1298		124.255	713.30026091182
1299		124.295	713.50800816057
1300		124.335	713.85242225011
1301		124.375	714.16826432709
1302		124.415	714.32393340176
1303		124.455	714.09818392485
1304		124.495	714.28998174805
1305		124.535	713.93305594954
1306		124.575	716.55884744847
1307		124.615	-nan
1308		124.655	-nan
1309		124.695	-nan
1310		124.735	-nan
1311		124.775	-nan
1312		124.815	-nan
1313		124.855	-nan
1314		124.895	-nan
1315		124.935	-nan
1316		124.975	-nan
1317		125.015	719.88263316537
1318		125.055	716.57561622349
1319		125.095	715.74109921377
1320		125.135	716.04470670872
1321		125.175	716.29224046412
1322		125.215	716.25271088191
1323		125.255	715.85400150707
1324		125.295	715.42101411355
1325		125.335	715.27758764447
1326		125.375	715.08376263058
1327		125.415	715.14123996001
1328		125.455	-nan
1329		125.495	714.71407606703
1330		125.535	714.53161844412
1331		125.575	714.4139581319
1332		125.615	714.49326386747
1333		125.655	714.84691753393
1334		125.695	715.61879607078
1335		125.735	714.73654329695
1336		125.775	714.59516982562
1337		125.815	715.11660782246
1338		125.855	717.14531498004
1339		125.895	-nan
1340		125.935	-nan
1341		125.975	-nan
1342		126.015	-nan
1343		126.055	-nan
1344		126.095	-nan
1345		126.135	-nan
1346		126.175	-nan
1347		126.215	-nan
1348		126.255	-nan
1349		126.295	714.54905039496
1350		126.335	711.40548726168
1351		126.375	710.15452043918
1352		126.415	710.19512057774
1353		126.455	710.43145387724
1354		126.495	710.37344000147
1355		126.535	710.12028436681
1356		126.575	709.84863763892
1357		126.615	709.78382958939
1358		126.655	710.1746320295
1359		126.695	711.36038954287
1360		126.735	-nan
1361		126.775	708.68089465059
1362		126.815	707.89972722291
1363		126.855	707.27103739996
1364		126.895	706.73962098904
1365		126.935	706.41259277203
1366		126.975	706.02412761904
1367		127.015	705.20674447645
1368		127.055	704.44410159348
1369		127.095	704.75843741636
1370		127.135	706.85509633007
1371		127.175	-nan
1372		127.215	-nan
1373		127.255	-nan
1374		127.295	-nan
1375		127.335	-nan
1376		127.375	-nan
1377		127.415	-nan
1378		127.455	-nan
1379		127.495	-nan
1380		127.535	-nan
1381		127.575	704.97327732046
1382		127.615	700.93042131526
1383		127.655	699.37303967853
1384		127.695	698.9213200451
1385		127.735	698.42107207983
1386		127.775	697.79616025323
1387		127.815	697.00460211214
1388		127.855	696.35701064781
1389		127.895	695.89717853091
1390		127.935	695.66101407976
1391		127.975	695.45732631105
1392		128.015	-nan
1393		128.055	694.88794837989
1394		128.095	694.94241072209
1395		128.135	694.20051992826
1396		128.175	693.96047934868
1397		128.215	693.91132317079
1398		128.255	693.73810719894
1399		128.295	693.11743167434
1400		128.335	692.75565451629
1401		128.375	692.27248849588
1402		128.415	694.22310913413
1403		128.455	-nan
1404		128.495	-nan
1405		128.535	-nan
1406		128.575	-nan
1407		128.615	-nan
1408		128.655	-nan
1409		128.695	-nan
1410		128.735	-nan
1411		128.775	-nan
1412		128.815	-nan
1413		128.855	691.8028887431
1414		128.895	688.68282596841
1415		128.935	687.50903860912
1416		128.975	687.58602190651
1417		129.015	687.48427382048
1418		129.055	687.44274728615
1419		129.095	686.90988784519
1420		129.135	686.55554178168
1421		129.175	686.26223278535
1422		129.215	686.1191838481
1423		129.255	687.07842758036
1424		129.295	-nan
1425		129.335	685.13775166722
1426		129.375	684.58211389934
1427		129.415	684.27719010389
1428		129.455	684.41831748344
1429		129.495	685.86267434062
1430		129.535	683.92747548033
1431		129.575	681.60922474895
1432		129.615	681.03964955408
1433		129.655	681.1769035235
1434		129.695	682.61105917351
1435		129.735	-nan
1436		129.775	-nan
1437		129.815	-nan
1438		129.855	-nan
1439		129.895	-nan
1440		129.935	-nan
1441		129.975	-nan
1442		130.015	-nan
1443		130.055	-nan
1444		130.095	-nan
1445		130.135	673.18421302393
1446		130.175	671.83376818231
1447		130.215	669.96815337651
1448		130.255	666.93997094159
1449		130.295	660.19190957521
1450		130.335	660.05517879778
1451		130.375	668.42473780627
1452		130.415	669.40266116752
1453		130.455	670.59000057175
1454		130.495	671.03042549105
1455		130.535	671.39117423575
1456		130.575	-nan
1457		130.615	671.74006005397
1458		130.655	671.90161543002
1459		130.695	672.08554915382
1460		130.735	672.51208862236
1461		130.775	672.93662172149
1462		130.815	673.3674322214
1463		130.855	673.95314247175
1464		130.895	675.18026130058
1465		130.935	674.52917170782
1466		130.975	675.99717385748
1467		131.015	-nan
1468		131.055	-nan
1469		131.095	-nan
1470		131.135	-nan
1471		131.175	-nan
1472		131.215	-nan
1473		131.255	-nan
1474		131.295	-nan
1475		131.335	-nan
1476		131.375	-nan
1477		131.415	690.8228107382
1478		131.455	687.63330122832
1479		131.495	687.99610877572
1480		131.535	691.2839965859
1481		131.575	691.7356048052
1482		131.615	691.59396045594
1483		131.655	691.95713961693
1484		131.695	691.52332384845
1485		131.735	691.50699874465
1486		131.775	691.91236920586
1487		131.815	692.44576764704
1488		131.855	-nan
1489		131.895	693.70776922157
1490		131.935	694.68748847059
1491		131.975	695.68979251164
1492		132.015	697.40215755847
1493		132.055	696.90075889945
1494		132.095	697.22581417055
1495		132.135	697.70134433165
1496		132.175	697.91935710738
1497		132.215	698.76042374071
1498		132.255	701.44118672279
1499		132.295	-nan
1500		132.335	-nan
1501		132.375	-nan
1502		132.415	-nan
1503		132.455	-nan
1504		132.495	-nan
1505		132.535	-nan
1506		132.575	-nan
1507		132.615	-nan
1508		132.655	-nan
1509		132.695	707.48395926622
1510		132.735	705.00279797769
1511		132.775	704.87643798717
1512		132.815	706.03788116801
1513		132.855	707.40354286146
1514		132.895	708.31736666235
1515		132.935	708.84409755208
1516		132.975	709.47981009056
1517		133.015	710.15735011121
1518		133.055	711.097356019
1519		133.095	711.9906592392
1520		133.135	-nan
1521		133.175	712.70035191324
1522		133.215	713.04597319646
1523		133.255	713.58391539795
1524		133.295	715.08478434318
1525		133.335	715.58298476285
1526		133.375	716.52417795099
1527		133.415	717.54128272301
1528		133.455	718.03544034379
1529		133.495	719.29008802533
1530		133.535	722.95758183271
1531		133.575	-nan
1532		133.615	-nan
1533		133.655	-nan
1534		133.695	-nan
1535		133.735	-nan
1536		138.895	-nan
1537		138.935	-nan
1538		138.975	-nan
1539		139.015	-nan
1540		139.055	-nan
1541		139.095	767.99997382225
1542		139.135	763.4208863941
1543		139.175	762.16071803381
1544		139.215	762.28500693647
1545		139.255	762.82454319286
1546		139.295	763.77811880082
1547		139.335	761.06594352679
1548		139.375	759.71323417133
1549		139.415	758.8680017002
1550		139.455	758.17874304944
1551		139.495	757.57199620126
1552		139.535	-nan
1553		139.575	756.21776418679
1554		139.615	755.47745901691
1555		139.655	754.97685680863
1556		139.695	754.85080829065
1557		139.735	754.57420854859
1558		139.775	754.36547688886
1559		139.815	753.7927251638
1560		139.855	752.96453104611
1561		139.895	753.65260973916
1562		139.935	756.58488999874
1563		139.975	-nan
1564		140.015	-nan
1565		140.055	-nan
1566		140.095	-nan
1567		140.135	-nan
1568		140.175	-nan
1569		140.215	-nan
1570		140.255	-nan
1571		140.295	-nan
1572		140.335	-nan
1573		140.375	751.60393104944
1574		140.415	747.4082096303
1575		140.455	746.05275852932
1576		140.495	745.92481685265
1577		140.535	745.98150378969
1578		140.575	746.06739805855
1579		140.615	745.77907592111
1580		140.655	746.26184909607
1581		140.695	746.71372312435
1582		140.735	745.56802573452
1583		140.775	744.5331713852
1584		140.815	-nan
1585		140.855	742.76786299848
1586		140.895	741.66150974821
1587		140.935	740.98892980057
1588		140.975	740.40725007343
1589		141.015	740.05442613491
1590		141.055	739.47018075077
1591		141.095	738.50335909756
1592		141.135	737.78607510511
1593		141.175	737.22294564394
1594		141.215	740.36298505528
1595		141.255	-nan
1596		141.295	-nan
1597		141.335	-nan
1598		141.375	-nan
1599		141.415	-nan
1600		141.455	-nan
1601		141.495	-nan
1602		141.535	-nan
1603		141.575	-nan
1604		141.615	-nan
1605		141.655	739.03570039148
1606		141.695	734.18913070095
1607		141.735	732.50160715943
1608		141.775	732.21741943744
1609		141.815	732.17424106253
1610		141.855	731.69155127475
1611		141.895	731.00680605343
1612		141.935	730.49024059235
1613		141.975	730.47940446956
1614		142.015	730.50024330321
1615		142.055	731.1573330053
1616		142.095	-nan
1617		142.135	730.49271819288
1618		142.175	729.41587443805
1619		142.215	729.04119648986
1620		142.255	728.92472186716
1621		142.295	728.94038584616
1622		142.335	728.81591324709
1623		142.375	728.37650240249
1624		142.415	727.8171470053
1625		142.455	728.04266550418
1626		142.495	729.83824758349
1627		142.535	-nan
1628		142.575	-nan
1629		142.615	-nan
1630		142.655	-nan
1631		142.695	-nan
1632		142.735	-nan
1633		142.775	-nan
1634		142.815	-nan
1635		142.855	-nan
1636		142.895	-nan
1637		142.935	729.62670002292
1638		142.975	726.4224733989
1639		143.015	725.299405235
1640		143.055	725.47829221737
1641		143.095	725.71916538627
1642		143.135	725.8724758205
1643		143.175	725.76418303725
1644		143.215	725.4487303553
1645		143.255	725.41969622867
1646		143.295	725.56881436785
1647		143.335	726.01682831135
1648		143.375	-nan
1649		143.415	727.50559092873
1650		143.455	728.53197330358
1651		143.495	729.88216061484
1652		143.535	728.14049561344
1653		143.575	726.42289325772
1654		143.615	726.29948809426
1655		143.655	725.1607367811
1656		143.695	724.74650373473
1657		143.735	725.57563157499
1658		143.775	728.62189727494
1659		143.815	-nan
1660		143.855	-nan
1661		143.895	-nan
1662		143.935	-nan
1663		143.975	-nan
1664		144.015	-nan
1665		144.055	-nan
1666		144.095	-nan
1667		144.135	-nan
1668		144.175	-nan
1669		144.215	731.06654827743
1670		144.255	727.02942503449
1671		144.295	726.28431151774
1672		144.335	726.69836226741
1673		144.375	727.05969379328
1674		144.415	727.43901413947
1675		144.455	727.60319426532
1676		144.495	727.89284454983
1677		144.535	728.3913605004
1678		144.575	728.97948444428
1679		144.615	729.73970052189
1680		144.655	-nan
1681		144.695	730.71193781887
1682		144.735	730.93416082638
1683		144.775	731.3003155044
1684		144.815	731.74522073024
1685		144.855	732.16039040392
1686		144.895	732.95044169137
1687		144.935	732.31281413143
1688		144.975	732.15114302748
1689		145.015	732.72151432742
1690		145.055	735.89273870192
1691		145.095	-nan
1692		145.135	-nan
1693		145.175	-nan
1694		145.215	-nan
1695		145.255	-nan
1696		145.295	-nan
1697		145.335	-nan
1698		145.375	-nan
1699		145.415	-nan
1700		145.455	-nan
1701		145.495	738.10089441132
1702		145.535	734.64493830209
1703		145.575	733.68925856958
1704		145.615	734.22466140559
1705		145.655	734.73198261696
1706		145.695	735.13310102913
1707		145.735	735.1856806996
1708		145.775	735.18378278816
1709		145.815	737.02714530823
1710		145.855	737.57130970411
1711		145.895	738.44689861226
1712		145.935	-nan
1713		145.975	746.68325774633
1714		146.015	738.04068909243
1715		146.055	738.61076357874
1716		146.095	739.25094018298
1717		146.135	740.2829887735
1718		146.175	741.03865695194
1719		146.215	741.29858701952
1720		146.255	741.87795449273
1721		146.295	743.31966822696
1722		146.335	747.20434675202
1723		146.375	-nan
1724		146.415	-nan
1725		146.455	-nan
1726		146.495	-nan
1727		146.535	-nan
1728		146.575	-nan
1729		146.615	-nan
1730		146.655	-nan
1731		146.695	-nan
1732		146.735	-nan
1733		146.775	756.43735859968
1734		146.815	753.26839104807
1735		146.855	752.74856694554
1736		146.895	753.85045372139
1737		146.935	755.02687287453
1738		146.975	755.79078318194
1739		147.015	756.40796705706
1740		147.055	757.07296103735
1741		147.095	757.84136270406
1742		147.135	758.67973748633
1743		147.175	759.40056861687
1744		147.215	-nan
1745		147.255	760.22036151411
1746		147.295	760.40798256286
1747		147.335	760.63025853864
1748		147.375	761.1028391867
1749		147.415	761.52418334036
1750		147.455	761.82288396386
1751		147.495	761.90285034117
1752		147.535	761.96938964427
1753		147.575	763.15076087487
1754		147.615	766.72833794149
1755		147.655	-nan
1756		147.695	-nan
1757		147.735	-nan
1758		147.775	-nan
1759		147.815	-nan
1760		147.855	-nan
1761		147.895	-nan
1762		147.935	-nan
1763		147.975	-nan
1764		148.015	-nan
1765		148.055	772.86019162468
1766		148.095	768.84211216828
1767		148.135	767.99246672057
1768		148.175	768.28623629422
1769		148.215	768.67109846171
1770		148.255	768.69428260223
1771		148.295	768.63657599104
1772		148.335	768.68645214765
1773		148.375	768.95888295467
1774		148.415	769.35757244866
1775		148.455	769.88744878462
1776		148.495	-nan
1777		148.535	770.60093363368
1778		148.575	771.01068969769
1779		148.615	771.44819198957
1780		148.655	772.03802040281
1781		148.695	772.75430858505
1782		148.735	773.23838421356
1783		148.775	773.2426207208
1784		148.815	773.14149593394
1785		148.855	773.5955561918
1786		148.895	777.25031053874
1787		148.935	-nan
1788		148.975	-nan
1789		149.015	-nan
1790		149.055	-nan
1791		149.095	-nan
1792		149.135	-nan
1793		149.175	-nan
1794		149.215	-nan
1795		149.255	-nan
1796		149.295	-nan
1797		149.335	778.54456741193
1798		149.375	774.65034604109
1799		149.415	773.55999138685
1800		149.455	774.08642924127
1801		149.495	774.59043265188
1802		149.535	774.78916870242
1803		149.575	774.64602229569
1804		149.615	774.5249619765
1805		149.655	774.28692621134
1806		149.695	774.19028512415
1807		149.735	774.11897950701
1808		149.775	-nan
1809		149.815	773.25976930975
1810		149.855	772.58582084917
1811		149.895	772.10797523909
1812		149.935	771.96494409114
1813		149.975	769.58926193592
1814		150.015	754.80106920877
1815		150.055	771.02350975647
1816		150.095	771.09636173399
1817		150.135	771.78539608315
1818		150.175	775.25718399001
1819		150.215	-nan
1820		150.255	-nan
1821		150.295	-nan
1822		150.335	-nan
1823		150.375	-nan
1824		150.415	-nan
1825		150.455	-nan
1826		150.495	-nan
1827		150.535	-nan
1828		150.575	-nan
1829		150.615	774.02300449137
1830		150.655	769.06820621096
1831		150.695	767.48067872462
1832		150.735	767.146111899
1833		150.775	766.93788696764
1834		150.815	766.51385629197
1835		150.855	765.8751261504
1836		150.895	765.24263604375
1837		150.935	765.00207421703
1838		150.975	764.95543625645
1839		151.015	764.88441792656
1840		151.055	-nan
1841		151.095	764.19867310258
1842		151.135	763.6918461486
1843		151.175	763.25168377059
1844		151.215	762.8697272049
1845		151.255	762.51224529877
1846		151.295	761.90113323192
1847		151.335	761.59369374335
1848		151.375	759.89521922209
1849		151.415	759.67598037623
1850		151.455	761.9863516241
1851		151.495	-nan
1852		151.535	-nan
1853		151.575	-nan
1854		151.615	-nan
1855		151.655	-nan
1856		151.695	-nan
1857		151.735	-nan
1858		151.775	-nan
1859		151.815	-nan
1860		151.855	-nan
1861		151.895	757.9912792931
1862		151.935	753.51660665784
1863		151.975	752.01542072415
1864		152.015	751.54578311522
1865		152.055	751.24016630463
1866		152.095	750.4512878547
1867		152.135	749.47709458699
1868		152.175	748.31912428365
1869		152.215	747.49077417278
1870		152.255	746.77565197835
1871		152.295	746.13002306511
1872		152.335	-nan
1873		152.375	744.41310465105
1874		152.415	743.49677222611
1875		152.455	742.88803603951
1876		152.495	742.41018630551
1877		152.535	742.02075214229
1878		152.575	741.64218298234
1879		152.615	740.9598070372
1880		152.655	740.31225241163
1881		152.695	740.38438417562
1882		152.735	743.02921602655
1883		152.775	-nan
1884		152.815	-nan
1885		152.855	-nan
1886		152.895	-nan
1887		152.935	-nan
1888		152.975	-nan
1889		153.015	-nan
1890		153.055	-nan
1891		153.095	-nan
1892		153.135	-nan
1893		153.175	736.21570453067
1894		153.215	732.08931804364
1895		153.255	730.37003685152
1896		153.295	730.1124776281
1897		153.335	730.05547628149
1898		153.375	729.62422691957
1899		153.415	728.98847989321
1900		153.455	728.48082533155
1901		153.495	728.09897598758
1902		153.535	727.92118682213
1903		153.575	727.44763867114
1904		153.615	-nan
1905		153.655	725.88121317545
1906		153.695	725.04042211574
1907		153.735	724.16865375966
1908		153.775	723.3806373259
1909		153.815	722.84209986959
1910		153.855	721.91246561139
1911		153.895	720.85370451816
1912		153.935	719.88634801903
1913		153.975	719.83013322667
1914		154.015	721.71660970664
1915		154.055	-nan
1916		154.095	-nan
1917		154.135	-nan
1918		154.175	-nan
1919		154.215	-nan
1920		154.255	-nan
1921		154.295	-nan
1922		154.335	-nan
1923		154.375	-nan
1924		154.415	-nan
1925		154.455	719.06127427077
1926		154.495	715.13823457145
1927		154.535	713.39490611973
1928		154.575	712.92500528824
1929		154.615	712.36866241584
1930		154.655	711.82131479229
1931		154.695	710.81012415604
1932		154.735	709.97144834065
1933		154.775	709.360628517
1934		154.815	709.03211787535
1935		154.855	708.800586905
1936		154.895	-nan
1937		154.935	708.05244456164
1938		154.975	707.54236653737
1939		155.015	707.26423713819
1940		155.055	707.3475123793
1941		155.095	707.29797132068
1942		155.135	707.08879717225
1943		155.175	706.49405951527
1944		155.215	705.95949379069
1945		155.255	705.93250210122
1946		155.295	708.02263557087
1947		155.335	-nan
1948		155.375	-nan
1949		155.415	-nan
1950		155.455	-nan
1951		155.495	-nan
1952		155.535	-nan
1953		155.575	-nan
1954		155.615	-nan
1955		155.655	-nan
1956		155.695	-nan
1957		155.735	704.84747885266
1958		155.775	701.59921400915
1959		155.815	700.77486164527
1960		155.855	701.02206187058
1961		155.895	701.20760882012
1962		155.935	701.2192936991
1963		155.975	701.08218789578
1964		156.015	700.79556967099
1965		156.055	700.65929058104
1966		156.095	700.50158038139
1967		156.135	700.32396543276
1968		156.175	-nan
1969		156.215	699.41433321043
1970		156.255	698.73884832017
1971		156.295	698.24954552279
1972		156.335	698.05229908412
1973		156.375	697.93101964481
1974		156.415	697.68775499286
1975		156.455	697.41677740708
1976		156.495	697.2543514012
1977		156.535	697.66378024773
1978		156.575	700.34799948479
1979		156.615	-nan
1980		156.655	-nan
1981		156.695	-nan
1982		156.735	-nan
1983		156.775	-nan
1984		156.815	-nan
1985		156.855	-nan
1986		156.895	-nan
1987		156.935	-nan
1988		156.975	-nan
1989		157.015	701.1002899373
1990		157.055	697.71683303722
1991		157.095	696.66600511641
1992		157.135	696.75049662466
1993		157.175	696.90002820011
1994		157.215	696.96352469174
1995		157.255	696.68077403129
1996		157.295	696.64281150222
1997		157.335	696.83525076751
1998		157.375	697.28335064357
1999		157.415	697.75370246976
2000		157.455	-nan
2001		157.495	698.37772146835
2002		157.535	698.52749393743
2003		157.575	698.7004585366
2004		157.615	699.02917833028
2005		157.655	699.29230735769
2006		157.695	699.39377156188
2007		157.735	699.08780984404
2008		157.775	698.74628569703
2009		157.815	698.96300550041
2010		157.855	700.84782398645
2011		157.895	-nan
2012		157.935	-nan
2013		157.975	-nan
2014		158.015	-nan
2015		158.055	-nan
2016		158.095	-nan
2017		158.135	-nan
2018		158.175	-nan
2019		158.215	-nan
2020		158.255	-nan
2021		158.295	703.93389782323
2022		158.335	701.92115472124
2023		158.375	701.00592276981
2024		158.415	701.32411267621
2025		158.455	701.79029869123
2026		158.495	702.03447859607
2027		158.535	701.8921698103
2028		158.575	701.75070395406
2029		158.615	701.72825872041
2030		158.655	701.8234679394
2031		158.695	701.99703508597
2032		158.735	-nan
2033		158.775	701.82003475907
2034		158.815	701.86780804672
2035		158.855	701.83691478962
2036		158.895	702.20743863644
2037		158.935	702.86501508003
2038		158.975	703.31000404229
2039		159.015	703.48319322541
2040		159.055	703.70893610956
2041		159.095	704.71105220758
2042		159.135	707.59314450649
2043		159.175	-nan
2044		159.215	-nan
2045		159.255	-nan
2046		159.295	-nan
2047		159.335	-nan
2048		159.375	-nan
2049		159.415	-nan
2050		159.455	-nan
2051		159.495	-nan
2052		159.535	-nan
2053		159.575	708.46230406692
2054		159.615	705.05769937281
2055		159.655	704.66743046734
2056		159.695	705.04693263554
2057		159.735	705.64804676651
2058		159.775	705.98535204431
2059		159.815	706.19433006284
2060		159.855	706.54963348217
2061		159.895	706.98561030939
2062		159.935	707.3929309661
2063		159.975	707.79837760768
2064		160.015	-nan
2065		160.055	708.01485317727
2066		160.095	707.88103431915
2067		160.135	707.84214451911
2068		160.175	707.90137293766
2069		160.215	707.9216195372
2070		160.255	707.89061826792
2071		160.295	707.48596210767
2072		160.335	707.08917389688
2073		160.375	707.40079379539
2074		160.415	709.91017606165
2075		160.455	-nan
2076		160.495	-nan
2077		160.535	-nan
2078		160.575	-nan
2079		160.615	-nan
2080		160.655	-nan
2081		160.695	-nan
2082		160.735	-nan
2083		160.775	-nan
2084		160.815	-nan
2085		160.855	712.89596120117
2086		160.895	709.60149970057
2087		160.935	708.2593637435
2088		160.975	708.35022898636
2089		161.015	708.23657228715
2090		161.055	707.90934244316
2091		161.095	707.39877491626
2092		161.135	706.88811686277
2093		161.175	706.67449990869
2094		161.215	706.6759566744
2095		161.255	706.63767149734
2096		161.295	-nan
2097		161.335	706.48009591672
2098		161.375	706.42134828873
2099		161.415	706.49265514861
2100		161.455	706.63798823465
2101		161.495	706.95494461918
2102		161.535	706.940891715
2103		161.575	706.80551754475
2104		161.615	706.34993257954
2105		161.655	706.74281645614
2106		161.695	708.47133395086
2107		161.735	-nan
2108		161.775	-nan
2109		161.815	-nan
2110		161.855	-nan
2111		161.895	-nan
2112		161.935	-nan
2113		161.975	-nan
2114		162.015	-nan
2115		162.055	-nan
2116		162.095	-nan
2117		162.135	705.1091158045
2118		162.175	702.35071873583
2119		162.215	701.31432726862
2120		162.255	701.30868086614
2121		162.295	701.493022898
2122		162.335	701.31359501915
2123		162.375	701.01102495504
2124		162.415	700.62147150833
2125		162.455	700.27678791266
2126		162.495	700.02547106089
2127		162.535	699.58992772402
2128		162.575	-nan
2129		162.615	698.03233952173
2130		162.655	697.12275634359
2131		162.695	696.3584466021
2132		162.735	695.67639355289
2133		162.775	695.32395070924
2134		162.815	694.84668059861
2135		162.855	694.01367268954
2136		162.895	693.39568248826
2137		162.935	693.54706766818
2138		162.975	695.52245878644
2139		163.015	-nan
2140		163.055	-nan
2141		163.095	-nan
2142		163.135	-nan
2143		163.175	-nan
2144		163.215	-nan
2145		163.255	-nan
2146		163.295	-nan
2147		163.335	-nan
2148		163.375	-nan
2149		163.415	692.46898818418
2150		163.455	688.49075860621
2151		163.495	686.78240559944
2152		163.535	685.97807130042
2153		163.575	685.35220276497
2154		163.615	684.58504583362
2155		163.655	683.76132112524
2156		163.695	683.02462721046
2157		163.735	682.46608984172
2158		163.775	682.08752196891
2159		163.815	681.9365882586
2160		163.855	-nan
2161		163.895	680.94387331963
2162		163.935	680.28205557805
2163		163.975	679.86883169149
2164		164.015	679.40612479184
2165		164.055	679.02489837903
2166		164.095	678.33250974665
2167		164.135	677.20643157857
2168		164.175	676.11497948645
2169		164.215	675.30424677252
2170		164.255	676.66028972832
2171		164.295	-nan
2172		164.335	-nan
2173		164.375	-nan
2174		164.415	-nan
2175		164.455	-nan
2176		164.495	-nan
2177		164.535	-nan
2178		164.575	-nan
2179		164.615	-nan
2180		164.655	-nan
2181		164.695	668.31780521218
2182		164.735	665.11213718484
2183		164.775	663.71083911906
2184		164.815	663.18245036444
2185		164.855	662.70846793725
2186		164.895	662.03578532434
2187		164.935	661.12892835868
2188		164.975	660.0639317944
2189		165.015	659.08413196889
2190		165.055	658.20360068099
2191		165.095	657.34120895611
2192		165.135	-nan
2193		165.175	655.07159760505
2194		165.215	654.04524482334
2195		165.255	653.10895919129
2196		165.295	652.41619697314
2197		165.335	651.95829293549
2198		165.375	651.39307816525
2199		165.415	650.63888504279
2200		165.455	649.99002231229
2201		165.495	650.04080470712
2202		165.535	651.36719932046
2203		165.575	-nan
2204		165.615	-nan
2205		165.655	-nan
2206		165.695	-nan
2207		165.735	-nan
2208		165.775	-nan
2209		165.815	-nan
2210		165.855	-nan
2211		165.895	-nan
2212		165.935	-nan
2213		165.975	642.98559376792
2214		166.015	639.81040924415
2215		166.055	638.2663695144
2216		166.095	637.788993541
2217		166.135	637.31084325379
2218		166.175	636.88627437525
2219		166.215	636.25492640361
2220		166.255	635.67223726138
2221		166.295	635.24530873281
2222		166.335	634.98184311162
2223		166.375	634.74354628373
2224		166.415	-nan
2225		166.455	633.66151021632
2226		166.495	632.78338072169
2227		166.535	632.18163620774
2228		166.575	631.44900347948
2229		166.615	630.84677578762
2230		166.655	629.9219103796
2231		166.695	628.82691194535
2232		166.735	627.59563697102
2233		166.775	626.89838151213
2234		166.815	628.2948958473
2235		166.855	-nan
2236		166.895	-nan
2237		166.935	-nan
2238		166.975	-nan
2239		167.015	-nan
2240		167.055	-nan
2241		167.095	-nan
2242		167.135	-nan
2243		167.175	-nan
2244		167.215	-nan
2245		167.255	624.17860502365
2246		167.295	621.33428899233
2247		167.335	619.97771576387
2248		167.375	619.34919575288
2249		167.415	618.65283403054
2250		167.455	617.90874041134
2251		167.495	616.89124914178
2252		167.535	616.08141016551
2253		167.575	615.44189503946
2254		167.615	614.85998807043
2255		167.655	614.4792643529
2256		167.695	-nan
2257		167.735	613.6390934787
2258		167.775	613.17625861685
2259		167.815	612.92660737327
2260		167.855	612.91315967222
2261		167.895	612.88376599469
2262		167.935	612.80126077098
2263		167.975	612.44881449244
2264		168.015	612.14682311949
2265		168.055	612.17721206309
2266		168.095	613.63176325681
2267		168.135	-nan
2268		168.175	-nan
2269		168.215	-nan
2270		168.255	-nan
2271		168.295	-nan
2272		168.335	-nan
2273		168.375	-nan
2274		168.415	-nan
2275		168.455	-nan
2276		168.495	-nan
2277		168.535	608.12900229342
2278		168.575	605.62303796696
2279		168.615	604.7960123497
2280		168.655	605.17702912079
2281		168.695	605.42845870942
2282		168.735	605.51274574656
2283		168.775	605.3821772753
2284		168.815	605.23097881423
2285		168.855	605.03020354249
2286		168.895	604.91832680907
2287		168.935	604.7331774062
2288		168.975	-nan
2289		169.015	603.70384563879
2290		169.055	603.09314450587
2291		169.095	602.63104849368
2292		169.135	602.33224628978
2293		169.175	602.13255060724
2294		169.215	601.76879307765
2295		169.255	601.40326476372
2296		169.295	601.01980084186
2297		169.335	601.36889781237
2298		169.375	602.92038715086
2299		169.415	-nan
2300		169.455	-nan
2301		169.495	-nan
2302		169.535	-nan
2303		169.575	-nan
2304		169.615	-nan
2305		169.655	-nan
2306		169.695	-nan
2307		169.735	-nan
2308		169.775	-nan
2309		169.815	604.89736557338
2310		169.855	602.29308786862
2311		169.895	601.13341450715
2312		169.935	600.71870552265
2313		169.975	600.45104312293
2314		170.015	600.06879973668
2315		170.055	599.65269300845
2316		170.095	599.2169002379
2317		170.135	599.12847335419
2318		170.175	599.22083279154
2319		170.215	599.45472806477
2320		170.255	-nan
2321		170.295	600.03003563817
2322		170.335	600.04235272419
2323		170.375	600.17760894676
2324		170.415	600.37212426397
2325		170.455	600.5947764645
2326		170.495	600.46698795011
2327		170.535	600.12014194207
2328		170.575	599.78280518664
2329		170.615	599.74395079944
2330		170.655	600.56762295164
2331		170.695	-nan
2332		170.735	-nan
2333		170.775	-nan
2334		170.815	-nan
2335		170.855	-nan
2336		170.895	-nan
2337		170.935	-nan
2338		170.975	-nan
2339		171.015	-nan
2340		171.055	-nan
2341		171.095	599.6276663601
2342		171.135	598.163468591
2343		171.175	597.76338615361
2344		171.215	597.93817196113
2345		171.255	598.13309433173
2346		171.295	598.10174739076
2347		171.335	597.85014618062
2348		171.375	597.56143280166
2349		171.415	597.12881868153
2350		171.455	596.82800465544
2351		171.495	596.61586306844
2352		171.535	-nan
2353		171.575	595.79511855604
2354		171.615	595.33818797609
2355		171.655	595.22241219966
2356		171.695	595.0329145184
2357		171.735	595.13953869874
2358		171.775	595.33429626588
2359		171.815	595.38104374768
2360		171.855	595.51493317708
2361		171.895	596.11358995923
2362		171.935	597.31267122087
2363		171.975	-nan
2364		172.015	-nan
2365		172.055	-nan
2366		172.095	-nan
2367		172.135	-nan
2368		172.175	-nan
2369		172.215	-nan
2370		172.255	-nan
2371		172.295	-nan
2372		172.335	-nan
2373		172.375	595.48932252758
2374		172.415	593.57076980154
2375		172.455	592.65066207237
2376		172.495	592.49074181917
2377		172.535	592.56821884123
2378		172.575	592.52405376413
2379		172.615	592.35354669892
2380		172.655	592.17347731886
2381		172.695	592.33521880633
2382		172.735	592.53822699486
2383		172.775	592.86121563561
2384		172.815	-nan
2385		172.855	592.81617859345
2386		172.895	592.59110204433
2387		172.935	592.29640613916
2388		172.975	592.05699964927
2389		173.015	591.764480982
2390		173.055	591.38851565713
2391		173.095	590.82502364972
2392		173.135	590.15366466
2393		173.175	589.9962280444
2394		173.215	590.72444307512
2395		173.255	-nan
2396		173.295	-nan
2397		173.335	-nan
2398		173.375	-nan
2399		173.415	-nan
2400		173.455	-nan
2401		173.495	-nan
2402		173.535	-nan
2403		173.575	-nan
2404		173.615	-nan
2405		173.655	589.81064338023
2406		173.695	587.80376829949
2407		173.735	586.94464934889
2408		173.775	586.28444814717
2409		173.815	585.91149345349
2410		173.855	585.21478824896
2411		173.895	584.3449653756
2412		173.935	583.52400268405
2413		173.975	582.79673769017
2414		174.015	582.2832134157
2415		174.055	581.7768106462
2416		174.095	-nan
2417		174.135	580.74793551007
2418		174.175	580.28616426863
2419		174.215	580.00916846612
2420		174.255	579.94150508591
2421		174.295	579.83879338608
2422		174.335	579.87781516819
2423		174.375	579.60406617685
2424		174.415	579.24851280194
2425		174.455	579.41000470063
2426		174.495	580.54314540279
2427		174.535	-nan
2428		174.575	-nan
2429		174.615	-nan
2430		174.655	-nan
2431		174.695	-nan
2432		174.735	-nan
2433		174.775	-nan
2434		174.815	-nan
2435		174.855	-nan
2436		174.895	-nan
2437		174.935	573.52114915453
2438		174.975	571.19174437086
2439		175.015	570.66091760975
2440		175.055	570.14896070624
2441		175.095	570.00708970963
2442		175.135	569.61909046328
2443		175.175	569.17121100962
2444		175.215	568.62622219807
2445		175.255	568.18732136969
2446		175.295	567.69296478971
2447		175.335	567.20403741155
2448		175.375	-nan
2449		175.415	565.44957268493
2450		175.455	564.50339327392
2451		175.495	563.5552583558
2452		175.535	562.71414894776
2453		175.575	561.98725177851
2454		175.615	561.27285929359
2455		175.655	560.25630948294
2456		175.695	559.42843965259
2457		175.735	559.13714378913
2458		175.775	559.85117164607
2459		175.815	-nan
2460		175.855	-nan
2461		175.895	-nan
2462		175.935	-nan
2463		175.975	-nan
2464		176.015	-nan
2465		176.055	-nan
2466		176.095	-nan
2467		176.135	-nan
2468		176.175	-nan
2469		176.215	555.22928639614
2470		176.255	552.66479150212
2471		176.295	551.10312946519
2472		176.335	550.02624705176
2473		176.375	549.02855357991
2474		176.415	547.84144874367
2475		176.455	546.6371650309
2476		176.495	545.59885262701
2477		176.535	544.93173421733
2478		176.575	544.32275811764
2479		176.615	543.91112008653
2480		176.655	-nan
2481		176.695	542.80356088405
2482		176.735	542.23392284498
2483		176.775	541.88456269029
2484		176.815	541.50119000753
2485		176.855	541.15610830785
2486		176.895	540.59871191389
2487		176.935	539.92168620968
2488		176.975	539.08383251878
2489		177.015	538.51000166966
2490		177.055	538.93280914737
2491		177.095	-nan
2492		177.135	-nan
2493		177.175	-nan
2494		177.215	-nan
2495		177.255	-nan
2496		177.295	-nan
2497		177.335	-nan
2498		177.375	-nan
2499		177.415	-nan
2500		177.455	-nan
2501		177.495	531.35705939382
2502		177.535	529.40586942675
2503		177.575	528.56010022081
2504		177.615	528.09405371688
2505		177.655	527.58112706517
2506		177.695	526.91126301063
2507		177.735	526.19064013741
2508		177.775	525.25431922977
2509		177.815	524.40271056174
2510		177.855	523.4528182542
2511		177.895	522.48121593023
2512		177.935	-nan
2513		177.975	520.13544474119
2514		178.015	518.99155275121
2515		178.055	517.99876359561
2516		178.095	517.30044833457
2517		178.135	516.77350201565
2518		178.175	516.35112279051
2519		178.215	515.90688506602
2520		178.255	515.35801204244
2521		178.295	515.40730683459
2522		178.335	516.28557946282
2523		178.375	-nan
2524		178.415	-nan
2525		178.455	-nan
2526		178.495	-nan
2527		178.535	-nan
2528		178.575	-nan
2529		178.615	-nan
2530		178.655	-nan
2531		178.695	-nan
2532		178.735	-nan
2533		178.775	509.85352524465
2534		178.815	507.51766128851
2535		178.855	506.34164377512
2536		178.895	505.65033213562
2537		178.935	504.97603296986
2538		178.975	504.29722382697
2539		179.015	503.65831265434
2540		179.055	503.15673966084
2541		179.095	502.77483829882
2542		179.135	502.43224531999
2543		179.175	502.24435388094
2544		179.215	-nan
2545		179.255	501.31873485013
2546		179.295	500.78684306447
2547		179.335	500.2168639629
2548		179.375	499.77007654352
2549		179.415	499.19982874146
2550		179.455	498.52909989979
2551		179.495	497.64770119311
2552		179.535	496.7340995186
2553		179.575	496.10169566475
2554		179.615	496.32512822778
2555		179.655	-nan
2556		179.695	-nan
2557		179.735	-nan
2558		179.775	-nan
2559		179.815	-nan
2560		179.855	-nan
2561		179.895	-nan
2562		179.935	-nan
2563		179.975	-nan
2564		180.015	-nan
2565		180.055	493.118152196
2566		180.095	491.74189681704
2567		180.135	490.89988242082
2568		180.175	490.44187310474
2569		180.215	489.82374886053
2570		180.255	489.13742372823
2571		180.295	488.16544053638
2572		180.335	487.42768348412
2573		180.375	486.55106817576
2574		180.415	485.89692605654
2575		180.455	485.25451954971
2576		180.495	-nan
2577		180.535	483.9434640728
2578		180.575	483.38255914699
2579		180.615	483.05516641129
2580		180.655	482.91277001614
2581		180.695	482.83100026157
2582		180.735	482.84023225003
2583		180.775	482.74338284086
2584		180.815	482.59114079029
2585		180.855	482.71397886992
2586		180.895	483.55554657211
2587		180.935	-nan
2588		180.975	-nan
2589		181.015	-nan
2590		181.055	-nan
2591		181.095	-nan
2592		181.135	-nan
2593		181.175	-nan
2594		181.215	-nan
2595		181.255	-nan
2596		181.295	-nan
2597		181.335	478.90587835789
2598		181.375	477.48349294064
2599		181.415	476.9158580578
2600		181.455	476.72784644974
2601		181.495	476.68962705655
2602		181.535	476.59505414426
2603		181.575	476.4234716477
2604		181.615	476.16846661037
2605		181.655	476.02470490955
2606		181.695	475.89820517676
2607		181.735	475.65263944795
2608		181.775	-nan
2609		181.815	474.60779738817
2610		181.855	473.99257409646
2611		181.895	473.37224484529
2612		181.935	472.81045317244
2613		181.975	472.3466433014
2614		182.015	471.76476409379
2615		182.055	471.18590021965
2616		182.095	470.78155493492
2617		182.135	470.63219967383
2618		182.175	471.27106604037
2619		182.215	-nan
2620		182.255	-nan
2621		182.295	-nan
2622		182.335	-nan
2623		182.375	-nan
2624		182.415	-nan
2625		182.455	-nan
2626		182.495	-nan
2627		182.535	-nan
2628		182.575	-nan
2629		182.615	471.57501295114
2630		182.655	470.00222037259
2631		182.695	469.14166107721
2632		182.735	468.52933258927
2633		182.775	467.99901024375
2634		182.815	467.2798296771
2635		182.855	466.69211250996
2636		182.895	466.16321700878
2637		182.935	465.73834274128
2638		182.975	465.51935437659
2639		183.015	465.39515257424
2640		183.055	-nan
2641		183.095	465.0922216126
2642		183.135	464.95879512469
2643		183.175	464.93583541281
2644		183.215	465.02445338864
2645		183.255	465.00472143728
2646		183.295	465.00154037885
2647		183.335	464.84564076686
2648		183.375	464.53823980585
2649		183.415	464.49626776508
2650		183.455	464.95991405466
2651		183.495	-nan
2652		183.535	-nan
2653		183.575	-nan
2654		183.615	-nan
2655		183.655	-nan
2656		183.695	-nan
2657		183.735	-nan
2658		183.775	-nan
2659		183.815	-nan
2660		183.855	-nan
2661		183.895	462.25484935851
2662		183.935	461.08052052012
2663		183.975	460.95130497424
2664		184.015	460.97288798717
2665		184.055	461.07969796965
2666		184.095	461.06639684969
2667		184.135	460.82505990497
2668		184.175	460.49303712968
2669		184.215	460.07618050287
2670		184.255	459.64770375026
2671		184.295	459.17668884238
2672		184.335	-nan
2673		184.375	457.51157308663
2674		184.415	456.78494836135
2675		184.455	456.17157535814
2676		184.495	455.65235692648
2677		184.535	455.29893573297
2678		184.575	454.99360608992
2679		184.615	454.60876198044
2680		184.655	454.50065198974
2681		184.695	454.56994147289
2682		184.735	455.37716412914
2683		184.775	-nan
2684		184.815	-nan
2685		184.855	-nan
2686		184.895	-nan
2687		184.935	-nan
2688		184.975	-nan
2689		185.015	-nan
2690		185.055	-nan
2691		185.095	-nan
2692		185.135	-nan
2693		185.175	453.15614085494
2694		185.215	451.68782850141
2695		185.255	450.76498748396
2696		185.295	450.08896755367
2697		185.335	449.66121864869
2698		185.375	449.28458787479
2699		185.415	448.78239969797
2700		185.455	448.41561416811
2701		185.495	448.11407527379
2702		185.535	447.98345344648
2703		185.575	447.83980237438
2704		185.615	-nan
2705		185.655	447.37753085287
2706		185.695	446.99627530844
2707		185.735	446.68881534683
2708		185.775	446.24634505381
2709		185.815	445.88348859264
2710		185.855	445.29894067836
2711		185.895	444.55043262204
2712		185.935	443.75001841596
2713		185.975	443.16943310106
2714		186.015	443.1924198148
2715		186.055	-nan
2716		186.095	-nan
2717		186.135	-nan
2718		186.175	-nan
2719		186.215	-nan
2720		186.255	-nan
2721		186.295	-nan
2722		186.335	-nan
2723		186.375	-nan
2724		186.415	-nan
2725		186.455	440.45915385622
2726		186.495	439.35061880949
2727		186.535	438.72404662682
2728		186.575	438.26237349811
2729		186.615	437.81532512239
2730		186.655	437.05630178134
2731		186.695	436.34682652661
2732		186.735	435.38188404943
2733		186.775	434.50488073212
2734		186.815	433.65720534311
2735		186.855	432.91790316815
2736		186.895	-nan
2737		186.935	431.10150045027
2738		186.975	430.24797063461
2739		187.015	429.52941730939
2740		187.055	428.90805866143
2741		187.095	428.34811684367
2742		187.135	426.54663844027
2743		187.175	425.24932743981
2744		187.215	422.82626997866
2745		187.255	419.11670612525
2746		187.295	417.58874856682
2747		187.335	-nan
2748		187.375	-nan
2749		187.415	-nan
2750		187.455	-nan
2751		187.495	-nan
2752		187.535	-nan
2753		187.575	-nan
2754		187.615	-nan
2755		187.655	-nan
2756		187.695	-nan
2757		187.735	298.3903079206
2758		187.775	294.52753340028
2759		187.815	292.92515097081
2760		187.855	296.2306526613
2761		187.895	298.51148587031
2762		187.935	298.60262818833
2763		187.975	298.9073067157
2764		188.015	298.6707228668
2765		188.055	298.46058002012
2766		188.095	298.29877249791
2767		188.135	298.10819746065
2768		188.175	-nan
2769		188.215	297.32479749894
2770		188.255	296.79507658577
2771		188.295	296.30825106452
2772		188.335	296.01521179083
2773		188.375	295.69592972054
2774		188.415	295.30057308805
2775		188.455	294.67827611501
2776		188.495	294.00309076754
2777		188.535	294.06040447277
2778		188.575	295.92225150329
2779		188.615	-nan
2780		188.655	-nan
2781		188.695	-nan
2782		188.735	-nan
2783		188.775	-nan
2784		188.815	-nan
2785		188.855	-nan
2786		188.895	-nan
2787		188.935	-nan
2788		188.975	-nan
2789		189.015	296.72309296944
2790		189.055	293.41258047165
2791		189.095	292.19069251282
2792		189.135	291.90466293479
2793		189.175	291.68711311565
2794		189.215	291.25482091021
2795		189.255	290.61931712678
2796		189.295	290.00873170128
2797		189.335	289.55681349778
2798		189.375	289.2730361035
2799		189.415	288.99403108306
2800		189.455	-nan
2801		189.495	288.20442728175
2802		189.535	287.78873146897
2803		189.575	287.47587347791
2804		189.615	287.34121878876
2805		189.655	287.23419199534
2806		189.695	287.04546230828
2807		189.735	286.49642928667
2808		189.775	286.05446666812
2809		189.815	286.18686951757
2810		189.855	288.07185077305
2811		189.895	-nan
2812		189.935	-nan
2813		189.975	-nan
2814		190.015	-nan
2815		190.055	-nan
2816		190.095	-nan
2817		190.135	-nan
2818		190.175	-nan
2819		190.215	-nan
2820		190.255	-nan
2821		190.295	286.99928208381
2822		190.335	283.99523752588
2823		190.375	283.1332143941
2824		190.415	283.09205459821
2825		190.455	283.12696417278
2826		190.495	283.03011402745
2827		190.535	282.64905404605
2828		190.575	282.2852456231
2829		190.615	281.97404174925
2830		190.655	281.74507069402
2831		190.695	281.45019430283
2832		190.735	-nan
2833		190.775	280.49389877866
2834		190.815	279.92398992336
2835		190.855	279.43728419603
2836		190.895	279.04194921922
2837		190.935	278.78211884499
2838		190.975	278.44346019566
2839		191.015	277.89864736648
2840		191.055	277.42572017053
2841		191.095	277.48965601439
2842		191.135	279.39447575386
2843		191.175	-nan
2844		191.215	-nan
2845		191.255	-nan
2846		191.295	-nan
2847		191.335	-nan
2848		191.375	-nan
2849		191.415	-nan
2850		191.455	-nan
2851		191.495	-nan
2852		191.535	-nan
2853		191.575	279.39513650892
2854		191.615	276.47748301022
2855		191.655	275.44274665756
2856		191.695	275.19811850381
2857		191.735	275.0193397938
2858		191.775	274.7354576313
2859		191.815	274.2785370569
2860		191.855	273.90984017297
2861		191.895	273.63995157324
2862		191.935	273.58440180635
2863		191.975	273.53064381241
2864		192.015	-nan
2865		192.055	273.11650745088
2866		192.095	272.85360093728
2867		192.135	272.60824371815
2868		192.175	272.49384537584
2869		192.215	272.33842874354
2870		192.255	272.08278028003
2871		192.295	271.59049082039
2872		192.335	271.09554715257
2873		192.375	271.14277633049
2874		192.415	272.56462181493
2875		192.455	-nan
2876		192.495	-nan
2877		192.535	-nan
2878		192.575	-nan
2879		192.615	-nan
2880		192.655	-nan
2881		192.695	-nan
2882		192.735	-nan
2883		192.775	-nan
2884		192.815	-nan
2885		192.855	272.46047000602
2886		192.895	269.96926622691
2887		192.935	269.13294141985
2888		192.975	269.16757757407
2889		193.015	269.16330770708
2890		193.055	268.99276384166
2891		193.095	268.64346966597
2892		193.135	268.25728344847
2893		193.175	267.98214158153
2894		193.215	267.76276226455
2895		193.255	267.53562274024
2896		193.295	-nan
2897		193.335	266.71482753041
2898		193.375	266.26198627038
2899		193.415	265.9558574661
2900		193.455	265.79660889312
2901		193.495	265.74311824128
2902		193.535	265.59819940882
2903		193.575	265.31841770651
2904		193.615	265.05770289858
2905		193.655	265.3646821215
2906		193.695	267.16967003456
2907		193.735	-nan
2908		193.775	-nan
2909		193.815	-nan
2910		193.855	-nan
2911		193.895	-nan
2912		193.935	-nan
2913		193.975	-nan
2914		194.015	-nan
2915		194.055	-nan
2916		194.095	-nan
2917		194.135	266.6570646162
2918		194.175	264.05939778169
2919		194.215	263.31175704476
2920		194.255	263.28987490229
2921		194.295	263.33812914935
2922		194.335	263.27040273498
2923		194.375	263.07473179802
2924		194.415	262.91928131948
2925		194.455	263.18933294113
2926		194.495	262.90144044586
2927		194.535	262.86191182959
2928		194.575	-nan
2929		194.615	262.48102947078
2930		194.655	262.13079397198
2931		194.695	261.92304468133
2932		194.735	261.72933004856
2933		194.775	261.58818236269
2934		194.815	261.25658724552
2935		194.855	260.86009617213
2936		194.895	260.34481416173
2937		194.935	260.22592093948
2938		194.975	261.80090494751
2939		195.015	-nan
2940		195.055	-nan
2941		195.095	-nan
2942		195.135	-nan
2943		195.175	-nan
2944		195.215	-nan
2945		195.255	-nan
2946		195.295	-nan
2947		195.335	-nan
2948		195.375	-nan
2949		195.415	262.31834768474
2950		195.455	259.99591222964
2951		195.495	259.1748943275
2952		195.535	259.12135293575
2953		195.575	259.06939042287
2954		195.615	258.84120942446
2955		195.655	258.40989353938
2956		195.695	258.05457537278
2957		195.735	257.78473989419
2958		195.775	257.63683464964
2959		195.815	257.53077387763
2960		195.855	-nan
2961		195.895	257.06083951698
2962		195.935	256.80642621164
2963		195.975	256.59052291105
2964		196.015	256.5669168086
2965		196.055	256.5521267012
2966		196.095	256.46899029559
2967		196.135	256.17404586219
2968		196.175	255.90144421057
2969		196.215	256.10399567834
2970		196.255	257.59181583914
2971		196.295	-nan
2972		196.335	-nan
2973		196.375	-nan
2974		196.415	-nan
2975		196.455	-nan
2976		196.495	-nan
2977		196.535	-nan
2978		196.575	-nan
2979		196.615	-nan
2980		196.655	-nan
2981		196.695	256.47939756462
2982		196.735	254.34184199074
2983		196.775	253.69001327277
2984		196.815	253.74310346146
2985		196.855	253.8502539044
2986		196.895	253.85511833547
2987		196.935	253.67819615668
2988		196.975	253.44119847129
2989		197.015	253.35158445327
2990		197.055	253.2469574172
2991		197.095	253.11246960169
2992		197.135	-nan
2993		197.175	252.43062715984
2994		197.215	251.99696475204
2995		197.255	251.61798489921
2996		197.295	251.34139062336
2997		197.335	251.10692336072
2998		197.375	250.77133151028
2999		197.415	250.32181774586
3000		197.455	249.90283079467
3001		197.495	249.89960398661
3002		197.535	251.32790058759
3003		197.575	-nan
3004		197.615	-nan
3005		197.655	-nan
3006		197.695	-nan
3007		197.735	-nan
3008		197.775	-nan
3009		197.815	-nan
3010		197.855	-nan
3011		197.895	-nan
3012		197.935	-nan
3013		197.975	250.91196221674
3014		198.015	248.64667133527
3015		198.055	247.75182589658
3016		198.095	247.52355851655
3017		198.135	247.32301868281
3018		198.175	247.08907254785
3019		198.215	246.68375051699
3020		198.255	246.36469315571
3021		198.295	246.15595165686
3022		198.335	246.03053544044
3023		198.375	245.95421796878
3024		198.415	-nan
3025		198.455	245.48581827235
3026		198.495	245.24378076402
3027		198.535	245.04027689505
3028		198.575	244.88884713857
3029		198.615	244.74037798014
3030		198.655	244.49802365431
3031		198.695	244.03342831931
3032		198.735	243.55498889058
3033		198.775	243.37671955209
3034		198.815	244.48169033262
3035		198.855	-nan
3036		198.895	-nan
3037		198.935	-nan
3038		198.975	-nan
3039		199.015	-nan
3040		199.055	-nan
3041		199.095	-nan
3042		199.135	-nan
3043		199.175	-nan
3044		199.215	-nan
3045		199.255	242.68458763293
3046		199.295	240.61743077753
3047		199.335	239.94695547065
3048		199.375	239.8361991453
3049		199.415	239.7995397979
3050		199.455	239.63077572998
3051		199.495	239.29940803398
3052		199.535	238.9303737908
3053		199.575	238.60905241283
3054		199.615	238.29043720209
3055		199.655	237.97921376398
3056		199.695	-nan
3057		199.735	237.01541991811
3058		199.775	236.48488437253
3059		199.815	236.06984468662
3060		199.855	235.75497184498
3061		199.895	235.48908275609
3062		199.935	235.1744475852
3063		199.975	234.73682376885
3064		200.015	237.88072231848
3065		200.055	234.35961015325
3066		200.095	235.49819996464
3067		200.135	-nan
3068		200.175	-nan
3069		200.215	-nan
3070		200.255	-nan
3071		200.295	-nan
3072		200.335	-nan
3073		200.375	-nan
3074		200.415	-nan
3075		200.455	-nan
3076		200.495	-nan
3077		200.535	233.55784813935
3078		200.575	231.47340675607
3079		200.615	230.62456682428
3080		200.655	230.39350273083
3081		200.695	230.17826085947
3082		200.735	229.9408936831
3083		200.775	229.58599764979
3084		200.815	229.2898307246
3085		200.855	229.09271519469
3086		200.895	228.93562570389
3087		200.935	228.8211737382
3088		200.975	-nan
3089		201.015	228.26937254841
3090		201.055	227.91953946818
3091		201.095	227.58906511758
3092		201.135	227.27980036501
3093		201.175	226.99579186578
3094		201.215	226.60651917496
3095		201.255	226.0125114404
3096		201.295	225.44143014078
3097		201.335	225.24013295284
3098		201.375	225.9705913925
3099		201.415	-nan
3100		201.455	-nan
3101		201.495	-nan
3102		201.535	-nan
3103		201.575	-nan
3104		201.615	-nan
3105		201.655	-nan
3106		201.695	-nan
3107		201.735	-nan
3108		201.775	-nan
3109		201.815	223.96880676401
3110		201.855	222.21860572702
3111		201.895	221.50496605009
3112		201.935	221.24990976364
3113		201.975	221.03872161979
3114		202.015	220.66175010992
3115		202.055	220.26176156567
3116		202.095	219.81508773622
3117		202.135	219.44616860695
3118		202.175	219.16768583033
3119		202.215	218.94548861132
3120		202.255	-nan
3121		202.295	218.10709260635
3122		202.335	217.76963502156
3123		202.375	217.46047521045
3124		202.415	217.20793038543
3125		202.455	217.04415533413
3126		202.495	216.74954800045
3127		202.535	216.44009633207
3128		202.575	216.08744183058
3129		202.615	216.05603244158
3130		202.655	216.82506801816
3131		202.695	-nan
3132		202.735	-nan
3133		202.775	-nan
3134		202.815	-nan
3135		202.855	-nan
3136		202.895	-nan
3137		202.935	-nan
3138		202.975	-nan
3139		203.015	-nan
3140		203.055	-nan
3141		203.095	213.76992807013
3142		203.135	212.1395166872
3143		203.175	211.56808514504
3144		203.215	211.39715798601
3145		203.255	211.3168530625
3146		203.295	211.16208325761
3147		203.335	210.96473130177
3148		203.375	210.69326710161
3149		203.415	210.55687064242
3150		203.455	210.33734657014
3151		203.495	210.17511983413
3152		203.535	-nan
3153		203.575	209.49390707089
3154		203.615	209.0982774748
3155		203.655	208.71599790846
3156		203.695	208.40096958457
3157		203.735	208.10968793526
3158		203.775	207.73790809774
3159		203.815	207.28348349828
3160		203.855	206.83608007972
3161		203.895	206.7270148322
3162		203.935	207.42285574274
3163		203.975	-nan
3164		204.015	-nan
3165		204.055	-nan
3166		204.095	-nan
3167		204.135	-nan
3168		204.175	-nan
3169		204.215	-nan
3170		204.255	-nan
3171		204.295	-nan
3172		204.335	-nan
3173		204.375	205.6390765853
3174		204.415	204.09092146362
3175		204.455	203.47308215641
3176		204.495	203.1920156011
3177		204.535	202.99089516958
3178		204.575	202.69030808281
3179		204.615	202.30818808326
3180		204.655	201.9895594661
3181		204.695	201.79484433825
3182		204.735	201.63899076278
3183		204.775	201.55240571473
3184		204.815	-nan
3185		204.855	201.15972542509
3186		204.895	200.97215509876
3187		204.935	200.81011534695
3188		204.975	200.72730330887
3189		205.015	200.61356825761
3190		205.055	200.4303612467
3191		205.095	200.12551342875
3192		205.135	199.75682515088
3193		205.175	199.70245478784
3194		205.215	200.2603741766
3195		205.255	-nan
3196		205.295	-nan
3197		205.335	-nan
3198		205.375	-nan
3199		205.415	-nan
3200		205.455	-nan
3201		205.495	-nan
3202		205.535	-nan
3203		205.575	-nan
3204		205.615	-nan
3205		205.655	197.77666816219
3206		205.695	196.50437842077
3207		205.735	196.0251719028
3208		205.775	195.98202806892
3209		205.815	195.9361618336
3210		205.855	195.7659102263
3211		205.895	195.57344491235
3212		205.935	195.34661622157
3213		205.975	195.09540614899
3214		206.015	194.93544633207
3215		206.055	194.70185075711
3216		206.095	-nan
3217		206.135	194.10597986068
3218		206.175	193.78586211472
3219		206.215	193.48324395038
3220		206.255	193.26494310409
3221		206.295	193.02470510251
3222		206.335	192.75271869216
3223		206.375	192.41413599472
3224		206.415	191.83803780506
3225		206.455	191.41425248495
3226		206.495	190.92273572759
3227		206.535	-nan
3228		206.575	-nan
3229		206.615	-nan
3230		206.655	-nan
3231		206.695	-nan
3232		206.735	-nan
3233		206.775	-nan
3234		206.815	-nan
3235		206.855	-nan
3236		206.895	-nan
3237		206.935	139.71785592228
3238		206.975	137.85374390964
3239		207.015	137.18423725219
3240		207.055	137.69695139102
3241		207.095	137.82287553362
3242		207.135	137.76029113188
3243		207.175	137.56378352638
3244		207.215	137.41560416926
3245		207.255	137.33750218598
3246		207.295	137.32245015826
3247		207.335	137.33709712216
3248		207.375	-nan
3249		207.415	137.17655435094
3250		207.455	137.03438848476
3251		207.495	136.94068246479
3252		207.535	136.92496405281
3253		207.575	136.91258735703
3254		207.615	136.803942022
3255		207.655	136.58786762974
3256		207.695	136.32962593186
3257		207.735	136.43875472233
3258		207.775	137.48207810191
3259		207.815	-nan
3260		207.855	-nan
3261		207.895	-nan
3262		207.935	-nan
3263		207.975	-nan
3264		208.015	-nan
3265		208.055	-nan
3266		208.095	-nan
3267		208.135	-nan
3268		208.175	-nan
3269		208.215	137.47759584564
3270		208.255	135.8255297596
3271		208.295	135.30040185022
3272		208.335	135.47803424708
3273		208.375	135.23427338196
3274		208.415	135.12820287397
3275		208.455	134.91558240302
3276		208.495	134.70355275519
3277		208.535	134.57653466698
3278		208.575	134.50518528421
3279		208.615	134.44021834518
3280		208.655	-nan
3281		208.695	134.12774172705
3282		208.735	133.93137868223
3283		208.775	133.80908694515
3284		208.815	133.77481665617
3285		208.855	133.77551709173
3286		208.895	133.70870579271
3287		208.935	133.53572738993
3288		208.975	133.34412056236
3289		209.015	133.527445618
3290		209.055	134.60782396336
3291		209.095	-nan
3292		209.135	-nan
3293		209.175	-nan
3294		209.215	-nan
3295		209.255	-nan
3296		209.295	-nan
3297		209.335	-nan
3298		209.375	-nan
3299		209.415	-nan
3300		209.455	-nan
3301		209.495	134.25756281695
3302		209.535	132.63125692266
3303		209.575	132.09380738831
3304		209.615	132.04374068323
3305		209.655	132.07069624483
3306		209.695	131.95669142452
3307		209.735	131.81279636592
3308		209.775	131.65137639499
3309		209.815	131.57628050499
3310		209.855	131.55228340019
3311		209.895	131.51849197656
3312		209.935	-nan
3313		209.975	131.23670685658
3314		210.015	131.04624040108
3315		210.055	130.88408106209
3316		210.095	130.80382217727
3317		210.135	130.73709797982
3318		210.175	130.61291773437
3319		210.215	130.35119663371
3320		210.255	130.11691791306
3321		210.295	130.15673020294
3322		210.335	131.13553166591
3323		210.375	-nan
3324		210.415	-nan
3325		210.455	-nan
3326		210.495	-nan
3327		210.535	-nan
3328		210.575	-nan
3329		210.615	-nan
3330		210.655	-nan
3331		210.695	-nan
3332		210.735	-nan
3333		210.775	130.970343722
3334		210.815	129.43288234376
3335		210.855	128.85268210726
3336		210.895	128.72593290269
3337		210.935	128.65157657208
3338		210.975	128.47595055637
3339		211.015	128.23431604665
3340		211.055	128.014699091
3341		211.095	127.84828593951
3342		211.135	127.7539977795
3343		211.175	127.65403726783
3344		211.215	-nan
3345		211.255	127.38294551919
3346		211.295	127.21696281029
3347		211.335	127.09200255247
3348		211.375	127.05071533503
3349		211.415	127.01437668279
3350		211.455	126.92320579991
3351		211.495	126.71904848227
3352		211.535	126.51645534779
3353		211.575	126.60467607206
3354		211.615	127.49132850922
3355		211.655	-nan
3356		211.695	-nan
3357		211.735	-nan
3358		211.775	-nan
3359		211.815	-nan
3360		211.855	-nan
3361		211.895	-nan
3362		211.935	-nan
3363		211.975	-nan
3364		212.015	-nan
3365		212.055	126.88269060701
3366		212.095	125.43514815271
3367		212.135	124.95204236059
3368		212.175	124.87809332372
3369		212.215	124.86369389493
3370		212.255	124.72377252209
3371		212.295	124.54729692158
3372		212.335	124.36929437258
3373		212.375	124.21643544293
3374		212.415	124.10614079699
3375		212.455	124.04450516142
3376		212.495	-nan
3377		212.535	123.63689232574
3378		212.575	123.40735266587
3379		212.615	123.23235744542
3380		212.655	123.11850562719
3381		212.695	123.00953272102
3382		212.735	122.86084870269
3383		212.775	122.64489784221
3384		212.815	122.40303682487
3385		212.855	122.47032778949
3386		212.895	123.33456505505
3387		212.935	-nan
3388		212.975	-nan
3389		213.015	-nan
3390		213.055	-nan
3391		213.095	-nan
3392		213.135	-nan
3393		213.175	-nan
3394		213.215	-nan
3395		213.255	-nan
3396		213.295	-nan
3397		213.335	122.85276324234
3398		213.375	121.4305285911
3399		213.415	120.90566440349
3400		213.455	120.77207850106
3401		213.495	120.64872483697
3402		213.535	120.49119878534
3403		213.575	120.26429396838
3404		213.615	120.07123061779
3405		213.655	119.92269600112
3406		213.695	119.85266083022
3407		213.735	119.80194489129
3408		213.775	-nan
3409		213.815	119.539985758
3410		213.855	119.4263557468
3411		213.895	119.257004388
3412		213.935	119.19435226907
3413		213.975	119.12256717837
3414		214.015	118.98230181658
3415		214.055	118.76906198492
3416		214.095	118.52704892927
3417		214.135	118.52788592933
3418		214.175	119.27643719206
3419		214.215	-nan
3420		214.255	-nan
3421		214.295	-nan
3422		214.335	-nan
3423		214.375	-nan
3424		214.415	-nan
3425		214.455	-nan
3426		214.495	-nan
3427		214.535	-nan
3428		214.575	-nan
3429		214.615	118.61539492217
3430		214.655	117.39440432046
3431		214.695	116.90275893324
3432		214.735	116.77767712369
3433		214.775	116.77233803016
3434		214.815	116.55987970564
3435		214.855	116.3271696123
3436		214.895	116.08371347516
3437		214.935	115.93350673496
3438		214.975	115.79854103532
3439		215.015	115.6928840229
3440		215.055	-nan
3441		215.095	115.26722137127
3442		215.135	115.05970430874
3443		215.175	114.90595297392
3444		215.215	114.80382829164
3445		215.255	114.74228156026
3446		215.295	114.64561252879
3447		215.335	114.49386574462
3448		215.375	114.29613322833
3449		215.415	114.40434906907
3450		215.455	115.0881566247
3451		215.495	-nan
3452		215.535	-nan
3453		215.575	-nan
3454		215.615	-nan
3455		215.655	-nan
3456		215.695	-nan
3457		215.735	-nan
3458		215.775	-nan
3459		215.815	-nan
3460		215.855	-nan
3461		215.895	114.35539547945
3462		215.935	113.2050423362
3463		215.975	112.72986899667
3464		216.015	112.66288173005
3465		216.055	112.56174750118
3466		216.095	112.43413431797
3467		216.135	112.27832518493
3468		216.175	112.09951261757
3469		216.215	111.98807130282
3470		216.255	111.92610719326
3471		216.295	111.86787912261
3472		216.335	-nan
3473		216.375	111.59745747841
3474		216.415	111.42076542758
3475		216.455	111.29706049078
3476		216.495	111.19354162718
3477		216.535	111.11039799021
3478		216.575	111.0315835497
3479		216.615	110.76677755021
3480		216.655	110.57042575414
3481		216.695	110.56772876553
3482		216.735	111.19128802393
3483		216.775	-nan
3484		216.815	-nan
3485		216.855	-nan
3486		216.895	-nan
3487		216.935	-nan
3488		216.975	-nan
3489		217.015	-nan
3490		217.055	-nan
3491		217.095	-nan
3492		217.135	-nan
3493		217.175	110.72461875809
3494		217.215	109.65332684075
3495		217.255	109.22775636168
3496		217.295	109.11859034871
3497		217.335	109.04076886213
3498		217.375	108.89221818398
3499		217.415	108.76032146864
3500		217.455	108.49763908584
3501		217.495	108.34894891641
3502		217.535	108.255345629
3503		217.575	108.17834221049
3504		217.615	-nan
3505		217.655	107.92773835945
3506		217.695	107.77750546857
3507		217.735	107.68432734645
3508		217.775	107.65695348985
3509		217.815	107.61255214495
3510		217.855	107.57468335401
3511		217.895	107.43346192341
3512		217.935	107.28584837447
3513		217.975	107.41854781236
3514		218.015	107.96333984689
3515		218.055	-nan
3516		218.095	-nan
3517		218.135	-nan
3518		218.175	-nan
3519		218.215	-nan
3520		218.255	-nan
3521		218.295	-nan
3522		218.335	-nan
3523		218.375	-nan
3524		218.415	-nan
3525		218.455	107.22780188921
3526		218.495	106.27276842437
3527		218.535	105.90050308305
3528		218.575	105.89565108963
3529		218.615	105.84579545255
3530		218.655	105.72176426976
3531		218.695	105.56516939767
3532		218.735	105.4381486771
3533		218.775	105.33376327954
3534		218.815	105.28077636343
3535		218.855	105.20122622016
3536		218.895	-nan
3537		218.935	104.91594961686
3538		218.975	104.75768337784
3539		219.015	104.62649428491
3540		219.055	104.54812970246
3541		219.095	104.45415688384
3542		219.135	104.40490038836
3543		219.175	104.23263325401
3544		219.215	104.07707824556
3545		219.255	104.13672581694
3546		219.295	104.70428845608
3547		219.335	-nan
3548		219.375	-nan
3549		219.415	-nan
3550		219.455	-nan
3551		219.495	-nan
3552		219.535	-nan
3553		219.575	-nan
3554		219.615	-nan
3555		219.655	-nan
3556		219.695	-nan
3557		219.735	104.31261512643
3558		219.775	103.33279266117
3559		219.815	102.96167851324
3560		219.855	102.85116757698
3561		219.895	102.76587540336
3562		219.935	102.64108828875
3563		219.975	102.45963326967
3564		220.015	102.31363063959
3565		220.055	102.21275977023
3566		220.095	102.17272137517
3567		220.135	102.08115154537
3568		220.175	-nan
3569		220.215	101.90966438139
3570		220.255	101.76800261137
3571		220.295	101.68727175069
3572		220.335	101.64199458308
3573		220.375	101.59958984933
3574		220.415	101.53018776123
3575		220.455	101.37624026106
3576		220.495	101.19613474638
3577		220.535	101.24772661351
3578		220.575	101.73613607861
3579		220.615	-nan
3580		220.655	-nan
3581		220.695	-nan
3582		220.735	-nan
3583		220.775	-nan
3584		220.815	-nan
3585		220.855	-nan
3586		220.895	-nan
3587		220.935	-nan
3588		220.975	-nan
3589		221.015	101.06542246031
3590		221.055	100.22781483127
3591		221.095	99.905282321199
3592		221.135	99.835446014379
3593		221.175	99.789143291022
3594		221.215	99.683363111364
3595		221.255	99.533122497607
3596		221.295	99.361965680613
3597		221.335	99.325687646196
3598		221.375	99.157425734447
3599		221.415	99.029245357124
3600		221.455	-nan
3601		221.495	98.718341024801
3602		221.535	98.555146684316
3603		221.575	98.426805134565
3604		221.615	98.329764973529
3605		221.655	98.268078519846
3606		221.695	98.199386606904
3607		221.735	98.06183970433
3608		221.775	97.900962058236
3609		221.815	97.925567596245
3610		221.855	98.43318128125
3611		221.895	-nan
3612		221.935	-nan
3613		221.975	-nan
3614		222.015	-nan
3615		222.055	-nan
3616		222.095	-nan
3617		222.135	-nan
3618		222.175	-nan
3619		222.215	-nan
3620		222.255	-nan
3621		222.295	97.707372572965
3622		222.335	96.866637775236
3623		222.375	96.512398711033
3624		222.415	96.40547459455
3625		222.455	96.325388623991
3626		222.495	96.200500758759
3627		222.535	96.046092537089
3628		222.575	95.895602549287
3629		222.615	95.78854285363
3630		222.655	95.746008262015
3631		222.695	95.610019885749
3632		222.735	-nan
3633		222.775	95.364092645782
3634		222.815	95.196257456429
3635		222.855	95.165765696416
3636		222.895	94.967630221651
3637		222.935	94.862236323067
3638		222.975	94.728452464727
3639		223.015	94.50540565522
3640		223.055	94.280996053268
3641		223.095	93.808976116448
3642		223.135	93.68544934946
3643		223.175	-nan
3644		223.215	-nan
3645		223.255	-nan
3646		223.295	-nan
3647		223.335	-nan
3648		223.375	-nan
3649		223.415	-nan
3650		223.455	-nan
3651		223.495	-nan
3652		223.535	-nan
3653		223.575	73.920567888084
3654		223.615	73.886451748309
3655		223.655	73.505533116055
3656		223.695	73.424582871471
3657		223.735	73.734205977814
3658		223.775	73.75309772664
3659		223.815	73.624028084324
3660		223.855	73.483742326859
3661		223.895	73.365062848971
3662		223.935	73.302237417233
3663		223.975	73.227364150339
3664		224.015	-nan
3665		224.055	72.987769954202
3666		224.095	72.862167541886
3667		224.135	72.816424165678
3668		224.175	72.709725607787
3669		224.215	72.67386635663
3670		224.255	72.61063465436
3671		224.295	72.519123031239
3672		224.335	72.348996054857
3673		224.375	72.394578325489
3674		224.415	72.941444961793
3675		224.455	-nan
3676		224.495	-nan
3677		224.535	-nan
3678		224.575	-nan
3679		224.615	-nan
3680		224.655	-nan
3681		224.695	-nan
3682		224.735	-nan
3683		224.775	-nan
3684		224.815	-nan
3685		224.855	72.750519590011
3686		224.895	71.86278394907
3687		224.935	71.544907204648
3688		224.975	71.496261710537
3689		225.015	71.734911462387
3690		225.055	71.372867097482
3691		225.095	71.24504403065
3692		225.135	71.100604685918
3693		225.175	70.982344511764
3694		225.215	70.919927088664
3695		225.255	70.841621016149
3696		225.295	-nan
3697		225.335	70.573009906213
3698		225.375	70.409982125818
3699		225.415	70.299292536559
3700		225.455	70.251313284139
3701		225.495	70.134086817813
3702		225.535	70.037529752282
3703		225.575	69.880400873693
3704		225.615	69.722952669149
3705		225.655	69.783772339964
3706		225.695	70.222799299972
3707		225.735	-nan
3708		225.775	-nan
3709		225.815	-nan
3710		225.855	-nan
3711		225.895	-nan
3712		225.935	-nan
3713		225.975	-nan
3714		226.015	-nan
3715		226.055	-nan
3716		226.095	-nan
3717		226.135	70.028800321943
3718		226.175	69.187643616405
3719		226.215	68.860966404377
3720		226.255	68.77676551778
3721		226.295	68.691860437326
3722		226.335	68.581674267706
3723		226.375	68.422024118235
3724		226.415	68.269018295167
3725		226.455	68.163783924931
3726		226.495	68.072458876275
3727		226.535	67.990419529904
3728		226.575	-nan
3729		226.615	67.770286953331
3730		226.655	67.633164719491
3731		226.695	67.530199425227
3732		226.735	67.46027386627
3733		226.775	67.399568857379
3734		226.815	67.311398125674
3735		226.855	67.161320081742
3736		226.895	67.163596942213
3737		226.935	67.098386773402
3738		226.975	67.434513683467
3739		227.015	-nan
3740		227.055	-nan
3741		227.095	-nan
3742		227.135	-nan
3743		227.175	-nan
3744		227.215	-nan
3745		227.255	-nan
3746		227.295	-nan
3747		227.335	-nan
3748		227.375	-nan
3749		227.415	67.042990814914
3750		227.455	66.248119358865
3751		227.495	65.987968772414
3752		227.535	65.945486720344
3753		227.575	65.825817488471
3754		227.615	65.747340494632
3755		227.655	65.595885634968
3756		227.695	65.442221728511
3757		227.735	65.324013622972
3758		227.775	65.254807142979
3759		227.815	65.132437601487
3760		227.855	-nan
3761		227.895	64.845748586252
3762		227.935	64.701976792254
3763		227.975	64.585130318143
3764		228.015	64.481206524755
3765		228.055	64.403646328531
3766		228.095	64.340659025559
3767		228.135	64.151561543286
3768		228.175	64.019828105143
3769		228.215	64.020887489312
3770		228.255	64.405030038252
3771		228.295	-nan
3772		228.335	-nan
3773		228.375	-nan
3774		228.415	-nan
3775		228.455	-nan
3776		228.495	-nan
3777		228.535	-nan
3778		228.575	-nan
3779		228.615	-nan
3780		228.655	-nan
3781		228.695	63.954392589169
3782		228.735	63.247159405609
3783		228.775	62.983316005646
3784		228.815	62.893789785269
3785		228.855	62.806100325987
3786		228.895	62.728433648707
3787		228.935	62.592899024373
3788		228.975	62.4470486438
3789		229.015	62.353835384019
3790		229.055	62.266844644018
3791		229.095	62.250620497305
3792		229.135	-nan
3793		229.175	61.969804959756
3794		229.215	61.876200275513
3795		229.255	61.734425760239
3796		229.295	61.651194662659
3797		229.335	61.585518238856
3798		229.375	61.470759122366
3799		229.415	61.324206988284
3800		229.455	61.189006508676
3801		229.495	61.154981482729
3802		229.535	61.478718342343
3803		229.575	-nan
3804		229.615	-nan
3805		229.655	-nan
3806		229.695	-nan
3807		229.735	-nan
3808		229.775	-nan
3809		229.815	-nan
3810		229.855	-nan
3811		229.895	-nan
3812		229.935	-nan
3813		229.975	61.009154257549
3814		230.015	60.384496648706
3815		230.055	60.151193887568
3816		230.095	60.069661628004
3817		230.135	59.99293618354
3818		230.175	59.891524734433
3819		230.215	59.748392003598
3820		230.255	59.621404693521
3821		230.295	59.567406022427
3822		230.335	59.418530587835
3823		230.375	59.328868587737
3824		230.415	-nan
3825		230.455	59.091661901268
3826		230.495	58.972148698573
3827		230.535	58.877200990054
3828		230.575	58.791985460795
3829		230.615	58.737058807287
3830		230.655	58.652262719383
3831		230.695	58.541692077944
3832		230.735	58.422364788519
3833		230.775	58.43120230496
3834		230.815	58.724165822742
3835		230.855	-nan
3836		230.895	-nan
3837		230.935	-nan
3838		230.975	-nan
3839		231.015	-nan
