0				72.335	-nan
1				72.375	-nan
2				72.415	-nan
3				72.455	-nan
4				72.495	-nan
5				72.535	276.7284424545
6				72.575	278.35702665028
7				72.615	280.05785433376
8				72.655	282.15063012665
9				72.695	283.27087616019
10			72.735	286.23294023594
11			72.775	288.47297182535
12			72.815	289.4328773902
13			72.855	292.66916232722
14			72.895	296.17383571951
15			72.935	297.37259399226
16			72.975	-nan
17			73.015	302.7823918216
18			73.055	305.52811705067
19			73.095	308.05130822663
20			73.135	310.04431515476
21			73.175	312.49996744172
22			73.215	313.45947780409
23			73.255	308.61939838513
24			73.295	311.19854236105
25			73.335	313.44014426879
26			73.375	308.71812775673
27			73.415	-nan
28			73.455	-nan
29			73.495	-nan
30			73.535	-nan
31			73.575	-nan
32			73.615	-nan
33			73.655	-nan
34			73.695	-nan
35			73.735	-nan
36			73.775	-nan
37			73.815	345.32626167498
38			73.855	345.96695446448
39			73.895	349.1403160216
40			73.935	354.61305020975
41			73.975	357.69852938408
42			74.015	359.31867786683
43			74.055	363.47182867243
44			74.095	365.94109910003
45			74.135	366.32273492335
46			74.175	371.4362531784
47			74.215	374.32928624987
48			74.255	-nan
49			74.295	380.30038121251
50			74.335	383.10713099917
51			74.375	383.47148655112
52			74.415	389.2347191145
53			74.455	392.19518534783
54			74.495	395.30551497925
55			74.535	399.01398686023
56			74.575	389.62330136151
57			74.615	394.95299567928
58			74.655	393.95501987197
59			74.695	-nan
60			74.735	-nan
61			74.775	-nan
62			74.815	-nan
63			74.855	-nan
64			74.895	-nan
65			74.935	-nan
66			74.975	-nan
67			75.015	-nan
68			75.055	-nan
69			75.095	433.92201341277
70			75.135	441.19612592296
71			75.175	448.87086589165
72			75.215	440.82848441846
73			75.255	457.68179649551
74			75.295	466.48658596807
75			75.335	461.6942352368
76			75.375	475.22692490739
77			75.415	478.95112648183
78			75.455	482.92617552585
79			75.495	488.97106164528
80			75.535	-nan
81			75.575	498.36490584591
82			75.615	501.59114551418
83			75.655	498.86750918764
84			75.695	510.12038810517
85			75.735	513.51141442668
86			75.775	501.66120954967
87			75.815	521.42926755203
88			75.855	523.0091344019
89			75.895	510.87710364337
90			75.935	515.70087586212
91			75.975	-nan
92			76.015	-nan
93			76.055	-nan
94			76.095	-nan
95			76.135	-nan
96			76.175	-nan
97			76.215	-nan
98			76.255	-nan
99			76.295	-nan
100			76.335	-nan
101			76.375	576.35782533976
102			76.415	566.59010592079
103			76.455	580.02424079256
104			76.495	595.81852719626
105			76.535	580.87191582907
106			76.575	601.70129562432
107			76.615	609.8787095449
108			76.655	598.21462925297
109			76.695	618.55325275068
110			76.735	625.75714365729
111			76.775	620.53642253614
112			76.815	-nan
113			76.855	645.78503400323
114			76.895	649.8205423303
115			76.935	657.08190758739
116			76.975	652.30896639415
117			77.015	668.42182766993
118			77.055	670.55455441844
119			77.095	650.9970663923
120			77.135	668.46647294726
121			77.175	662.44339835381
122			77.215	647.72085789947
123			77.255	-nan
124			77.295	-nan
125			77.335	-nan
126			77.375	-nan
127			77.415	-nan
128			77.455	-nan
129			77.495	-nan
130			77.535	-nan
131			77.575	-nan
132			77.615	-nan
133			77.655	714.37033696151
134			77.695	728.61143659007
135			77.735	711.67573263129
136			77.775	741.75799599128
137			77.815	751.24760211898
138			77.855	753.58501399271
139			77.895	759.62509000138
140			77.935	755.7124508712
141			77.975	765.42105976355
142			78.015	770.09294379008
143			78.055	769.97018021855
144			78.095	-nan
145			78.135	778.05148702895
146			78.175	780.66790402553
147			78.215	776.08409691212
148			78.255	784.98560535153
149			78.295	788.03311686916
150			78.335	784.23055187474
151			78.375	789.95847445908
152			78.415	788.38111769634
153			78.455	787.3509300444
154			78.495	771.85187313973
155			78.535	-nan
156			78.575	-nan
157			78.615	-nan
158			78.655	-nan
159			78.695	-nan
160			78.735	-nan
161			78.775	-nan
162			78.815	-nan
163			78.855	-nan
164			78.895	-nan
165			78.935	810.51113760826
166			78.975	825.09351477466
167			79.015	827.85542837306
168			79.055	824.61062445125
169			79.095	830.67900579502
170			79.135	832.70066570864
171			79.175	833.58947143374
172			79.215	834.89078881419
173			79.255	836.78902628287
174			79.295	838.55148485285
175			79.335	839.97633760696
176			79.375	-nan
177			79.415	840.32529606261
178			79.455	839.6803067875
179			79.495	838.99454825227
180			79.535	843.83953222065
181			79.575	844.88427644353
182			79.615	844.59034495996
183			79.655	843.55721252065
184			79.695	842.64360438208
185			79.735	842.56276231639
186			79.775	844.87866405388
187			79.815	-nan
188			79.855	-nan
189			79.895	-nan
190			79.935	-nan
191			79.975	-nan
192			80.015	-nan
193			80.055	-nan
194			80.095	-nan
195			80.135	-nan
196			80.175	-nan
197			80.215	848.31798773413
198			80.255	843.66707729791
199			80.295	842.91207651387
200			80.335	841.58207482231
201			80.375	841.42623664772
202			80.415	840.60108341853
203			80.455	839.05872182091
204			80.495	837.33478504042
205			80.535	834.56499259432
206			80.575	832.95880572944
207			80.615	832.19846570358
208			80.655	-nan
209			80.695	826.90564563157
210			80.735	828.04531903046
211			80.775	826.91777883816
212			80.815	828.82910959
213			80.855	829.11713869557
214			80.895	829.40653199143
215			80.935	829.15466269031
216			80.975	828.4787309569
217			81.015	828.58972288705
218			81.055	831.11183666535
219			81.095	-nan
220			81.135	-nan
221			81.175	-nan
222			81.215	-nan
223			81.255	-nan
224			81.295	-nan
225			81.335	-nan
226			81.375	-nan
227			81.415	-nan
228			81.455	-nan
229			81.495	808.43010658202
230			81.535	798.25964743606
231			81.575	806.05982253219
232			81.615	809.77359245922
233			81.655	813.21524869301
234			81.695	815.27996987867
235			81.735	817.21985257992
236			81.775	817.1399969796
237			81.815	817.03274423596
238			81.855	816.96537116762
239			81.895	815.97986270712
240			81.935	-nan
241			81.975	814.75552329188
242			82.015	814.01627049118
243			82.055	812.77193777136
244			82.095	811.84300421636
245			82.135	807.49329081763
246			82.175	803.23316603978
247			82.215	797.99545325849
248			82.255	793.46842446791
249			82.295	790.6815626787
250			82.335	799.72098032067
251			82.375	-nan
252			82.415	-nan
253			82.455	-nan
254			82.495	-nan
255			82.535	-nan
256			82.575	-nan
257			82.615	-nan
258			82.655	-nan
259			82.695	-nan
260			82.735	-nan
261			82.775	811.30377774547
262			82.815	810.93024535413
263			82.855	809.80713995203
264			82.895	809.93110892322
265			82.935	808.15419000846
266			82.975	804.1498527333
267			83.015	801.02008462537
268			83.055	800.86940625908
269			83.095	802.96809577865
270			83.135	804.47915847753
271			83.175	807.05567140851
272			83.215	-nan
273			83.255	811.34312685205
274			83.295	815.89317845638
275			83.335	818.85854144521
276			83.375	820.67418756382
277			83.415	821.83021196369
278			83.455	822.01173996864
279			83.495	823.51514371936
280			83.535	823.92053682389
281			83.575	825.1153387521
282			83.615	828.11558918993
283			83.655	-nan
284			83.695	-nan
285			83.735	-nan
286			83.775	-nan
287			83.815	-nan
288			83.855	-nan
289			83.895	-nan
290			83.935	-nan
291			83.975	-nan
292			84.015	-nan
293			84.055	838.29952436333
294			84.095	831.31857623327
295			84.135	838.04136855933
296			84.175	840.56573603485
297			84.215	842.80102722076
298			84.255	844.66124298454
299			84.295	844.96771500209
300			84.335	846.55798726636
301			84.375	847.39249966658
302			84.415	848.38175093353
303			84.455	849.08354077959
304			84.495	-nan
305			84.535	851.30417669786
306			84.575	848.62604985072
307			84.615	852.36098503795
308			84.655	855.20525116304
309			84.695	854.75476297783
310			84.735	859.081773175
311			84.775	861.62564712708
312			84.815	862.66261846025
313			84.855	862.09341079289
314			84.895	865.51888881495
315			84.935	-nan
316			84.975	-nan
317			85.015	-nan
318			85.055	-nan
319			85.095	-nan
320			85.135	-nan
321			85.175	-nan
322			85.215	-nan
323			85.255	-nan
324			85.295	-nan
325			85.335	879.89044450166
326			85.375	877.80568883824
327			85.415	864.60123302618
328			85.455	874.53728719108
329			85.495	888.40915128575
330			85.535	885.04946416865
331			85.575	893.02172181552
332			85.615	897.77259071223
333			85.655	899.80873148711
334			85.695	907.79171175487
335			85.735	911.15257778611
336			85.775	-nan
337			85.815	917.07191428121
338			85.855	916.46533475058
339			85.895	921.59689878769
340			85.935	923.49116127803
341			85.975	925.28306614133
342			86.015	926.73478364363
343			86.055	927.71074130294
344			86.095	928.5539078256
345			86.135	912.47770718714
346			86.175	928.30898936354
347			86.215	-nan
348			86.255	-nan
349			86.295	-nan
350			86.335	-nan
351			86.375	-nan
352			86.415	-nan
353			86.455	-nan
354			86.495	-nan
355			86.535	-nan
356			86.575	-nan
357			86.615	947.17407980833
358			86.655	959.98590499231
359			86.695	960.81122219145
360			86.735	962.84005798341
361			86.775	964.66622697311
362			86.815	965.94787109539
363			86.855	965.78495220016
364			86.895	967.2668610347
365			86.935	968.36128172783
366			86.975	967.14880125365
367			87.015	969.49992746351
368			87.055	-nan
369			87.095	972.60325357937
370			87.135	978.19372472324
371			87.175	980.50784563212
372			87.215	983.35516853238
373			87.255	986.72606623915
374			87.295	989.09224857493
375			87.335	989.66022830587
376			87.375	990.11499616529
377			87.415	976.61615441872
378			87.455	972.909932838
379			87.495	-nan
380			87.535	-nan
381			87.575	-nan
382			87.615	-nan
383			87.655	-nan
384			87.695	-nan
385			87.735	-nan
386			87.775	-nan
387			87.815	-nan
388			87.855	-nan
389			87.895	987.50603753175
390			87.935	988.48415553369
391			87.975	991.79655261209
392			88.015	1001.3698491836
393			88.055	1002.1338984547
394			88.095	1006.5955988268
395			88.135	1010.2716388264
396			88.175	1014.8545392784
397			88.215	1017.0644778091
398			88.255	1019.5962121348
399			88.295	1020.9258289329
400			88.335	-nan
401			88.375	1019.2105320042
402			88.415	1020.0945556508
403			88.455	1019.9372161894
404			88.495	1017.1653430045
405			88.535	1020.3155022528
406			88.575	1019.4122335309
407			88.615	1018.8356679079
408			88.655	1011.7301123664
409			88.695	1002.7707919128
410			88.735	985.01889947933
411			88.775	-nan
412			88.815	-nan
413			88.855	-nan
414			88.895	-nan
415			88.935	-nan
416			88.975	-nan
417			89.015	-nan
418			89.055	-nan
419			89.095	-nan
420			89.135	-nan
421			89.175	981.39624522204
422			89.215	985.35615503284
423			89.255	1013.7456333466
424			89.295	1020.7222345761
425			89.335	1019.963932324
426			89.375	1018.6759294678
427			89.415	1017.3403508793
428			89.455	1016.2392485505
429			89.495	1015.492450134
430			89.535	1016.1712707769
431			89.575	1016.3838865732
432			89.615	-nan
433			89.655	1016.994456103
434			89.695	1017.6368665023
435			89.735	1017.5459926006
436			89.775	1017.6120050788
437			89.815	1017.8840456148
438			89.855	1017.3829736683
439			89.895	1015.8590166356
440			89.935	1013.3811762835
441			89.975	1003.8301537056
442			90.015	996.46159268562
443			90.055	-nan
444			90.095	-nan
445			90.135	-nan
446			90.175	-nan
447			90.215	-nan
448			90.255	-nan
449			90.295	-nan
450			90.335	-nan
451			90.375	-nan
452			90.415	-nan
453			90.455	989.93918062912
454			90.495	993.0133796653
455			90.535	998.6276792234
456			90.575	999.0790743277
457			90.615	998.31520425039
458			90.655	997.38717190722
459			90.695	994.73921853571
460			90.735	992.36182662999
461			90.775	990.59520749841
462			90.815	988.37465906801
463			90.855	986.129087968
464			90.895	-nan
465			90.935	978.19217586255
466			90.975	973.39663193769
467			91.015	963.87852299581
468			91.055	966.32642353709
469			91.095	963.24609262798
470			91.135	960.71099401283
471			91.175	964.13332913582
472			91.215	962.63097920831
473			91.255	957.79598165825
474			91.295	939.19417864649
475			91.335	-nan
476			91.375	-nan
477			91.415	-nan
478			91.455	-nan
479			91.495	-nan
480			91.535	-nan
481			91.575	-nan
482			91.615	-nan
483			91.655	-nan
484			91.695	-nan
485			91.735	918.15619322825
486			91.775	935.17629047813
487			91.815	937.99721639449
488			91.855	935.11708130349
489			91.895	941.27556445496
490			91.935	942.50834599896
491			91.975	941.60503016318
492			92.015	944.18830668392
493			92.055	945.05126977292
494			92.095	948.31998682234
495			92.135	945.27478324088
496			92.175	-nan
497			92.215	942.90158421002
498			92.255	941.23893638926
499			92.295	939.64544074255
500			92.335	938.0439441102
501			92.375	936.41993272675
502			92.415	933.79417910138
503			92.455	928.70614506686
504			92.495	917.7139310845
505			92.535	903.00875390408
506			92.575	909.50587964775
507			92.615	-nan
508			92.655	-nan
509			92.695	-nan
510			92.735	-nan
511			92.775	-nan
512			92.815	-nan
513			92.855	-nan
514			92.895	-nan
515			92.935	-nan
516			92.975	-nan
517			93.015	898.56938750558
518			93.055	905.30238011197
519			93.095	917.29848428234
520			93.135	920.3157428048
521			93.175	919.11930514645
522			93.215	917.32721860651
523			93.255	915.20725007065
524			93.295	913.88535867125
525			93.335	911.17849594182
526			93.375	908.47053490596
527			93.415	903.68717063434
528			93.455	-nan
529			93.495	899.73088051218
530			93.535	900.32270077177
531			93.575	904.44418266617
532			93.615	906.23238951402
533			93.655	909.74367820984
534			93.695	912.64835128614
535			93.735	910.79003659049
536			93.775	909.6736272591
537			93.815	891.67717753073
538			93.855	882.42558922851
539			93.895	-nan
540			93.935	-nan
541			93.975	-nan
542			94.015	-nan
543			94.055	-nan
544			94.095	-nan
545			94.135	-nan
546			94.175	-nan
547			94.215	-nan
548			94.255	-nan
549			94.295	884.22361958955
550			94.335	879.94983549386
551			94.375	881.28935159139
552			94.415	892.09194637038
553			94.455	899.40508170259
554			94.495	905.90307652454
555			94.535	904.34046760794
556			94.575	905.32870702274
557			94.615	905.77862829382
558			94.655	906.14788658631
559			94.695	906.04300546161
560			94.735	-nan
561			94.775	904.1160587768
562			94.815	902.01102437713
563			94.855	898.13786116501
564			94.895	889.17695844946
565			94.935	892.97994549226
566			94.975	889.56267197185
567			95.015	882.41232390684
568			95.055	882.26638911041
569			95.095	887.70295083912
570			95.135	871.32962881364
571			95.175	-nan
572			95.215	-nan
573			95.255	-nan
574			95.295	-nan
575			95.335	-nan
576			95.375	-nan
577			95.415	-nan
578			95.455	-nan
579			95.495	-nan
580			95.535	-nan
581			95.575	879.52887271083
582			95.615	887.68892471496
583			95.655	905.88679205003
584			95.695	908.3251348176
585			95.735	906.79275443066
586			95.775	906.2071070995
587			95.815	904.72994262723
588			95.855	902.08223093915
589			95.895	907.85508131757
590			95.935	911.92958117908
591			95.975	914.97212004955
592			96.015	-nan
593			96.055	918.84216482935
594			96.095	922.37748865804
595			96.135	922.632013991
596			96.175	923.85296721925
597			96.215	926.09085052378
598			96.255	927.33535418249
599			96.295	927.93406606379
600			96.335	923.15738779314
601			96.375	900.25354773211
602			96.415	890.17462949303
603			96.455	-nan
604			96.495	-nan
605			96.535	-nan
606			96.575	-nan
607			96.615	-nan
608			96.655	-nan
609			96.695	-nan
610			96.735	-nan
611			96.775	-nan
612			96.815	-nan
613			96.855	914.87214241093
614			96.895	940.10641266211
615			96.935	938.96111363432
616			96.975	941.33714353635
617			97.015	943.48372808542
618			97.055	944.64755499327
619			97.095	946.00166553651
620			97.135	944.94418362362
621			97.175	943.66268902265
622			97.215	944.66478075013
623			97.255	944.81281044962
624			97.295	-nan
625			97.335	944.80356715591
626			97.375	944.3862347523
627			97.415	945.23721273375
628			97.455	945.87795121465
629			97.495	947.11235446903
630			97.535	947.93652361989
631			97.575	945.73892741238
632			97.615	939.92063855463
633			97.655	917.82720903385
634			97.695	907.61611836351
635			97.735	-nan
636			97.775	-nan
637			97.815	-nan
638			97.855	-nan
639			97.895	-nan
640			97.935	-nan
641			97.975	-nan
642			98.015	-nan
643			98.055	-nan
644			98.095	-nan
645			98.135	919.07652541886
646			98.175	915.54527409511
647			98.215	927.92558556216
648			98.255	946.76489771868
649			98.295	954.8945070466
650			98.335	958.52239583639
651			98.375	956.06424863398
652			98.415	961.61598652448
653			98.455	967.47932318051
654			98.495	970.50786593164
655			98.535	974.57281306374
656			98.575	-nan
657			98.615	978.93988657747
658			98.655	979.54153571007
659			98.695	980.66628957903
660			98.735	980.27822883845
661			98.775	979.12735254734
662			98.815	974.68121103821
663			98.855	967.07475147821
664			98.895	922.26747130762
665			98.935	962.07274618206
666			98.975	949.13728133555
667			99.015	-nan
668			99.055	-nan
669			99.095	-nan
670			99.135	-nan
671			99.175	-nan
672			99.215	-nan
673			99.255	-nan
674			99.295	-nan
675			99.335	-nan
676			99.375	-nan
677			99.415	950.45449282001
678			99.455	954.533472623
679			99.495	980.18657731994
680			99.535	985.7346661866
681			99.575	986.54836096114
682			99.615	985.2270290614
683			99.655	982.20953721827
684			99.695	935.18953740589
685			99.735	974.68726986704
686			99.775	976.40686676888
687			99.815	974.09471350204
688			99.855	-nan
689			99.895	964.19297066266
690			99.935	979.59487513039
691			99.975	981.09776771945
692			100.015	983.1890749707
693			100.055	985.96061175066
694			100.095	1013.8283966185
695			100.135	986.70312893519
696			100.175	973.50076575417
697			100.215	954.4051116155
698			100.255	945.21781573029
699			100.295	-nan
700			100.335	-nan
701			100.375	-nan
702			100.415	-nan
703			100.455	-nan
704			100.495	-nan
705			100.535	-nan
706			100.575	-nan
707			100.615	-nan
708			100.655	-nan
709			100.695	940.95827634832
710			100.735	956.5814403444
711			100.775	966.62462664877
712			100.815	968.95186974337
713			100.855	972.74954616547
714			100.895	978.71822916401
715			100.935	979.82093754723
716			100.975	979.00502225046
717			101.015	978.46177850365
718			101.055	978.43829216299
719			101.095	976.21729727823
720			101.135	-nan
721			101.175	970.89069533641
722			101.215	963.72090691323
723			101.255	957.12212665044
724			101.295	934.01393385302
725			101.335	944.85746016568
726			101.375	948.48722241635
727			101.415	945.44482674905
728			101.455	942.79226208755
729			101.495	953.21867887912
730			101.535	921.55363622754
731			101.575	-nan
732			101.615	-nan
733			101.655	-nan
734			101.695	-nan
735			101.735	-nan
736			101.775	-nan
737			101.815	-nan
738			101.855	-nan
739			101.895	-nan
740			101.935	-nan
741			101.975	910.94315152936
742			102.015	912.59924366244
743			102.055	928.30573614724
744			102.095	943.40338090321
745			102.135	944.2060288348
746			102.175	944.00412287939
747			102.215	943.95729980722
748			102.255	943.1856458834
749			102.295	944.16356841587
750			102.335	943.12770667958
751			102.375	942.88310907179
752			102.415	-nan
753			102.455	942.63794648624
754			102.495	941.7676320601
755			102.535	942.14737525312
756			102.575	941.36215181488
757			102.615	940.97027318808
758			102.655	939.93119103613
759			102.695	938.23622727514
760			102.735	935.48636905975
761			102.775	933.97982447836
762			102.815	937.02100669257
763			102.855	-nan
764			102.895	-nan
765			102.935	-nan
766			102.975	-nan
767			103.015	-nan
768			103.055	-nan
769			103.095	-nan
770			103.135	-nan
771			103.175	-nan
772			103.215	-nan
773			103.255	921.37966862889
774			103.295	922.44434102615
775			103.335	920.24235160455
776			103.375	920.76053785543
777			103.415	920.38153713007
778			103.455	919.3826344749
779			103.495	917.4673333133
780			103.535	915.05085999375
781			103.575	912.81615565739
782			103.615	910.30573871975
783			103.655	908.72502297761
784			103.695	-nan
785			103.735	901.98481898093
786			103.775	898.39793305872
787			103.815	892.19172468466
788			103.855	892.21279857864
789			103.895	890.61978466792
790			103.935	892.11626787535
791			103.975	892.73410647844
792			104.015	891.25320209405
793			104.055	891.07407988117
794			104.095	878.33252412164
795			104.135	-nan
796			104.175	-nan
797			104.215	-nan
798			104.255	-nan
799			104.295	-nan
800			104.335	-nan
801			104.375	-nan
802			104.415	-nan
803			104.455	-nan
804			104.495	-nan
805			104.535	921.92844201029
806			104.575	850.63947763472
807			104.615	861.25390737256
808			104.655	865.16016912575
809			104.695	869.98339952062
810			104.735	876.95123956369
811			104.775	882.75476216461
812			104.815	887.46993724243
813			104.855	888.45014661005
814			104.895	889.69591498991
815			104.935	890.39198535805
816			104.975	-nan
817			105.015	890.15261917386
818			105.055	888.39016009183
819			105.095	888.51205090392
820			105.135	887.03860120896
821			105.175	882.75353463045
822			105.215	872.9023290477
823			105.255	870.28773650112
824			105.295	859.66078079786
825			105.335	846.21219710779
826			105.375	852.34980924562
827			105.415	-nan
828			105.455	-nan
829			105.495	-nan
830			105.535	-nan
831			105.575	-nan
832			105.615	-nan
833			105.655	-nan
834			105.695	-nan
835			105.735	-nan
836			105.775	-nan
837			105.815	873.99780132235
838			105.855	876.10098498631
839			105.895	880.61960208339
840			105.935	884.52195020453
841			105.975	884.05597191178
842			106.015	880.71592912571
843			106.055	887.13487108657
844			106.095	985.46901815468
845			106.135	895.88985126199
846			106.175	874.25380454084
847			106.215	874.03382598047
848			106.255	-nan
849			106.295	948.61301210436
850			106.335	880.000916459
851			106.375	879.06052707012
852			106.415	881.74418476008
853			106.455	884.1429600406
854			106.495	886.853234036
855			106.535	886.83781503236
856			106.575	886.444381275
857			106.615	875.45935133043
858			106.655	873.06372850003
859			106.695	-nan
860			106.735	-nan
861			106.775	-nan
862			106.815	-nan
863			106.855	-nan
864			106.895	-nan
865			106.935	-nan
866			106.975	-nan
867			107.015	-nan
868			107.055	-nan
869			107.095	856.39091477314
870			107.135	862.68556288395
871			107.175	867.09993543151
872			107.215	878.00382552372
873			107.255	882.67667816107
874			107.295	891.72834838069
875			107.335	896.3850306687
876			107.375	897.53765209416
877			107.415	898.7619276847
878			107.455	899.74444831972
879			107.495	902.62172860694
880			107.535	-nan
881			107.575	899.75924498725
882			107.615	898.79287533884
883			107.655	903.68565652417
884			107.695	1030.9520321682
885			107.735	913.16895410748
886			107.775	895.12514743021
887			107.815	895.35400558076
888			107.855	883.85426308649
889			107.895	931.1004698843
890			107.935	880.90855380315
891			107.975	-nan
892			108.015	-nan
893			108.055	-nan
894			108.095	-nan
895			108.135	-nan
896			108.175	-nan
897			108.215	-nan
898			108.255	-nan
899			108.295	-nan
900			108.335	-nan
901			108.375	886.26761618546
902			108.415	889.81743867112
903			108.455	912.5605469207
904			108.495	913.39898497206
905			108.535	915.41302926968
906			108.575	916.02044766474
907			108.615	915.0942232074
908			108.655	914.33053576566
909			108.695	917.69585527359
910			108.735	920.74943820129
911			108.775	922.89248210785
912			108.815	-nan
913			108.855	926.66702680941
914			108.895	928.29341824809
915			108.935	930.22172306808
916			108.975	932.27295792428
917			109.015	934.16992091581
918			109.055	935.20820971652
919			109.095	935.07829775973
920			109.135	935.05611703688
921			109.175	920.60811811807
922			109.215	925.67680412873
923			109.255	-nan
924			109.295	-nan
925			109.335	-nan
926			109.375	-nan
927			109.415	-nan
928			109.455	-nan
929			109.495	-nan
930			109.535	-nan
931			109.575	-nan
932			109.615	-nan
933			109.655	939.65959308901
934			109.695	940.08492508194
935			109.735	947.00130994665
936			109.775	949.91846524836
937			109.815	951.82897129389
938			109.855	952.7880592229
939			109.895	952.85669562009
940			109.935	952.9949921652
941			109.975	952.99749397056
942			110.015	953.03242147909
943			110.055	953.09322937516
944			110.095	-nan
945			110.135	952.55886340979
946			110.175	952.26016603591
947			110.215	952.76122182437
948			110.255	953.72384746368
949			110.295	954.17707845939
950			110.335	957.00057361091
951			110.375	955.92250598278
952			110.415	957.62308316654
953			110.455	936.8127954618
954			110.495	938.41617730113
955			110.535	-nan
956			110.575	-nan
957			110.615	-nan
958			110.655	-nan
959			110.695	-nan
960			110.735	-nan
961			110.775	-nan
962			110.815	-nan
963			110.855	-nan
964			110.895	-nan
965			110.935	939.90404288079
966			110.975	950.134074937
967			111.015	948.34103518651
968			111.055	951.84667524615
969			111.095	958.94493278466
970			111.135	961.20077925808
971			111.175	964.47850306274
972			111.215	967.45992160043
973			111.255	970.70880408467
974			111.295	973.28364678138
975			111.335	974.8589313727
976			111.375	-nan
977			111.415	976.11209261822
978			111.455	976.00035617989
979			111.495	975.97661849837
980			111.535	976.00114070904
981			111.575	976.04597944289
982			111.615	975.24985034166
983			111.655	972.93303464233
984			111.695	963.94076137254
985			111.735	962.28446799764
986			111.775	953.51477366804
987			111.815	-nan
988			111.855	-nan
989			111.895	-nan
990			111.935	-nan
991			111.975	-nan
992			112.015	-nan
993			112.055	-nan
994			112.095	-nan
995			112.135	-nan
996			112.175	-nan
997			112.215	949.07138586753
998			112.255	952.8576795326
999			112.295	975.07178408988
1000		112.335	976.05694887743
1001		112.375	975.47480766247
1002		112.415	975.0723727422
1003		112.455	973.20732185123
1004		112.495	971.53064582465
1005		112.535	970.26523765114
1006		112.575	969.61240158034
1007		112.615	968.35101167769
1008		112.655	-nan
1009		112.695	968.30009871308
1010		112.735	967.32447487422
1011		112.775	968.5090773671
1012		112.815	969.81488512269
1013		112.855	970.60895606924
1014		112.895	971.74738790874
1015		112.935	970.7801641318
1016		112.975	969.91128665274
1017		113.015	951.55184265649
1018		113.055	950.02299462879
1019		113.095	-nan
1020		113.135	-nan
1021		113.175	-nan
1022		113.215	-nan
1023		113.255	-nan
1024		113.295	-nan
1025		113.335	-nan
1026		113.375	-nan
1027		113.415	-nan
1028		113.455	-nan
1029		113.495	946.09403926332
1030		113.535	950.51808900569
1031		113.575	947.61469395948
1032		113.615	959.58017044544
1033		113.655	961.60594386417
1034		113.695	962.33434625207
1035		113.735	962.20573821583
1036		113.775	961.81059243547
1037		113.815	961.45209136315
1038		113.855	960.92308689553
1039		113.895	960.24803071327
1040		113.935	-nan
1041		113.975	956.69953271166
1042		114.015	954.66874244841
1043		114.055	952.84204343749
1044		114.095	951.72057443217
1045		114.135	950.05482870709
1046		114.175	948.29077790884
1047		114.215	944.26252938672
1048		114.255	938.70767564847
1049		114.295	937.56680797038
1050		114.335	923.80289248467
1051		114.375	-nan
1052		114.415	-nan
1053		114.455	-nan
1054		114.495	-nan
1055		114.535	-nan
1056		114.575	-nan
1057		114.615	-nan
1058		114.655	-nan
1059		114.695	-nan
1060		114.735	-nan
1061		114.775	923.47254722538
1062		114.815	916.21105348765
1063		114.855	937.41125824247
1064		114.895	935.68095867719
1065		114.935	936.34484145064
1066		114.975	934.95021760289
1067		115.015	933.45171396578
1068		115.055	932.79987953254
1069		115.095	931.633363685
1070		115.135	931.01067105088
1071		115.175	932.23090328124
1072		115.215	-nan
1073		115.255	932.10831250338
1074		115.295	931.96747011513
1075		115.335	931.87231100325
1076		115.375	931.97266794539
1077		115.415	931.88854100875
1078		115.455	931.13628053111
1079		115.495	929.60858234132
1080		115.535	927.72780845431
1081		115.575	925.20239830991
1082		115.615	922.19130073926
1083		115.655	-nan
1084		115.695	-nan
1085		115.735	-nan
1086		115.775	-nan
1087		115.815	-nan
1088		115.855	-nan
1089		115.895	-nan
1090		115.935	-nan
1091		115.975	-nan
1092		116.015	-nan
1093		116.055	916.40487516051
1094		116.095	911.14233435083
1095		116.135	919.39469086772
1096		116.175	920.62951876186
1097		116.215	921.20424496487
1098		116.255	920.74457579951
1099		116.295	919.70547245794
1100		116.335	918.38638334298
1101		116.375	917.07573191677
1102		116.415	916.08047016732
1103		116.455	915.03800786687
1104		116.495	-nan
1105		116.535	912.55519519793
1106		116.575	911.11080953363
1107		116.615	910.43929708825
1108		116.655	910.09107221364
1109		116.695	910.24761565155
1110		116.735	910.18752437565
1111		116.775	909.92382572781
1112		116.815	908.96362806813
1113		116.855	893.30042256002
1114		116.895	898.42244068459
1115		116.935	-nan
1116		116.975	-nan
1117		117.015	-nan
1118		117.055	-nan
1119		117.095	-nan
1120		117.135	-nan
1121		117.175	-nan
1122		117.215	-nan
1123		117.255	-nan
1124		117.295	-nan
1125		117.335	895.74312189928
1126		117.375	894.10586695924
1127		117.415	896.83803082616
1128		117.455	905.06664028784
1129		117.495	907.00034888506
1130		117.535	907.53424264966
1131		117.575	908.09005287756
1132		117.615	908.45735623869
1133		117.655	909.27705569109
1134		117.695	910.19121616711
1135		117.735	911.30384251225
1136		117.775	-nan
1137		117.815	912.10727866846
1138		117.855	911.94146339529
1139		117.895	911.57279187299
1140		117.935	911.40453437114
1141		117.975	911.29704581569
1142		118.015	910.67445679632
1143		118.055	908.43538968465
1144		118.095	905.82576159484
1145		118.135	905.43556217944
1146		118.175	895.78900265574
1147		118.215	-nan
1148		118.255	-nan
1149		118.295	-nan
1150		118.335	-nan
1151		118.375	-nan
1152		118.415	-nan
1153		118.455	-nan
1154		118.495	-nan
1155		118.535	-nan
1156		118.575	-nan
1157		118.615	905.54385363303
1158		118.655	904.07629949184
1159		118.695	915.70885086503
1160		118.735	916.9782218827
1161		118.775	917.59288027732
1162		118.815	917.71193614849
1163		118.855	917.10300897975
1164		118.895	916.58355661701
1165		118.935	916.51949690045
1166		118.975	916.9314523106
1167		119.015	917.76411795778
1168		119.055	-nan
1169		119.095	919.4550764246
1170		119.135	920.31430343895
1171		119.175	921.34480987152
1172		119.215	922.80070398635
1173		119.255	924.56368650573
1174		119.295	925.9112390478
1175		119.335	926.73343690372
1176		119.375	925.30333273584
1177		119.415	923.23252885029
1178		119.455	925.50426933951
1179		119.495	-nan
1180		119.535	-nan
1181		119.575	-nan
1182		119.615	-nan
1183		119.655	-nan
1184		119.695	-nan
1185		119.735	-nan
1186		119.775	-nan
1187		119.815	-nan
1188		119.855	-nan
1189		119.895	931.90508501614
1190		119.935	929.22728176547
1191		119.975	934.05170566533
1192		120.015	936.86473910481
1193		120.055	939.08739989469
1194		120.095	941.00050063559
1195		120.135	942.26811973311
1196		120.175	943.195505995
1197		120.215	944.55383494132
1198		120.255	945.96323981316
1199		120.295	947.24111142704
1200		120.335	-nan
1201		120.375	948.48578245461
1202		120.415	948.63640552275
1203		120.455	948.87071252358
1204		120.495	949.44371734033
1205		120.535	950.43400172623
1206		120.575	951.27047026958
1207		120.615	951.31862815126
1208		120.655	951.72459734304
1209		120.695	933.12581513374
1210		120.735	933.35318979709
1211		120.775	-nan
1212		120.815	-nan
1213		120.855	-nan
1214		120.895	-nan
1215		120.935	-nan
1216		120.975	-nan
1217		121.015	-nan
1218		121.055	-nan
1219		121.095	-nan
1220		121.135	-nan
1221		121.175	946.92353126078
1222		121.215	945.8368498567
1223		121.255	962.82839323403
1224		121.295	967.36639998482
1225		121.335	969.13594160586
1226		121.375	969.85062388991
1227		121.415	970.43451262178
1228		121.455	971.04828796253
1229		121.495	972.41983073745
1230		121.535	974.22103017551
1231		121.575	976.1485174781
1232		121.615	-nan
1233		121.655	979.55631854883
1234		121.695	980.80977623867
1235		121.735	982.16237420392
1236		121.775	983.81035451782
1237		121.815	985.40823163317
1238		121.855	986.53575116896
1239		121.895	987.00049692193
1240		121.935	986.57628070081
1241		121.975	983.72267923859
1242		122.015	972.73875866101
1243		122.055	-nan
1244		122.095	-nan
1245		122.135	-nan
1246		122.175	-nan
1247		122.215	-nan
1248		122.255	-nan
1249		122.295	-nan
1250		122.335	-nan
1251		122.375	-nan
1252		122.415	-nan
1253		122.455	984.51694473566
1254		122.495	994.88605312159
1255		122.535	996.9950506142
1256		122.575	998.94698280003
1257		122.615	1004.857879973
1258		122.655	1001.4226340101
1259		122.695	1001.5824225657
1260		122.735	1001.7611457364
1261		122.775	1002.1982638569
1262		122.815	1002.8402134536
1263		122.855	1003.570711258
1264		122.895	-nan
1265		122.935	1004.1112499206
1266		122.975	1003.8338798029
1267		123.015	1004.2010450509
1268		123.055	1005.1234843524
1269		123.095	1006.3612311447
1270		123.135	1007.5254290905
1271		123.175	1007.8595664908
1272		123.215	1007.0263893793
1273		123.255	983.51484678132
1274		123.295	966.6774302582
1275		123.335	-nan
1276		123.375	-nan
1277		123.415	-nan
1278		123.455	-nan
1279		123.495	-nan
1280		123.535	-nan
1281		123.575	-nan
1282		123.615	-nan
1283		123.655	-nan
1284		123.695	-nan
1285		123.735	969.62619432342
1286		123.775	988.46860311666
1287		123.815	1011.3773216879
1288		123.855	1012.7091216716
1289		123.895	1013.9870803969
1290		123.935	1014.5150670411
1291		123.975	1014.6804772803
1292		124.015	1014.8879266275
1293		124.055	1015.5745028551
1294		124.095	1016.6833507649
1295		124.135	1017.7423289154
1296		124.175	-nan
1297		124.215	1018.2211705083
1298		124.255	1017.9943462033
1299		124.295	1017.7456068235
1300		124.335	1017.9861813589
1301		124.375	1018.2873657202
1302		124.415	1018.1208315899
1303		124.455	1016.9413690251
1304		124.495	1014.7083206151
1305		124.535	1003.4603127398
1306		124.575	981.86220980077
1307		124.615	-nan
1308		124.655	-nan
1309		124.695	-nan
1310		124.735	-nan
1311		124.775	-nan
1312		124.815	-nan
1313		124.855	-nan
1314		124.895	-nan
1315		124.935	-nan
1316		124.975	-nan
1317		125.015	984.40792584271
1318		125.055	988.32300466599
1319		125.095	1013.8701708636
1320		125.135	1015.7623069743
1321		125.175	1016.1020961387
1322		125.215	1015.6789700035
1323		125.255	1014.6017976739
1324		125.295	1013.4387643667
1325		125.335	1012.9723421422
1326		125.375	1012.9295697097
1327		125.415	1012.9275794975
1328		125.455	-nan
1329		125.495	1011.7259575199
1330		125.535	1011.1260317258
1331		125.575	1010.8367971608
1332		125.615	1011.0894151002
1333		125.655	1011.649235061
1334		125.695	1011.5245629179
1335		125.735	1010.9399911436
1336		125.775	1009.6834165198
1337		125.815	1006.8895568486
1338		125.855	971.07700969536
1339		125.895	-nan
1340		125.935	-nan
1341		125.975	-nan
1342		126.015	-nan
1343		126.055	-nan
1344		126.095	-nan
1345		126.135	-nan
1346		126.175	-nan
1347		126.215	-nan
1348		126.255	-nan
1349		126.295	967.3879186319
1350		126.335	991.94715772166
1351		126.375	1001.8538099166
1352		126.415	1002.412610931
1353		126.455	1003.0391977063
1354		126.495	1002.6995673719
1355		126.535	1001.9577342527
1356		126.575	1001.1555212749
1357		126.615	1000.6234176369
1358		126.655	1000.4515734147
1359		126.695	1000.0911615413
1360		126.735	-nan
1361		126.775	997.83946655121
1362		126.815	996.52055446796
1363		126.855	995.50181333294
1364		126.895	994.95975976608
1365		126.935	994.66642156202
1366		126.975	993.88928787041
1367		127.015	992.4691737136
1368		127.055	990.02639783154
1369		127.095	982.92021700827
1370		127.135	957.82229671213
1371		127.175	-nan
1372		127.215	-nan
1373		127.255	-nan
1374		127.295	-nan
1375		127.335	-nan
1376		127.375	-nan
1377		127.415	-nan
1378		127.455	-nan
1379		127.495	-nan
1380		127.535	-nan
1381		127.575	953.10679841842
1382		127.615	956.29955117323
1383		127.655	982.65810555745
1384		127.695	983.56646662759
1385		127.735	983.33981070931
1386		127.775	982.6675363295
1387		127.815	981.51520330218
1388		127.855	980.52808951281
1389		127.895	980.04483969422
1390		127.935	979.99757354412
1391		127.975	980.13930959919
1392		128.015	-nan
1393		128.055	979.10769817668
1394		128.095	978.56007898291
1395		128.135	978.14759386637
1396		128.175	978.17196394336
1397		128.215	978.21770605066
1398		128.255	977.77378661333
1399		128.295	976.59359204156
1400		128.335	975.02675294824
1401		128.375	969.54954406022
1402		128.415	944.10485326477
1403		128.455	-nan
1404		128.495	-nan
1405		128.535	-nan
1406		128.575	-nan
1407		128.615	-nan
1408		128.655	-nan
1409		128.695	-nan
1410		128.735	-nan
1411		128.775	-nan
1412		128.815	-nan
1413		128.855	943.91357094856
1414		128.895	951.62019010669
1415		128.935	970.03884782077
1416		128.975	970.68223844815
1417		129.015	971.15854153197
1418		129.055	970.99606644152
1419		129.095	970.31035207543
1420		129.135	969.5617618521
1421		129.175	969.20044367891
1422		129.215	969.19202048063
1423		129.255	969.10097784515
1424		129.295	-nan
1425		129.335	968.14985665604
1426		129.375	967.21127750701
1427		129.415	966.94468820537
1428		129.455	966.97454046518
1429		129.495	967.36648582358
1430		129.535	967.49316071152
1431		129.575	967.01436625125
1432		129.615	966.237340455
1433		129.655	963.43194611246
1434		129.695	932.48467035123
1435		129.735	-nan
1436		129.775	-nan
1437		129.815	-nan
1438		129.855	-nan
1439		129.895	-nan
1440		129.935	-nan
1441		129.975	-nan
1442		130.015	-nan
1443		130.055	-nan
1444		130.095	-nan
1445		130.135	934.76590597891
1446		130.175	959.68207234076
1447		130.215	966.38034729475
1448		130.255	971.07841918243
1449		130.295	974.87046827347
1450		130.335	970.03380730729
1451		130.375	968.3194911164
1452		130.415	967.98148575623
1453		130.455	968.3294102269
1454		130.495	969.20906859492
1455		130.535	969.93312225572
1456		130.575	-nan
1457		130.615	970.37001432565
1458		130.655	970.30520015472
1459		130.695	970.5231299389
1460		130.735	971.20998070154
1461		130.775	971.79463914431
1462		130.815	972.39840494668
1463		130.855	972.03359819782
1464		130.895	971.31125684634
1465		130.935	964.625347249
1466		130.975	939.97166171194
1467		131.015	-nan
1468		131.055	-nan
1469		131.095	-nan
1470		131.135	-nan
1471		131.175	-nan
1472		131.215	-nan
1473		131.255	-nan
1474		131.295	-nan
1475		131.335	-nan
1476		131.375	-nan
1477		131.415	942.68832475896
1478		131.455	965.84768853795
1479		131.495	976.17221643101
1480		131.535	978.29077352765
1481		131.575	979.78011881314
1482		131.615	979.94323672989
1483		131.655	980.05294487917
1484		131.695	980.38867896358
1485		131.735	980.93932225831
1486		131.775	981.94708056626
1487		131.815	983.07193962438
1488		131.855	-nan
1489		131.895	984.38832495791
1490		131.935	984.61248402177
1491		131.975	985.63042887867
1492		132.015	986.26851929509
1493		132.055	987.8973941116
1494		132.095	988.90619093279
1495		132.135	989.13190443168
1496		132.175	988.68472581035
1497		132.215	969.10037020561
1498		132.255	955.23561133055
1499		132.295	-nan
1500		132.335	-nan
1501		132.375	-nan
1502		132.415	-nan
1503		132.455	-nan
1504		132.495	-nan
1505		132.535	-nan
1506		132.575	-nan
1507		132.615	-nan
1508		132.655	-nan
1509		132.695	967.59885161371
1510		132.735	983.40968438337
1511		132.775	997.19606893314
1512		132.815	999.68064944665
1513		132.855	1001.6836114372
1514		132.895	1003.0373086658
1515		132.935	1003.5626624455
1516		132.975	1004.4035131006
1517		133.015	1005.4704521485
1518		133.055	1006.8635808616
1519		133.095	1008.2859298078
1520		133.135	-nan
1521		133.175	1010.2802739995
1522		133.215	1010.8834368191
1523		133.255	1011.7718723377
1524		133.295	1013.1477755835
1525		133.335	1014.6780635052
1526		133.375	1015.6844335774
1527		133.415	1016.2934775506
1528		133.455	1016.6252274905
1529		133.495	1019.3555665347
1530		133.535	1003.3469826652
1531		133.575	-nan
1532		133.615	-nan
1533		133.655	-nan
1534		133.695	-nan
1535		133.735	-nan
1536		138.895	-nan
1537		138.935	-nan
1538		138.975	-nan
1539		139.015	-nan
1540		139.055	-nan
1541		139.095	1026.6986227114
1542		139.135	1044.9742630842
1543		139.175	1041.1382269031
1544		139.215	1040.8510232278
1545		139.255	1040.6777037281
1546		139.295	1039.8687314736
1547		139.335	1038.6320218911
1548		139.375	1037.21301645
1549		139.415	1036.564164764
1550		139.455	1036.3499379389
1551		139.495	1035.9861039598
1552		139.535	-nan
1553		139.575	1034.3656391324
1554		139.615	1033.4920191566
1555		139.655	1032.7582605747
1556		139.695	1032.498162854
1557		139.735	1032.6268840102
1558		139.775	1032.3349625499
1559		139.815	1031.1117640303
1560		139.855	1029.6995715362
1561		139.895	1026.7722607103
1562		139.935	997.54445458605
1563		139.975	-nan
1564		140.015	-nan
1565		140.055	-nan
1566		140.095	-nan
1567		140.135	-nan
1568		140.175	-nan
1569		140.215	-nan
1570		140.255	-nan
1571		140.295	-nan
1572		140.335	-nan
1573		140.375	992.9153739327
1574		140.415	1002.233996592
1575		140.455	1022.2065364476
1576		140.495	1022.6196980762
1577		140.535	1023.0032421675
1578		140.575	1022.5302356737
1579		140.615	1021.6266620839
1580		140.655	1020.7231520588
1581		140.695	1020.2216658935
1582		140.735	1019.9932177227
1583		140.775	1019.8683086293
1584		140.815	-nan
1585		140.855	1018.0660726003
1586		140.895	1016.9675623011
1587		140.935	1016.1199935299
1588		140.975	1015.8401032972
1589		141.015	1015.6075777314
1590		141.055	1015.2638184205
1591		141.095	1013.7420331975
1592		141.135	1012.5822723941
1593		141.175	1005.9773082573
1594		141.215	982.6428664514
1595		141.255	-nan
1596		141.295	-nan
1597		141.335	-nan
1598		141.375	-nan
1599		141.415	-nan
1600		141.455	-nan
1601		141.495	-nan
1602		141.535	-nan
1603		141.575	-nan
1604		141.615	-nan
1605		141.655	981.54339838066
1606		141.695	990.84425634128
1607		141.735	1006.555653945
1608		141.775	1008.430987428
1609		141.815	1008.8776455736
1610		141.855	1008.5117275302
1611		141.895	1007.6813144634
1612		141.935	1006.9038278686
1613		141.975	1006.7437490691
1614		142.015	1006.9984584289
1615		142.055	1007.3329371492
1616		142.095	-nan
1617		142.135	1006.9586955148
1618		142.175	1006.6064045455
1619		142.215	1006.3279925908
1620		142.255	1006.7884591676
1621		142.295	1007.3615552842
1622		142.335	1007.288977704
1623		142.375	1006.3835741322
1624		142.415	1005.073794983
1625		142.455	1004.4723315653
1626		142.495	973.2027316256
1627		142.535	-nan
1628		142.575	-nan
1629		142.615	-nan
1630		142.655	-nan
1631		142.695	-nan
1632		142.735	-nan
1633		142.775	-nan
1634		142.815	-nan
1635		142.855	-nan
1636		142.895	-nan
1637		142.935	975.16935980847
1638		142.975	998.30417382181
1639		143.015	1004.9035750724
1640		143.055	1005.3896261551
1641		143.095	1006.7886818413
1642		143.135	1006.9569689926
1643		143.175	1006.5861064479
1644		143.215	1006.1442181721
1645		143.255	1006.1959547451
1646		143.295	1006.54672313
1647		143.335	1007.1281043735
1648		143.375	-nan
1649		143.415	1006.8865232899
1650		143.455	1006.7227000643
1651		143.495	1006.8442080565
1652		143.535	1007.4485586274
1653		143.575	1008.4263167119
1654		143.615	1009.0048102971
1655		143.655	1008.9174086209
1656		143.695	1007.6102013066
1657		143.735	1003.8037661411
1658		143.775	1001.448019342
1659		143.815	-nan
1660		143.855	-nan
1661		143.895	-nan
1662		143.935	-nan
1663		143.975	-nan
1664		144.015	-nan
1665		144.055	-nan
1666		144.095	-nan
1667		144.135	-nan
1668		144.175	-nan
1669		144.215	1007.4454486485
1670		144.255	1002.0144996751
1671		144.295	1011.4990323672
1672		144.335	1012.8603102253
1673		144.375	1014.5371387972
1674		144.415	1015.3984289427
1675		144.455	1015.7965303734
1676		144.495	1016.1783111121
1677		144.535	1016.9484333859
1678		144.575	1018.1945676212
1679		144.615	1019.4844149452
1680		144.655	-nan
1681		144.695	1020.8386244701
1682		144.735	1020.9714213882
1683		144.775	1021.5548128741
1684		144.815	1022.4253566971
1685		144.855	1023.3858997587
1686		144.895	1024.2548358535
1687		144.935	1024.0993054063
1688		144.975	1023.6958951148
1689		145.015	1012.7282074819
1690		145.055	1016.8833686594
1691		145.095	-nan
1692		145.135	-nan
1693		145.175	-nan
1694		145.215	-nan
1695		145.255	-nan
1696		145.295	-nan
1697		145.335	-nan
1698		145.375	-nan
1699		145.415	-nan
1700		145.455	-nan
1701		145.495	1026.8744489289
1702		145.535	1021.8295886143
1703		145.575	1028.3011679217
1704		145.615	1034.287249105
1705		145.655	1041.7853418615
1706		145.695	1043.5012417286
1707		145.735	1043.4127937622
1708		145.775	1043.4990288022
1709		145.815	1044.7986504596
1710		145.855	1045.5197771473
1711		145.895	1046.5296969245
1712		145.935	-nan
1713		145.975	1037.8713526498
1714		146.015	1048.6270199221
1715		146.055	1049.6873105255
1716		146.095	1051.1528445724
1717		146.135	1052.6472962844
1718		146.175	1053.7073344395
1719		146.215	1048.8352200039
1720		146.255	1046.0382930394
1721		146.295	1037.9101919743
1722		146.335	1042.7573990439
1723		146.375	-nan
1724		146.415	-nan
1725		146.455	-nan
1726		146.495	-nan
1727		146.535	-nan
1728		146.575	-nan
1729		146.615	-nan
1730		146.655	-nan
1731		146.695	-nan
1732		146.735	-nan
1733		146.775	1051.5721082734
1734		146.815	1050.8661758821
1735		146.855	1050.140312494
1736		146.895	1052.4264452445
1737		146.935	1054.4188373385
1738		146.975	1055.4765676211
1739		147.015	1055.9233899595
1740		147.055	1056.2666783051
1741		147.095	1057.0280449511
1742		147.135	1058.2016283323
1743		147.175	1059.2956989731
1744		147.215	-nan
1745		147.255	1060.0794278612
1746		147.295	1060.0101940373
1747		147.335	1060.256802868
1748		147.375	1061.1297851861
1749		147.415	1062.2959697356
1750		147.455	1063.094694743
1751		147.495	1062.7340480962
1752		147.535	1062.1242938542
1753		147.575	1050.683395985
1754		147.615	1050.212829246
1755		147.655	-nan
1756		147.695	-nan
1757		147.735	-nan
1758		147.775	-nan
1759		147.815	-nan
1760		147.855	-nan
1761		147.895	-nan
1762		147.935	-nan
1763		147.975	-nan
1764		148.015	-nan
1765		148.055	1057.1990330884
1766		148.095	1048.0282787126
1767		148.135	1066.6844670078
1768		148.175	1067.6884081016
1769		148.215	1068.7444425148
1770		148.255	1069.0114390315
1771		148.295	1068.7723125826
1772		148.335	1068.4252464251
1773		148.375	1068.9504857172
1774		148.415	1070.0316687982
1775		148.455	1070.9354530268
1776		148.495	-nan
1777		148.535	1071.9702789858
1778		148.575	1072.0657312277
1779		148.615	1072.435077197
1780		148.655	1073.2325913918
1781		148.695	1074.1811356246
1782		148.735	1074.7393748517
1783		148.775	1073.9426356672
1784		148.815	1072.9808145023
1785		148.855	1061.5944669
1786		148.895	1063.1159671353
1787		148.935	-nan
1788		148.975	-nan
1789		149.015	-nan
1790		149.055	-nan
1791		149.095	-nan
1792		149.135	-nan
1793		149.175	-nan
1794		149.215	-nan
1795		149.255	-nan
1796		149.295	-nan
1797		149.335	1067.2623656467
1798		149.375	1057.2158110526
1799		149.415	1072.0801346507
1800		149.455	1073.5449698387
1801		149.495	1074.481712815
1802		149.535	1074.6414414368
1803		149.575	1073.6948978712
1804		149.615	1072.8752067892
1805		149.655	1072.3418318101
1806		149.695	1072.4156961529
1807		149.735	1072.3852673433
1808		149.775	-nan
1809		149.815	1071.0253333237
1810		149.855	1070.0573273295
1811		149.895	1069.5945875013
1812		149.935	1069.9250845546
1813		149.975	1079.3457375118
1814		150.015	1086.5404903339
1815		150.055	1069.6500773379
1816		150.095	1068.620637984
1817		150.135	1068.5801164894
1818		150.175	1061.2054747298
1819		150.215	-nan
1820		150.255	-nan
1821		150.295	-nan
1822		150.335	-nan
1823		150.375	-nan
1824		150.415	-nan
1825		150.455	-nan
1826		150.495	-nan
1827		150.535	-nan
1828		150.575	-nan
1829		150.615	1061.0445695659
1830		150.655	1050.0082759191
1831		150.695	1063.9616957013
1832		150.735	1064.0385041177
1833		150.775	1067.1290734524
1834		150.815	1064.0507666863
1835		150.855	1063.0295288702
1836		150.895	1062.0437605853
1837		150.935	1061.7772319934
1838		150.975	1061.8136646418
1839		151.015	1061.916112455
1840		151.055	-nan
1841		151.095	1060.3960421755
1842		151.135	1059.2600074487
1843		151.175	1058.3049477063
1844		151.215	1057.9518517681
1845		151.255	1057.7026724503
1846		151.295	1056.851045179
1847		151.335	1055.0362767094
1848		151.375	1048.6861905818
1849		151.415	1051.1817465937
1850		151.455	1033.3974405734
1851		151.495	-nan
1852		151.535	-nan
1853		151.575	-nan
1854		151.615	-nan
1855		151.655	-nan
1856		151.695	-nan
1857		151.735	-nan
1858		151.775	-nan
1859		151.815	-nan
1860		151.855	-nan
1861		151.895	1031.8085994672
1862		151.935	1022.2801415668
1863		151.975	1046.5667099347
1864		152.015	1046.6958232411
1865		152.055	1046.5348191676
1866		152.095	1045.5382207321
1867		152.135	1043.9219567899
1868		152.175	1042.6068929123
1869		152.215	1041.5493744976
1870		152.255	1041.0908146185
1871		152.295	1040.7897006504
1872		152.335	-nan
1873		152.375	1038.5691819374
1874		152.415	1037.4078695474
1875		152.455	1036.695970055
1876		152.495	1036.5114863105
1877		152.535	1036.5339204711
1878		152.575	1036.3150835607
1879		152.615	1034.6964683618
1880		152.655	1033.4269530483
1881		152.695	1023.293326612
1882		152.735	1019.6686107317
1883		152.775	-nan
1884		152.815	-nan
1885		152.855	-nan
1886		152.895	-nan
1887		152.935	-nan
1888		152.975	-nan
1889		153.015	-nan
1890		153.055	-nan
1891		153.095	-nan
1892		153.135	-nan
1893		153.175	1017.7544709534
1894		153.215	1007.4222320929
1895		153.255	1024.501077099
1896		153.295	1025.9315295592
1897		153.335	1026.5864767512
1898		153.375	1026.2379197799
1899		153.415	1025.3002119929
1900		153.455	1024.266820658
1901		153.495	1023.8565056267
1902		153.535	1023.5693588158
1903		153.575	1023.2443754842
1904		153.615	-nan
1905		153.655	1021.2861530738
1906		153.695	1019.8226656151
1907		153.735	1018.8745525677
1908		153.775	1018.4970532473
1909		153.815	1018.228404694
1910		153.855	1017.5697269997
1911		153.895	1016.2138228153
1912		153.935	1014.8484710936
1913		153.975	1014.6668090046
1914		154.015	1006.2100384588
1915		154.055	-nan
1916		154.095	-nan
1917		154.135	-nan
1918		154.175	-nan
1919		154.215	-nan
1920		154.255	-nan
1921		154.295	-nan
1922		154.335	-nan
1923		154.375	-nan
1924		154.415	-nan
1925		154.455	1008.1862254307
1926		154.495	998.15734411828
1927		154.535	1011.0980915389
1928		154.575	1010.6159659107
1929		154.615	1011.2469395451
1930		154.655	1010.7036108699
1931		154.695	1009.6670451375
1932		154.735	1008.8127585675
1933		154.775	1008.6396347607
1934		154.815	1008.9595159241
1935		154.855	1009.1799911808
1936		154.895	-nan
1937		154.935	1008.7117684368
1938		154.975	1008.1930418191
1939		155.015	1008.0540931989
1940		155.055	1008.3283405426
1941		155.095	1008.7371891771
1942		155.135	1008.5497233883
1943		155.175	1007.4580454481
1944		155.215	1004.9859944916
1945		155.255	1004.8194846875
1946		155.295	1000.951285523
1947		155.335	-nan
1948		155.375	-nan
1949		155.415	-nan
1950		155.455	-nan
1951		155.495	-nan
1952		155.535	-nan
1953		155.575	-nan
1954		155.615	-nan
1955		155.655	-nan
1956		155.695	-nan
1957		155.735	1004.1383095981
1958		155.775	995.79316813743
1959		155.815	1005.5023352787
1960		155.855	1006.3216260422
1961		155.895	1007.4039524467
1962		155.935	1007.4671188681
1963		155.975	1007.1506691955
1964		156.015	1006.6979106599
1965		156.055	1006.6653588888
1966		156.095	1006.8561965723
1967		156.135	1007.0395166512
1968		156.175	-nan
1969		156.215	1006.5817709097
1970		156.255	1006.023704099
1971		156.295	1005.9610162874
1972		156.335	1006.3319013668
1973		156.375	1007.1212013482
1974		156.415	1007.7156652896
1975		156.455	1007.4815704054
1976		156.495	1007.061261577
1977		156.535	996.8749155482
1978		156.575	998.05485962453
1979		156.615	-nan
1980		156.655	-nan
1981		156.695	-nan
1982		156.735	-nan
1983		156.775	-nan
1984		156.815	-nan
1985		156.855	-nan
1986		156.895	-nan
1987		156.935	-nan
1988		156.975	-nan
1989		157.015	1004.5873913175
1990		157.055	998.00273452628
1991		157.095	1007.9246862831
1992		157.135	1010.3352327981
1993		157.175	1011.650947992
1994		157.215	1012.1606737382
1995		157.255	1012.2373511767
1996		157.295	1012.4805596024
1997		157.335	1013.2427473229
1998		157.375	1014.3610195968
1999		157.415	1015.5621026381
2000		157.455	-nan
2001		157.495	1016.8974195561
2002		157.535	1016.8760636035
2003		157.575	1017.2914272234
2004		157.615	1018.0775361895
2005		157.655	1018.9503440803
2006		157.695	1019.1943254431
2007		157.735	1018.8721934643
2008		157.775	1018.0774965808
2009		157.815	1016.1679511364
2010		157.855	1002.1125165103
2011		157.895	-nan
2012		157.935	-nan
2013		157.975	-nan
2014		158.015	-nan
2015		158.055	-nan
2016		158.095	-nan
2017		158.135	-nan
2018		158.175	-nan
2019		158.215	-nan
2020		158.255	-nan
2021		158.295	1009.5562641535
2022		158.335	1021.5462206173
2023		158.375	1024.2773802683
2024		158.415	1025.6740564657
2025		158.455	1026.8022835639
2026		158.495	1027.3972775306
2027		158.535	1027.228754075
2028		158.575	1027.1024460456
2029		158.615	1027.4575342475
2030		158.655	1028.2539352246
2031		158.695	1029.0894108622
2032		158.735	-nan
2033		158.775	1029.824276382
2034		158.815	1030.2026934273
2035		158.855	1030.8883424413
2036		158.895	1032.1666263842
2037		158.935	1033.6871014212
2038		158.975	1034.7163231994
2039		159.015	1034.8318827373
2040		159.055	1034.4329712665
2041		159.095	1024.6745440024
2042		159.135	1003.3578188097
2043		159.175	-nan
2044		159.215	-nan
2045		159.255	-nan
2046		159.295	-nan
2047		159.335	-nan
2048		159.375	-nan
2049		159.415	-nan
2050		159.455	-nan
2051		159.495	-nan
2052		159.535	-nan
2053		159.575	1011.5580625491
2054		159.615	1027.649278536
2055		159.655	1038.1998938292
2056		159.695	1039.7321500499
2057		159.735	1041.3274672387
2058		159.775	1042.1894568231
2059		159.815	1042.4366453363
2060		159.855	1042.7152760766
2061		159.895	1043.242102191
2062		159.935	1044.1391447325
2063		159.975	1045.174200042
2064		160.015	-nan
2065		160.055	1045.5509092829
2066		160.095	1045.3994025907
2067		160.135	1045.3739586236
2068		160.175	1045.9220319647
2069		160.215	1046.5981847821
2070		160.255	1046.9425261272
2071		160.295	1046.3605427925
2072		160.335	1045.4856525225
2073		160.375	1033.028533316
2074		160.415	1018.5391321033
2075		160.455	-nan
2076		160.495	-nan
2077		160.535	-nan
2078		160.575	-nan
2079		160.615	-nan
2080		160.655	-nan
2081		160.695	-nan
2082		160.735	-nan
2083		160.775	-nan
2084		160.815	-nan
2085		160.855	1024.6116068507
2086		160.895	1031.8593687762
2087		160.935	1048.44038565
2088		160.975	1049.7214607731
2089		161.015	1050.5396454373
2090		161.055	1050.6738456778
2091		161.095	1049.9331841289
2092		161.135	1049.4657779032
2093		161.175	1049.6165753721
2094		161.215	1050.128833838
2095		161.255	1050.8237478549
2096		161.295	-nan
2097		161.335	1051.0624995599
2098		161.375	1050.9124040037
2099		161.415	1050.8946271672
2100		161.455	1051.5586737753
2101		161.495	1052.2211628991
2102		161.535	1052.2853429707
2103		161.575	1051.7261541823
2104		161.615	1050.8378708142
2105		161.655	1050.7140364056
2106		161.695	1022.3080634302
2107		161.735	-nan
2108		161.775	-nan
2109		161.815	-nan
2110		161.855	-nan
2111		161.895	-nan
2112		161.935	-nan
2113		161.975	-nan
2114		162.015	-nan
2115		162.055	-nan
2116		162.095	-nan
2117		162.135	1024.1836294925
2118		162.175	1037.507311038
2119		162.215	1048.6330442184
2120		162.255	1049.3213707759
2121		162.295	1050.1104885176
2122		162.335	1049.8588693751
2123		162.375	1049.1143977212
2124		162.415	1047.944428203
2125		162.455	1047.5750683778
2126		162.495	1047.2419434675
2127		162.535	1046.9794287002
2128		162.575	-nan
2129		162.615	1045.0240578821
2130		162.655	1043.983773143
2131		162.695	1043.1080304932
2132		162.735	1042.8865954203
2133		162.775	1043.0782437554
2134		162.815	1042.3730258572
2135		162.855	1041.2544839923
2136		162.895	1034.4617102332
2137		162.935	1037.6013555252
2138		162.975	1010.6955940852
2139		163.015	-nan
2140		163.055	-nan
2141		163.095	-nan
2142		163.135	-nan
2143		163.175	-nan
2144		163.215	-nan
2145		163.255	-nan
2146		163.295	-nan
2147		163.335	-nan
2148		163.375	-nan
2149		163.415	1008.6308237964
2150		163.455	1008.646984283
2151		163.495	1035.1403113036
2152		163.535	1035.2921733185
2153		163.575	1035.4600150174
2154		163.615	1034.6605625699
2155		163.655	1033.6292051254
2156		163.695	1032.7345255953
2157		163.735	1032.1650407495
2158		163.775	1032.0567506846
2159		163.815	1032.0676668084
2160		163.855	-nan
2161		163.895	1030.7164255814
2162		163.935	1029.6724145718
2163		163.975	1028.8769549296
2164		164.015	1028.3619918798
2165		164.055	1027.8723229254
2166		164.095	1027.0807179443
2167		164.135	1025.0797399115
2168		164.175	1022.9249085008
2169		164.215	1018.0650120436
2170		164.255	999.58723463515
2171		164.295	-nan
2172		164.335	-nan
2173		164.375	-nan
2174		164.415	-nan
2175		164.455	-nan
2176		164.495	-nan
2177		164.535	-nan
2178		164.575	-nan
2179		164.615	-nan
2180		164.655	-nan
2181		164.695	994.97980177621
2182		164.735	996.00184313742
2183		164.775	1012.6034725237
2184		164.815	1015.1669664205
2185		164.855	1015.2280923528
2186		164.895	1014.3168149742
2187		164.935	1012.7619504332
2188		164.975	1011.0887803061
2189		165.015	1009.9427030595
2190		165.055	1009.1890201575
2191		165.095	1008.5674255855
2192		165.135	-nan
2193		165.175	1006.4044605267
2194		165.215	1005.1475757842
2195		165.255	1004.2391743017
2196		165.295	1004.0098778351
2197		165.335	1003.9163181876
2198		165.375	1003.6208115016
2199		165.415	1002.5779744091
2200		165.455	1001.4273020175
2201		165.495	1000.8017878697
2202		165.535	973.9081271713
2203		165.575	-nan
2204		165.615	-nan
2205		165.655	-nan
2206		165.695	-nan
2207		165.735	-nan
2208		165.775	-nan
2209		165.815	-nan
2210		165.855	-nan
2211		165.895	-nan
2212		165.935	-nan
2213		165.975	969.76553903883
2214		166.015	981.51617826335
2215		166.055	992.80780376098
2216		166.095	993.06057818115
2217		166.135	993.75763540942
2218		166.175	993.51639297562
2219		166.215	992.63225342323
2220		166.255	991.96190455259
2221		166.295	991.58142013816
2222		166.335	991.65367166647
2223		166.375	991.66998708159
2224		166.415	-nan
2225		166.455	990.14472292701
2226		166.495	989.06009711012
2227		166.535	988.0881136947
2228		166.575	987.69217686845
2229		166.615	987.47554012858
2230		166.655	986.47873737059
2231		166.695	984.60483948159
2232		166.735	977.5108754136
2233		166.775	979.11160210748
2234		166.815	959.39565263916
2235		166.855	-nan
2236		166.895	-nan
2237		166.935	-nan
2238		166.975	-nan
2239		167.015	-nan
2240		167.055	-nan
2241		167.095	-nan
2242		167.135	-nan
2243		167.175	-nan
2244		167.215	-nan
2245		167.255	959.10259687361
2246		167.295	959.40541004223
2247		167.335	981.0656811644
2248		167.375	981.11401672941
2249		167.415	981.11500678906
2250		167.455	980.81222630301
2251		167.495	979.90203018017
2252		167.535	979.20862747156
2253		167.575	979.03449920397
2254		167.615	979.08599311361
2255		167.655	979.57707823636
2256		167.695	-nan
2257		167.735	979.46761110753
2258		167.775	979.36765416764
2259		167.815	979.47053152863
2260		167.855	979.91965874932
2261		167.895	980.65516004412
2262		167.935	980.97314416399
2263		167.975	980.47194826051
2264		168.015	979.58871774339
2265		168.055	975.03633717186
2266		168.095	958.05261954186
2267		168.135	-nan
2268		168.175	-nan
2269		168.215	-nan
2270		168.255	-nan
2271		168.295	-nan
2272		168.335	-nan
2273		168.375	-nan
2274		168.415	-nan
2275		168.455	-nan
2276		168.495	-nan
2277		168.535	960.67052894867
2278		168.575	972.29598327057
2279		168.615	974.58135598407
2280		168.655	980.04707612824
2281		168.695	981.38120789335
2282		168.735	982.32209575632
2283		168.775	982.04570032649
2284		168.815	981.85910597192
2285		168.855	981.86611498323
2286		168.895	982.28931132517
2287		168.935	982.66963290393
2288		168.975	-nan
2289		169.015	982.30386243378
2290		169.055	981.94843190316
2291		169.095	981.98919325849
2292		169.135	982.52743227876
2293		169.175	983.23077354793
2294		169.215	983.68750847022
2295		169.255	983.74662034771
2296		169.295	983.49462036537
2297		169.335	985.44976031856
2298		169.375	983.56742238688
2299		169.415	-nan
2300		169.455	-nan
2301		169.495	-nan
2302		169.535	-nan
2303		169.575	-nan
2304		169.615	-nan
2305		169.655	-nan
2306		169.695	-nan
2307		169.735	-nan
2308		169.775	-nan
2309		169.815	985.75857323132
2310		169.855	997.41495579109
2311		169.895	994.75284740104
2312		169.935	995.15439443163
2313		169.975	996.82120138343
2314		170.015	997.25343387364
2315		170.055	997.45405919139
2316		170.095	997.70356846796
2317		170.135	998.59995826336
2318		170.175	1000.0350068946
2319		170.215	1001.3286864115
2320		170.255	-nan
2321		170.295	1002.8256031254
2322		170.335	1003.1130232745
2323		170.375	1003.5588847596
2324		170.415	1004.3952886961
2325		170.455	1005.2431539964
2326		170.495	1005.4883778738
2327		170.535	1005.0980982415
2328		170.575	1003.7486542678
2329		170.615	992.71039521261
2330		170.655	979.84191004589
2331		170.695	-nan
2332		170.735	-nan
2333		170.775	-nan
2334		170.815	-nan
2335		170.855	-nan
2336		170.895	-nan
2337		170.935	-nan
2338		170.975	-nan
2339		171.015	-nan
2340		171.055	-nan
2341		171.095	988.0854439354
2342		171.135	991.1595924362
2343		171.175	1011.3660380892
2344		171.215	1012.9151837034
2345		171.255	1013.6835143124
2346		171.295	1014.2213907701
2347		171.335	1013.9512023249
2348		171.375	1013.8548385923
2349		171.415	1013.9001876251
2350		171.455	1014.3756994715
2351		171.495	1015.0951665818
2352		171.535	-nan
2353		171.575	1015.2471499145
2354		171.615	1015.1967739469
2355		171.655	1015.8362179277
2356		171.695	1017.0997471368
2357		171.735	1018.2532302636
2358		171.775	1019.4673588011
2359		171.815	1019.8767548789
2360		171.855	1019.5675910493
2361		171.895	1002.8225491069
2362		171.935	991.2333675912
2363		171.975	-nan
2364		172.015	-nan
2365		172.055	-nan
2366		172.095	-nan
2367		172.135	-nan
2368		172.175	-nan
2369		172.215	-nan
2370		172.255	-nan
2371		172.295	-nan
2372		172.335	-nan
2373		172.375	996.40539660932
2374		172.415	1001.1464913055
2375		172.455	1021.8477051228
2376		172.495	1023.9716706618
2377		172.535	1025.2768431285
2378		172.575	1026.0839026497
2379		172.615	1026.2049053263
2380		172.655	1026.4221004744
2381		172.695	1027.1507917493
2382		172.735	1027.9274598047
2383		172.775	1028.8186392801
2384		172.815	-nan
2385		172.855	1028.7508127751
2386		172.895	1028.4882696068
2387		172.935	1028.4459414168
2388		172.975	1028.6451103889
2389		173.015	1028.8701225716
2390		173.055	1028.5854254056
2391		173.095	1027.7933516214
2392		173.135	1026.1395559137
2393		173.175	1023.8584797713
2394		173.215	1000.8923110302
2395		173.255	-nan
2396		173.295	-nan
2397		173.335	-nan
2398		173.375	-nan
2399		173.415	-nan
2400		173.455	-nan
2401		173.495	-nan
2402		173.535	-nan
2403		173.575	-nan
2404		173.615	-nan
2405		173.655	1003.4938121602
2406		173.695	1012.3993524127
2407		173.735	1028.3272439903
2408		173.775	1028.8211839091
2409		173.815	1028.6699723068
2410		173.855	1028.1060305658
2411		173.895	1026.9470218039
2412		173.935	1025.9837193494
2413		173.975	1025.7972945544
2414		174.015	1025.6805912177
2415		174.055	1025.6245655852
2416		174.095	-nan
2417		174.135	1025.0833693152
2418		174.175	1024.7327562603
2419		174.215	1024.6523948216
2420		174.255	1025.1204511933
2421		174.295	1025.4675351836
2422		174.335	1025.4913310663
2423		174.375	1024.7684304624
2424		174.415	1023.2198306053
2425		174.455	1012.6208288059
2426		174.495	1004.4981563284
2427		174.535	-nan
2428		174.575	-nan
2429		174.615	-nan
2430		174.655	-nan
2431		174.695	-nan
2432		174.735	-nan
2433		174.775	-nan
2434		174.815	-nan
2435		174.855	-nan
2436		174.895	-nan
2437		174.935	1001.8104731689
2438		174.975	996.12636022979
2439		175.015	1016.5835210088
2440		175.055	1016.9592684604
2441		175.095	1017.0821636739
2442		175.135	1016.6118613407
2443		175.175	1015.7552772415
2444		175.215	1014.6181884653
2445		175.255	1013.7841262925
2446		175.295	1013.0000289284
2447		175.335	1012.2491392893
2448		175.375	-nan
2449		175.415	1009.5502694414
2450		175.455	1008.1572097449
2451		175.495	1007.0033669527
2452		175.535	1006.086785076
2453		175.575	1005.4504096937
2454		175.615	1004.6999031508
2455		175.655	1002.7953802772
2456		175.695	1001.2433496119
2457		175.735	994.6318117233
2458		175.775	979.51812482031
2459		175.815	-nan
2460		175.855	-nan
2461		175.895	-nan
2462		175.935	-nan
2463		175.975	-nan
2464		176.015	-nan
2465		176.055	-nan
2466		176.095	-nan
2467		176.135	-nan
2468		176.175	-nan
2469		176.215	971.62629541194
2470		176.255	967.82412843502
2471		176.295	986.65409304284
2472		176.335	991.07563971915
2473		176.375	990.17909682053
2474		176.415	989.03313918963
2475		176.455	987.74388262312
2476		176.495	986.66402670314
2477		176.535	985.98244080073
2478		176.575	985.5367249416
2479		176.615	985.35870735913
2480		176.655	-nan
2481		176.695	983.75652965685
2482		176.735	982.90117226538
2483		176.775	982.07403879835
2484		176.815	981.42058722161
2485		176.855	980.8217018491
2486		176.895	979.99143792835
2487		176.935	978.4770894587
2488		176.975	976.1312749035
2489		177.015	974.90680469224
2490		177.055	964.3497747527
2491		177.095	-nan
2492		177.135	-nan
2493		177.175	-nan
2494		177.215	-nan
2495		177.255	-nan
2496		177.295	-nan
2497		177.335	-nan
2498		177.375	-nan
2499		177.415	-nan
2500		177.455	-nan
2501		177.495	958.92049992869
2502		177.535	953.10865144872
2503		177.575	965.59461574091
2504		177.615	965.25577408801
2505		177.655	964.71939835763
2506		177.695	963.5772003039
2507		177.735	961.93993054463
2508		177.775	960.20148819412
2509		177.815	958.51832330714
2510		177.855	957.27272759474
2511		177.895	955.963941877
2512		177.935	-nan
2513		177.975	953.1173917816
2514		178.015	952.01077592069
2515		178.055	951.09299281455
2516		178.095	950.75636013281
2517		178.135	950.76592378233
2518		178.175	950.37534043536
2519		178.215	949.38636119015
2520		178.255	947.87817691582
2521		178.295	940.76933750179
2522		178.335	937.30259265214
2523		178.375	-nan
2524		178.415	-nan
2525		178.455	-nan
2526		178.495	-nan
2527		178.535	-nan
2528		178.575	-nan
2529		178.615	-nan
2530		178.655	-nan
2531		178.695	-nan
2532		178.735	-nan
2533		178.775	928.71298636825
2534		178.815	924.71401343937
2535		178.855	937.30329144925
2536		178.895	937.22949030015
2537		178.935	937.27256769635
2538		178.975	936.71596762453
2539		179.015	935.9329794226
2540		179.055	935.25719495948
2541		179.095	934.60511219178
2542		179.135	934.79810202568
2543		179.175	934.5823810686
2544		179.215	-nan
2545		179.255	933.30345011149
2546		179.295	932.21120425114
2547		179.335	931.22458761126
2548		179.375	930.53753152585
2549		179.415	929.72378684241
2550		179.455	928.62906068696
2551		179.495	927.15866527112
2552		179.535	925.39237741473
2553		179.575	922.70372210962
2554		179.615	913.98956046846
2555		179.655	-nan
2556		179.695	-nan
2557		179.735	-nan
2558		179.775	-nan
2559		179.815	-nan
2560		179.855	-nan
2561		179.895	-nan
2562		179.935	-nan
2563		179.975	-nan
2564		180.015	-nan
2565		180.055	913.75040457423
2566		180.095	909.3844984918
2567		180.135	918.17805840981
2568		180.175	921.47377910422
2569		180.215	921.02569431095
2570		180.255	920.14381761613
2571		180.295	918.82111084131
2572		180.335	917.64995272404
2573		180.375	917.0658736113
2574		180.415	916.58642653714
2575		180.455	916.50719395114
2576		180.495	-nan
2577		180.535	915.9253751418
2578		180.575	915.6828745154
2579		180.615	915.58025551375
2580		180.655	915.94341353079
2581		180.695	916.46533420765
2582		180.735	916.83663716837
2583		180.775	916.79158401012
2584		180.815	916.44832027958
2585		180.855	916.15646036382
2586		180.895	917.56959700866
2587		180.935	-nan
2588		180.975	-nan
2589		181.015	-nan
2590		181.055	-nan
2591		181.095	-nan
2592		181.135	-nan
2593		181.175	-nan
2594		181.215	-nan
2595		181.255	-nan
2596		181.295	-nan
2597		181.335	916.94560811623
2598		181.375	913.76964867327
2599		181.415	914.65158039172
2600		181.455	915.1382411106
2601		181.495	915.92257553575
2602		181.535	915.86080647856
2603		181.575	915.98123351218
2604		181.615	915.63504936805
2605		181.655	915.49164483121
2606		181.695	915.32139251181
2607		181.735	914.95116925741
2608		181.775	-nan
2609		181.815	913.65363273585
2610		181.855	912.8438899382
2611		181.895	912.35803062876
2612		181.935	911.94413264676
2613		181.975	910.93068150139
2614		182.015	910.83208361896
2615		182.055	909.1852831266
2616		182.095	906.3014234287
2617		182.135	904.69585695006
2618		182.175	902.68883723944
2619		182.215	-nan
2620		182.255	-nan
2621		182.295	-nan
2622		182.335	-nan
2623		182.375	-nan
2624		182.415	-nan
2625		182.455	-nan
2626		182.495	-nan
2627		182.535	-nan
2628		182.575	-nan
2629		182.615	903.85212270823
2630		182.655	901.06132551001
2631		182.695	910.79136975873
2632		182.735	910.51683332227
2633		182.775	910.62487717389
2634		182.815	910.33360508696
2635		182.855	909.82127487887
2636		182.895	909.50869831065
2637		182.935	909.48613356349
2638		182.975	910.03555113802
2639		183.015	910.40142004828
2640		183.055	-nan
2641		183.095	911.21276410776
2642		183.135	911.24507922025
2643		183.175	911.53966322809
2644		183.215	911.84681379829
2645		183.255	912.12694745003
2646		183.295	912.09525551896
2647		183.335	911.5271148616
2648		183.375	910.18142121232
2649		183.415	906.92454429522
2650		183.455	903.65029334851
2651		183.495	-nan
2652		183.535	-nan
2653		183.575	-nan
2654		183.615	-nan
2655		183.655	-nan
2656		183.695	-nan
2657		183.735	-nan
2658		183.775	-nan
2659		183.815	-nan
2660		183.855	-nan
2661		183.895	905.06266150633
2662		183.935	904.16716287287
2663		183.975	910.32618254646
2664		184.015	911.40491453524
2665		184.055	911.61933129518
2666		184.095	911.33587476332
2667		184.135	910.40400720606
2668		184.175	909.31058500027
2669		184.215	908.35330402485
2670		184.255	907.65011996688
2671		184.295	907.00351322713
2672		184.335	-nan
2673		184.375	905.21384738139
2674		184.415	904.54595356715
2675		184.455	903.82946819581
2676		184.495	904.03733825545
2677		184.535	903.5621437825
2678		184.575	904.17230406498
2679		184.615	903.7071640424
2680		184.655	903.78992888828
2681		184.695	904.04274495681
2682		184.735	901.9787371708
2683		184.775	-nan
2684		184.815	-nan
2685		184.855	-nan
2686		184.895	-nan
2687		184.935	-nan
2688		184.975	-nan
2689		185.015	-nan
2690		185.055	-nan
2691		185.095	-nan
2692		185.135	-nan
2693		185.175	895.87150977396
2694		185.215	892.02134754148
2695		185.255	895.66674420124
2696		185.295	895.45547792727
2697		185.335	896.54618873957
2698		185.375	896.04674239627
2699		185.415	895.35947171193
2700		185.455	894.83754340667
2701		185.495	894.58174348773
2702		185.535	894.88775108664
2703		185.575	894.67663704134
2704		185.615	-nan
2705		185.655	892.98635256851
2706		185.695	891.93852971674
2707		185.735	890.9100427388
2708		185.775	889.74056429902
2709		185.815	888.64350438316
2710		185.855	887.47927622698
2711		185.895	885.66202918904
2712		185.935	882.25798238707
2713		185.975	881.86882266529
2714		186.015	875.83426611576
2715		186.055	-nan
2716		186.095	-nan
2717		186.135	-nan
2718		186.175	-nan
2719		186.215	-nan
2720		186.255	-nan
2721		186.295	-nan
2722		186.335	-nan
2723		186.375	-nan
2724		186.415	-nan
2725		186.455	871.80124055995
2726		186.495	867.72311946596
2727		186.535	876.47807383149
2728		186.575	875.50566972192
2729		186.615	874.34454658954
2730		186.655	872.71080642532
2731		186.695	871.05706894425
2732		186.735	868.85740534563
2733		186.775	867.57721578852
2734		186.815	866.16654992623
2735		186.855	864.84644919458
2736		186.895	-nan
2737		186.935	862.12836767178
2738		186.975	855.45073038491
2739		187.015	853.4588403187
2740		187.055	850.22409925994
2741		187.095	848.76115853507
2742		187.135	833.00843195953
2743		187.175	821.41657170173
2744		187.215	805.26081375702
2745		187.255	779.23751177674
2746		187.295	774.54360361731
2747		187.335	-nan
2748		187.375	-nan
2749		187.415	-nan
2750		187.455	-nan
2751		187.495	-nan
2752		187.535	-nan
2753		187.575	-nan
2754		187.615	-nan
2755		187.655	-nan
2756		187.695	-nan
2757		187.735	482.23742444657
2758		187.775	482.62541501599
2759		187.815	480.53016101043
2760		187.855	478.32041180217
2761		187.895	471.30759697768
2762		187.935	471.36745910784
2763		187.975	476.63454969064
2764		188.015	477.60776778038
2765		188.055	477.84360005116
2766		188.095	477.94373835735
2767		188.135	477.82254862942
2768		188.175	-nan
2769		188.215	476.59784658709
2770		188.255	475.80769033553
2771		188.295	475.14031576052
2772		188.335	474.56254404544
2773		188.375	474.3544941676
2774		188.415	472.44769994234
2775		188.455	470.66480943571
2776		188.495	469.81485309219
2777		188.535	470.03840718701
2778		188.575	473.61526387586
2779		188.615	-nan
2780		188.655	-nan
2781		188.695	-nan
2782		188.735	-nan
2783		188.775	-nan
2784		188.815	-nan
2785		188.855	-nan
2786		188.895	-nan
2787		188.935	-nan
2788		188.975	-nan
2789		189.015	482.31821017861
2790		189.055	476.24273396227
2791		189.095	473.68881909509
2792		189.135	474.14864566453
2793		189.175	475.12782206089
2794		189.215	474.78753915601
2795		189.255	473.92637631268
2796		189.295	473.17511753227
2797		189.335	472.80473116627
2798		189.375	472.69658414185
2799		189.415	472.53733934703
2800		189.455	-nan
2801		189.495	471.75337602847
2802		189.535	471.13975063921
2803		189.575	470.59030471517
2804		189.615	470.38946993366
2805		189.655	469.90997439989
2806		189.695	469.00797604541
2807		189.735	467.47129450178
2808		189.775	465.12104044472
2809		189.815	465.40769383071
2810		189.855	470.16623927475
2811		189.895	-nan
2812		189.935	-nan
2813		189.975	-nan
2814		190.015	-nan
2815		190.055	-nan
2816		190.095	-nan
2817		190.135	-nan
2818		190.175	-nan
2819		190.215	-nan
2820		190.255	-nan
2821		190.295	476.77800182013
2822		190.335	468.57639875797
2823		190.375	469.45491496337
2824		190.415	469.88266184464
2825		190.455	470.08588406052
2826		190.495	469.88289015995
2827		190.535	469.24150722913
2828		190.575	468.55883505119
2829		190.615	468.112924358
2830		190.655	467.8624376552
2831		190.695	467.53082231982
2832		190.735	-nan
2833		190.775	466.13209515385
2834		190.815	465.30349134625
2835		190.855	464.52553997366
2836		190.895	464.2660946169
2837		190.935	463.24602852803
2838		190.975	461.93511956928
2839		191.015	461.2005253601
2840		191.055	460.63780275476
2841		191.095	459.61722819268
2842		191.135	464.22337974349
2843		191.175	-nan
2844		191.215	-nan
2845		191.255	-nan
2846		191.295	-nan
2847		191.335	-nan
2848		191.375	-nan
2849		191.415	-nan
2850		191.455	-nan
2851		191.495	-nan
2852		191.535	-nan
2853		191.575	469.96431938084
2854		191.615	462.80082575901
2855		191.655	460.42188734713
2856		191.695	463.25159440352
2857		191.735	463.47530914009
2858		191.775	463.18894619402
2859		191.815	462.8040944797
2860		191.855	462.5024464719
2861		191.895	462.28864968361
2862		191.935	462.43420614653
2863		191.975	462.48409757656
2864		192.015	-nan
2865		192.055	461.78631644068
2866		192.095	461.21000483211
2867		192.135	460.79305914319
2868		192.175	460.43823300799
2869		192.215	460.12375268831
2870		192.255	457.8043175837
2871		192.295	456.57172142332
2872		192.335	455.58045443639
2873		192.375	455.61470259655
2874		192.415	458.32086071336
2875		192.455	-nan
2876		192.495	-nan
2877		192.535	-nan
2878		192.575	-nan
2879		192.615	-nan
2880		192.655	-nan
2881		192.695	-nan
2882		192.735	-nan
2883		192.775	-nan
2884		192.815	-nan
2885		192.855	463.03514868066
2886		192.895	459.13693254035
2887		192.935	457.08200711051
2888		192.975	457.83084141307
2889		193.015	459.07825386548
2890		193.055	459.59918929286
2891		193.095	458.96853767108
2892		193.135	458.40025617928
2893		193.175	457.9104201673
2894		193.215	457.71336839812
2895		193.255	457.60304439423
2896		193.295	-nan
2897		193.335	456.78258331215
2898		193.375	456.28011744234
2899		193.415	455.9213652468
2900		193.455	455.57678930273
2901		193.495	455.59490263224
2902		193.535	455.42000377683
2903		193.575	454.25578456466
2904		193.615	452.25264846666
2905		193.655	452.71603536103
2906		193.695	457.41799577935
2907		193.735	-nan
2908		193.775	-nan
2909		193.815	-nan
2910		193.855	-nan
2911		193.895	-nan
2912		193.935	-nan
2913		193.975	-nan
2914		194.015	-nan
2915		194.055	-nan
2916		194.095	-nan
2917		194.135	460.08958439227
2918		194.175	453.27750311659
2919		194.215	454.29386816517
2920		194.255	454.55166783604
2921		194.295	455.21836119678
2922		194.335	455.82783017841
2923		194.375	455.86280586017
2924		194.415	455.61790270511
2925		194.455	455.49902789761
2926		194.495	455.51790984252
2927		194.535	455.67958960964
2928		194.575	-nan
2929		194.615	454.98134532153
2930		194.655	454.31100616012
2931		194.695	453.77783537175
2932		194.735	453.51876157042
2933		194.775	452.34192487144
2934		194.815	451.16249993812
2935		194.855	450.28395646037
2936		194.895	449.58924023047
2937		194.935	448.67658488487
2938		194.975	452.97325403261
2939		195.015	-nan
2940		195.055	-nan
2941		195.095	-nan
2942		195.135	-nan
2943		195.175	-nan
2944		195.215	-nan
2945		195.255	-nan
2946		195.295	-nan
2947		195.335	-nan
2948		195.375	-nan
2949		195.415	458.36745728329
2950		195.455	451.54266702293
2951		195.495	449.73202253736
2952		195.535	452.36172507903
2953		195.575	452.46605975371
2954		195.615	452.38094161898
2955		195.655	451.98456240301
2956		195.695	451.57796181429
2957		195.735	451.41791326835
2958		195.775	451.36438909048
2959		195.815	451.47408114992
2960		195.855	-nan
2961		195.895	450.97362990621
2962		195.935	450.48660687856
2963		195.975	450.36540923793
2964		196.015	450.27001856943
2965		196.055	450.36809742482
2966		196.095	448.50552670725
2967		196.135	447.3968447669
2968		196.175	446.67567560057
2969		196.215	446.4498012841
2970		196.255	448.66225447624
2971		196.295	-nan
2972		196.335	-nan
2973		196.375	-nan
2974		196.415	-nan
2975		196.455	-nan
2976		196.495	-nan
2977		196.535	-nan
2978		196.575	-nan
2979		196.615	-nan
2980		196.655	-nan
2981		196.695	450.98585487983
2982		196.735	448.05952397427
2983		196.775	446.7344119702
2984		196.815	446.70433609384
2985		196.855	448.24373723792
2986		196.895	449.06484307075
2987		196.935	448.59280682708
2988		196.975	448.11544055617
2989		197.015	447.72282817108
2990		197.055	447.44430673016
2991		197.095	447.22075957433
2992		197.135	-nan
2993		197.175	445.99634795575
2994		197.215	445.32962247585
2995		197.255	444.36584864044
2996		197.295	443.67860399933
2997		197.335	443.33848296116
2998		197.375	442.68493998207
2999		197.415	441.51649867897
3000		197.455	439.52525409826
3001		197.495	439.69826590208
3002		197.535	443.49965465402
3003		197.575	-nan
3004		197.615	-nan
3005		197.655	-nan
3006		197.695	-nan
3007		197.735	-nan
3008		197.775	-nan
3009		197.815	-nan
3010		197.855	-nan
3011		197.895	-nan
3012		197.935	-nan
3013		197.975	445.79889169907
3014		198.015	439.32618712486
3015		198.055	439.91580472674
3016		198.095	439.75088836675
3017		198.135	439.65957372972
3018		198.175	440.37056640911
3019		198.215	440.34155527877
3020		198.255	439.88317767562
3021		198.295	439.51891822116
3022		198.335	439.54849340896
3023		198.375	439.43863635106
3024		198.415	-nan
3025		198.455	438.63210600684
3026		198.495	438.03049764632
3027		198.535	437.50270426812
3028		198.575	436.554396936
3029		198.615	435.55411420267
3030		198.655	434.11089536143
3031		198.695	433.05811438335
3032		198.735	431.93493896941
3033		198.775	430.20688115372
3034		198.815	433.29253201288
3035		198.855	-nan
3036		198.895	-nan
3037		198.935	-nan
3038		198.975	-nan
3039		199.015	-nan
3040		199.055	-nan
3041		199.095	-nan
3042		199.135	-nan
3043		199.175	-nan
3044		199.215	-nan
3045		199.255	436.32556492833
3046		199.295	430.38423813111
3047		199.335	428.53899192307
3048		199.375	431.49509201138
3049		199.415	431.28645909391
3050		199.455	430.83776964018
3051		199.495	430.00776347705
3052		199.535	429.25747137884
3053		199.575	428.53334588303
3054		199.615	427.96539726478
3055		199.655	427.57051783063
3056		199.695	-nan
3057		199.735	426.16055894673
3058		199.775	425.31673371416
3059		199.815	424.62486956471
3060		199.855	424.21545059213
3061		199.895	424.04237605748
3062		199.935	423.25013701095
3063		199.975	421.85071233547
3064		200.015	421.44560295133
3065		200.055	421.61074379038
3066		200.095	422.29659075801
3067		200.135	-nan
3068		200.175	-nan
3069		200.215	-nan
3070		200.255	-nan
3071		200.295	-nan
3072		200.335	-nan
3073		200.375	-nan
3074		200.415	-nan
3075		200.455	-nan
3076		200.495	-nan
3077		200.535	416.55841687253
3078		200.575	415.93595282305
3079		200.615	414.93345656079
3080		200.655	414.6844522985
3081		200.695	414.58147716818
3082		200.735	414.21976451717
3083		200.775	413.6142835733
3084		200.815	413.01060585669
3085		200.855	412.62498620479
3086		200.895	412.32093250781
3087		200.935	411.89504335693
3088		200.975	-nan
3089		201.015	410.63036872913
3090		201.055	409.69042314467
3091		201.095	408.81817595255
3092		201.135	408.32282406282
3093		201.175	407.70201025697
3094		201.215	406.92940249611
3095		201.255	405.93434860985
3096		201.295	404.53237041655
3097		201.335	404.55490163211
3098		201.375	403.73129171531
3099		201.415	-nan
3100		201.455	-nan
3101		201.495	-nan
3102		201.535	-nan
3103		201.575	-nan
3104		201.615	-nan
3105		201.655	-nan
3106		201.695	-nan
3107		201.735	-nan
3108		201.775	-nan
3109		201.815	399.91036233438
3110		201.855	397.20583565069
3111		201.895	398.2826753654
3112		201.935	399.34693012558
3113		201.975	399.15138969119
3114		202.015	398.61912700076
3115		202.055	397.73508478952
3116		202.095	396.95009144514
3117		202.135	396.41862780145
3118		202.175	395.91531902434
3119		202.215	395.60895242186
3120		202.255	-nan
3121		202.295	394.33954795378
3122		202.335	393.61404227234
3123		202.375	393.01438762132
3124		202.415	392.67190537379
3125		202.455	392.3593259853
3126		202.495	391.82854070917
3127		202.535	391.03223746858
3128		202.575	390.14901835352
3129		202.615	389.71998007316
3130		202.655	388.31144679307
3131		202.695	-nan
3132		202.735	-nan
3133		202.775	-nan
3134		202.815	-nan
3135		202.855	-nan
3136		202.895	-nan
3137		202.935	-nan
3138		202.975	-nan
3139		203.015	-nan
3140		203.055	-nan
3141		203.095	383.97308952027
3142		203.135	381.68073194279
3143		203.175	383.36585934389
3144		203.215	383.38275553243
3145		203.255	383.30618344142
3146		203.295	382.96590992691
3147		203.335	382.26650648015
3148		203.375	381.57043613922
3149		203.415	381.05538725503
3150		203.455	380.62013940361
3151		203.495	380.187209004
3152		203.535	-nan
3153		203.575	378.70142681727
3154		203.615	377.86897706574
3155		203.655	377.21276642912
3156		203.695	376.57881264767
3157		203.735	376.09366486033
3158		203.775	375.36739988845
3159		203.815	374.44889163456
3160		203.855	373.67050359366
3161		203.895	373.49060716106
3162		203.935	371.90605408198
3163		203.975	-nan
3164		204.015	-nan
3165		204.055	-nan
3166		204.095	-nan
3167		204.135	-nan
3168		204.175	-nan
3169		204.215	-nan
3170		204.255	-nan
3171		204.295	-nan
3172		204.335	-nan
3173		204.375	368.67976654065
3174		204.415	366.69267564571
3175		204.455	367.72077309521
3176		204.495	367.80706070823
3177		204.535	367.54047463667
3178		204.575	367.18370899986
3179		204.615	366.5579576022
3180		204.655	366.07310234087
3181		204.695	365.73787764435
3182		204.735	365.58813308561
3183		204.775	365.36370379309
3184		204.815	-nan
3185		204.855	364.60122290927
3186		204.895	364.10382726529
3187		204.935	363.60389889741
3188		204.975	363.19141040348
3189		205.015	362.79600667142
3190		205.055	362.21888492949
3191		205.095	361.4176888334
3192		205.135	360.42856795857
3193		205.175	359.77470646844
3194		205.215	359.84610217696
3195		205.255	-nan
3196		205.295	-nan
3197		205.335	-nan
3198		205.375	-nan
3199		205.415	-nan
3200		205.455	-nan
3201		205.495	-nan
3202		205.535	-nan
3203		205.575	-nan
3204		205.615	-nan
3205		205.655	356.45953049137
3206		205.695	353.94815320322
3207		205.735	355.09769590282
3208		205.775	354.88666492505
3209		205.815	354.79008268865
3210		205.855	354.38879352156
3211		205.895	353.82937262123
3212		205.935	353.16442189214
3213		205.975	352.60433431108
3214		206.015	352.25025807621
3215		206.055	351.85132695794
3216		206.095	-nan
3217		206.135	350.64770754974
3218		206.175	350.03030380483
3219		206.215	349.02057338585
3220		206.255	348.41974840978
3221		206.295	348.02825442025
3222		206.335	347.21407075037
3223		206.375	343.1808328859
3224		206.415	337.5120629458
3225		206.455	331.41516693891
3226		206.495	325.70853364554
3227		206.535	-nan
3228		206.575	-nan
3229		206.615	-nan
3230		206.655	-nan
3231		206.695	-nan
3232		206.735	-nan
3233		206.775	-nan
3234		206.815	-nan
3235		206.855	-nan
3236		206.895	-nan
3237		206.935	218.2688227984
3238		206.975	215.19680148583
3239		207.015	214.08818773324
3240		207.055	215.20560247465
3241		207.095	215.69191959192
3242		207.135	215.94318557929
3243		207.175	216.33187254538
3244		207.215	216.15076034536
3245		207.255	216.01619897138
3246		207.295	216.01009431978
3247		207.335	215.99924900532
3248		207.375	-nan
3249		207.415	215.56597012388
3250		207.455	215.18830448396
3251		207.495	214.91528353143
3252		207.535	214.77186664319
3253		207.575	214.69878301923
3254		207.615	214.41838208399
3255		207.655	213.95259832974
3256		207.695	213.45015866279
3257		207.735	213.67391457972
3258		207.775	215.67733020995
3259		207.815	-nan
3260		207.855	-nan
3261		207.895	-nan
3262		207.935	-nan
3263		207.975	-nan
3264		208.015	-nan
3265		208.055	-nan
3266		208.095	-nan
3267		208.135	-nan
3268		208.175	-nan
3269		208.215	215.84645873217
3270		208.255	212.60912301908
3271		208.295	211.64899524772
3272		208.335	211.49071958421
3273		208.375	211.50401680076
3274		208.415	211.26815813767
3275		208.455	210.86351087098
3276		208.495	210.47773777562
3277		208.535	210.20887675347
3278		208.575	210.12864917078
3279		208.615	210.00120396534
3280		208.655	-nan
3281		208.695	209.4744879624
3282		208.735	209.1076337906
3283		208.775	208.88022410227
3284		208.815	208.77235695492
3285		208.855	208.74516550866
3286		208.895	208.59471456506
3287		208.935	208.1850360157
3288		208.975	207.66308354822
3289		209.015	207.90257614479
3290		209.055	209.90446594864
3291		209.095	-nan
3292		209.135	-nan
3293		209.175	-nan
3294		209.215	-nan
3295		209.255	-nan
3296		209.295	-nan
3297		209.335	-nan
3298		209.375	-nan
3299		209.415	-nan
3300		209.455	-nan
3301		209.495	209.47910080497
3302		209.535	206.20445963589
3303		209.575	205.26595475831
3304		209.615	205.1350746298
3305		209.655	205.16048382338
3306		209.695	204.94559961807
3307		209.735	204.57203617326
3308		209.775	204.20155165426
3309		209.815	203.97048795164
3310		209.855	203.83668064611
3311		209.895	203.70422165766
3312		209.935	-nan
3313		209.975	203.03421281201
3314		210.015	202.5679978535
3315		210.055	202.21998421532
3316		210.095	201.97844721216
3317		210.135	201.81122200359
3318		210.175	201.52757279213
3319		210.215	201.00504197148
3320		210.255	200.55800904931
3321		210.295	200.43374769129
3322		210.335	202.59814843175
3323		210.375	-nan
3324		210.415	-nan
3325		210.455	-nan
3326		210.495	-nan
3327		210.535	-nan
3328		210.575	-nan
3329		210.615	-nan
3330		210.655	-nan
3331		210.695	-nan
3332		210.735	-nan
3333		210.775	202.14254423134
3334		210.815	198.99491906275
3335		210.855	197.8557841456
3336		210.895	197.61122401629
3337		210.935	197.50379498718
3338		210.975	197.20567308024
3339		211.015	196.73570701242
3340		211.055	196.30165357929
3341		211.095	196.0151707184
3342		211.135	195.86192112419
3343		211.175	195.72049114734
3344		211.215	-nan
3345		211.255	195.01685573968
3346		211.295	194.66195681656
3347		211.335	194.29252719955
3348		211.375	194.09578170475
3349		211.415	193.96448687996
3350		211.455	193.67442854922
3351		211.495	193.14200339738
3352		211.535	192.65416509093
3353		211.575	192.68164369243
3354		211.615	194.26981245628
3355		211.655	-nan
3356		211.695	-nan
3357		211.735	-nan
3358		211.775	-nan
3359		211.815	-nan
3360		211.855	-nan
3361		211.895	-nan
3362		211.935	-nan
3363		211.975	-nan
3364		212.015	-nan
3365		212.055	193.4835642318
3366		212.095	190.59416558832
3367		212.135	189.64522581656
3368		212.175	189.44535974854
3369		212.215	189.32104015601
3370		212.255	188.9735124975
3371		212.295	188.50485018012
3372		212.335	188.03617699951
3373		212.375	187.6972944311
3374		212.415	187.38546843464
3375		212.455	187.17437269713
3376		212.495	-nan
3377		212.535	186.29619704203
3378		212.575	185.87076896988
3379		212.615	185.51603878534
3380		212.655	185.25610512243
3381		212.695	185.01823196087
3382		212.735	184.76663621253
3383		212.775	184.28071681813
3384		212.815	183.80581755199
3385		212.855	183.84903216822
3386		212.895	185.3097250047
3387		212.935	-nan
3388		212.975	-nan
3389		213.015	-nan
3390		213.055	-nan
3391		213.095	-nan
3392		213.135	-nan
3393		213.175	-nan
3394		213.215	-nan
3395		213.255	-nan
3396		213.295	-nan
3397		213.335	183.90327309216
3398		213.375	181.22433706437
3399		213.415	180.43304460289
3400		213.455	180.15616373188
3401		213.495	180.0018297163
3402		213.535	179.70977660775
3403		213.575	179.28888373159
3404		213.615	178.89662298161
3405		213.655	178.5784312585
3406		213.695	178.39299123724
3407		213.735	178.20284499629
3408		213.775	-nan
3409		213.815	177.48963352603
3410		213.855	177.0607457574
3411		213.895	176.68802607121
3412		213.935	176.45387315395
3413		213.975	176.21217310884
3414		214.015	175.86053786757
3415		214.055	175.31902677485
3416		214.095	174.80995499405
3417		214.135	174.33634709023
3418		214.175	176.06930705422
3419		214.215	-nan
3420		214.255	-nan
3421		214.295	-nan
3422		214.335	-nan
3423		214.375	-nan
3424		214.415	-nan
3425		214.455	-nan
3426		214.495	-nan
3427		214.535	-nan
3428		214.575	-nan
3429		214.615	175.13426310563
3430		214.655	172.54705686732
3431		214.695	171.57466691279
3432		214.735	171.31771961615
3433		214.775	171.16220035191
3434		214.815	170.76882833835
3435		214.855	170.29096397241
3436		214.895	169.84678141541
3437		214.935	169.50523824245
3438		214.975	169.23904724841
3439		215.015	168.99604509901
3440		215.055	-nan
3441		215.095	168.26707088269
3442		215.135	167.89976961209
3443		215.175	167.59833496295
3444		215.215	167.38466315834
3445		215.255	167.24182953905
3446		215.295	167.01630614982
3447		215.335	166.58090378981
3448		215.375	166.154458917
3449		215.415	166.21426837354
3450		215.455	167.41833574165
3451		215.495	-nan
3452		215.535	-nan
3453		215.575	-nan
3454		215.615	-nan
3455		215.655	-nan
3456		215.695	-nan
3457		215.735	-nan
3458		215.775	-nan
3459		215.815	-nan
3460		215.855	-nan
3461		215.895	166.06985532282
3462		215.935	163.68742687615
3463		215.975	162.94778522619
3464		216.015	162.75620908657
3465		216.055	162.62645740606
3466		216.095	162.39692134133
3467		216.135	162.05484463573
3468		216.175	161.69312624491
3469		216.215	161.434308404
3470		216.255	161.24435494925
3471		216.295	161.03494800516
3472		216.335	-nan
3473		216.375	160.38360937113
3474		216.415	159.99603137091
3475		216.455	159.69064278867
3476		216.495	159.44592806689
3477		216.535	159.30130258497
3478		216.575	159.05248886999
3479		216.615	158.60888117751
3480		216.655	158.12927703059
3481		216.695	158.23182517411
3482		216.735	159.27220622219
3483		216.775	-nan
3484		216.815	-nan
3485		216.855	-nan
3486		216.895	-nan
3487		216.935	-nan
3488		216.975	-nan
3489		217.015	-nan
3490		217.055	-nan
3491		217.095	-nan
3492		217.135	-nan
3493		217.175	158.14530259899
3494		217.215	155.97225637356
3495		217.255	155.48366748274
3496		217.295	155.29489162028
3497		217.335	155.17639123873
3498		217.375	154.91768502275
3499		217.415	154.64159151534
3500		217.455	154.26219995522
3501		217.495	154.05606784346
3502		217.535	153.92403594459
3503		217.575	153.81484572987
3504		217.615	-nan
3505		217.655	153.36899359603
3506		217.695	153.10416053294
3507		217.735	152.92823659852
3508		217.775	152.78688577755
3509		217.815	152.70123474445
3510		217.855	152.53268569404
3511		217.895	152.19068705572
3512		217.935	151.85769968596
3513		217.975	151.48077889488
3514		218.015	153.09134896166
3515		218.055	-nan
3516		218.095	-nan
3517		218.135	-nan
3518		218.175	-nan
3519		218.215	-nan
3520		218.255	-nan
3521		218.295	-nan
3522		218.335	-nan
3523		218.375	-nan
3524		218.415	-nan
3525		218.455	152.11185295406
3526		218.495	150.10210153445
3527		218.535	149.30573698714
3528		218.575	149.26288886433
3529		218.615	149.24753429228
3530		218.655	149.04606611442
3531		218.695	148.75021613157
3532		218.735	148.47301119512
3533		218.775	148.25346444585
3534		218.815	148.10316941488
3535		218.855	147.9814294688
3536		218.895	-nan
3537		218.935	147.50211182335
3538		218.975	147.23617365999
3539		219.015	147.01418030856
3540		219.055	146.88933238394
3541		219.095	146.84476715969
3542		219.135	146.68290956838
3543		219.175	146.40027481396
3544		219.215	146.12571765795
3545		219.255	146.23899803718
3546		219.295	146.95849371761
3547		219.335	-nan
3548		219.375	-nan
3549		219.415	-nan
3550		219.455	-nan
3551		219.495	-nan
3552		219.535	-nan
3553		219.575	-nan
3554		219.615	-nan
3555		219.655	-nan
3556		219.695	-nan
3557		219.735	146.10593485772
3558		219.775	144.39090900311
3559		219.815	143.95154330564
3560		219.855	143.8649524192
3561		219.895	143.80006078463
3562		219.935	143.65618092108
3563		219.975	143.4057951775
3564		220.015	143.17979946292
3565		220.055	143.03915201086
3566		220.095	142.96890177186
3567		220.135	142.8954921288
3568		220.175	-nan
3569		220.215	142.54638164089
3570		220.255	142.33232208726
3571		220.295	142.15615179717
3572		220.335	142.06731171828
3573		220.375	141.99364498399
3574		220.415	141.83868189436
3575		220.455	141.56133144337
3576		220.495	141.15147115131
3577		220.535	141.32670258163
3578		220.575	141.87600876582
3579		220.615	-nan
3580		220.655	-nan
3581		220.695	-nan
3582		220.735	-nan
3583		220.775	-nan
3584		220.815	-nan
3585		220.855	-nan
3586		220.895	-nan
3587		220.935	-nan
3588		220.975	-nan
3589		221.015	141.12558948434
3590		221.055	139.68219049928
3591		221.095	139.39565800054
3592		221.135	139.27746932728
3593		221.175	139.23396268437
3594		221.215	139.06774599454
3595		221.255	138.78931281083
3596		221.295	138.53462253874
3597		221.335	138.34637567889
3598		221.375	138.21061752157
3599		221.415	138.1081271438
3600		221.455	-nan
3601		221.495	137.71796507332
3602		221.535	137.49046600643
3603		221.575	137.31264142702
3604		221.615	137.24836624411
3605		221.655	137.21254630587
3606		221.695	137.08949785367
3607		221.735	136.87990209725
3608		221.775	136.62687929857
3609		221.815	136.24884557566
3610		221.855	137.55421372169
3611		221.895	-nan
3612		221.935	-nan
3613		221.975	-nan
3614		222.015	-nan
3615		222.055	-nan
3616		222.095	-nan
3617		222.135	-nan
3618		222.175	-nan
3619		222.215	-nan
3620		222.255	-nan
3621		222.295	136.74550787438
3622		222.335	135.28800477711
3623		222.375	134.51212491545
3624		222.415	134.5784074917
3625		222.455	134.53815106254
3626		222.495	134.39228466712
3627		222.535	134.1627303023
3628		222.575	133.92017752194
3629		222.615	133.7908887386
3630		222.655	133.70568684872
3631		222.695	133.57376860567
3632		222.735	-nan
3633		222.775	133.16809040354
3634		222.815	132.92297815988
3635		222.855	132.73624035389
3636		222.895	132.56572952688
3637		222.935	132.39285066123
3638		222.975	132.18779959602
3639		223.015	130.32797418903
3640		223.055	129.17033568691
3641		223.095	128.56474932278
3642		223.135	129.29200247891
3643		223.175	-nan
3644		223.215	-nan
3645		223.255	-nan
3646		223.295	-nan
3647		223.335	-nan
3648		223.375	-nan
3649		223.415	-nan
3650		223.455	-nan
3651		223.495	-nan
3652		223.535	-nan
3653		223.575	90.662287115413
3654		223.615	91.336922839414
3655		223.655	90.995976012764
3656		223.695	90.962503551494
3657		223.735	91.372717405707
3658		223.775	91.461103001679
3659		223.815	91.413460802158
3660		223.855	91.427912406166
3661		223.895	91.314143678668
3662		223.935	91.281375126731
3663		223.975	91.225882636886
3664		224.015	-nan
3665		224.055	90.977359841971
3666		224.095	90.815725268673
3667		224.135	90.713735939705
3668		224.175	90.650797944331
3669		224.215	90.620485304655
3670		224.255	90.542640631257
3671		224.295	90.260679910363
3672		224.335	89.836604872963
3673		224.375	89.981868502128
3674		224.415	91.108871883761
3675		224.455	-nan
3676		224.495	-nan
3677		224.535	-nan
3678		224.575	-nan
3679		224.615	-nan
3680		224.655	-nan
3681		224.695	-nan
3682		224.735	-nan
3683		224.775	-nan
3684		224.815	-nan
3685		224.855	91.296631919237
3686		224.895	89.660765596782
3687		224.935	89.348832910913
3688		224.975	89.310750505772
3689		225.015	89.53364812147
3690		225.055	89.182535311438
3691		225.095	88.990271623758
3692		225.135	88.792934051744
3693		225.175	88.669648008972
3694		225.215	88.593074575451
3695		225.255	88.53334257415
3696		225.295	-nan
3697		225.335	88.201834321099
3698		225.375	88.017819003801
3699		225.415	87.878599210453
3700		225.455	87.799243534337
3701		225.495	87.741528724202
3702		225.535	87.586472180982
3703		225.575	87.336245951406
3704		225.615	87.162621007029
3705		225.655	86.980059639042
3706		225.695	88.039091287911
3707		225.735	-nan
3708		225.775	-nan
3709		225.815	-nan
3710		225.855	-nan
3711		225.895	-nan
3712		225.935	-nan
3713		225.975	-nan
3714		226.015	-nan
3715		226.055	-nan
3716		226.095	-nan
3717		226.135	88.300279148565
3718		226.175	86.879747415689
3719		226.215	86.326005561602
3720		226.255	86.389543904606
3721		226.295	86.357256472881
3722		226.335	86.243735837589
3723		226.375	86.053334293199
3724		226.415	85.881558789963
3725		226.455	85.766809209255
3726		226.495	85.702261843211
3727		226.535	85.659461733911
3728		226.575	-nan
3729		226.615	85.391098545683
3730		226.655	85.202170288202
3731		226.695	85.083392716254
3732		226.735	85.020173526365
3733		226.775	84.946732141505
3734		226.815	84.699855221419
3735		226.855	84.391697224841
3736		226.895	84.236956193602
3737		226.935	84.312001781436
3738		226.975	84.965655951901
3739		227.015	-nan
3740		227.055	-nan
3741		227.095	-nan
3742		227.135	-nan
3743		227.175	-nan
3744		227.215	-nan
3745		227.255	-nan
3746		227.295	-nan
3747		227.335	-nan
3748		227.375	-nan
3749		227.415	85.309008462969
3750		227.455	84.026956219879
3751		227.495	83.594162382609
3752		227.535	83.540874756674
3753		227.575	83.537757096615
3754		227.615	83.425692443553
3755		227.655	83.233866582035
3756		227.695	83.035981505531
3757		227.735	82.916645908461
3758		227.775	82.842401569614
3759		227.815	82.752668662408
3760		227.855	-nan
3761		227.895	82.45967044979
3762		227.935	82.285367866382
3763		227.975	82.166839551507
3764		228.015	82.074810360727
3765		228.055	81.989990203591
3766		228.095	81.922235668935
3767		228.135	81.581589047757
3768		228.175	81.228785726064
3769		228.215	81.303441118912
3770		228.255	82.200501364889
3771		228.295	-nan
3772		228.335	-nan
3773		228.375	-nan
3774		228.415	-nan
3775		228.455	-nan
3776		228.495	-nan
3777		228.535	-nan
3778		228.575	-nan
3779		228.615	-nan
3780		228.655	-nan
3781		228.695	82.342849658033
3782		228.735	80.964290318439
3783		228.775	80.811301265807
3784		228.815	80.73268009829
3785		228.855	80.740464537449
3786		228.895	80.651312913784
3787		228.935	80.495643085885
3788		228.975	80.338564415827
3789		229.015	80.247028709188
3790		229.055	80.190805876012
3791		229.095	80.17023679631
3792		229.135	-nan
3793		229.175	79.866095222599
3794		229.215	79.722452937343
3795		229.255	79.594578103139
3796		229.295	79.468495079129
3797		229.335	79.386970861035
3798		229.375	79.199002448615
3799		229.415	78.989938954124
3800		229.455	78.760480201496
3801		229.495	78.58249564442
3802		229.535	79.407355921213
3803		229.575	-nan
3804		229.615	-nan
3805		229.655	-nan
3806		229.695	-nan
3807		229.735	-nan
3808		229.775	-nan
3809		229.815	-nan
3810		229.855	-nan
3811		229.895	-nan
3812		229.935	-nan
3813		229.975	79.802059677546
3814		230.015	78.631357568095
3815		230.055	78.072649600204
3816		230.095	78.279862073894
3817		230.135	78.250815903482
3818		230.175	78.155480732287
3819		230.215	77.98999199841
3820		230.255	77.852487548029
3821		230.295	77.778037894469
3822		230.335	77.692525533488
3823		230.375	77.644519856302
3824		230.415	-nan
3825		230.455	77.415009411937
3826		230.495	77.295079759871
3827		230.535	77.210870645645
3828		230.575	77.166231559135
3829		230.615	77.15552379082
3830		230.655	77.082493540233
3831		230.695	76.877484531598
3832		230.735	76.741888482798
3833		230.775	76.845408040855
3834		230.815	77.485105934265
3835		230.855	-nan
3836		230.895	-nan
3837		230.935	-nan
3838		230.975	-nan
3839		231.015	-nan
