0				72.335	-nan
1				72.375	-nan
2				72.415	-nan
3				72.455	-nan
4				72.495	-nan
5				72.535	191.6039489099
6				72.575	192.09851316819
7				72.615	193.50815338583
8				72.655	194.98239243962
9				72.695	195.86327414381
10			72.735	197.75313285639
11			72.775	199.00094647456
12			72.815	200.07921072209
13			72.855	201.85778994007
14			72.895	203.55227590874
15			72.935	205.18480938595
16			72.975	-nan
17			73.015	208.47430309115
18			73.055	209.97573485095
19			73.095	211.66076861915
20			73.135	213.22596472958
21			73.175	214.59122548568
22			73.215	215.69222360004
23			73.255	216.52485842505
24			73.295	218.0201192274
25			73.335	218.93957298892
26			73.375	220.15238073959
27			73.415	-nan
28			73.455	-nan
29			73.495	-nan
30			73.535	-nan
31			73.575	-nan
32			73.615	-nan
33			73.655	-nan
34			73.695	-nan
35			73.735	-nan
36			73.775	-nan
37			73.815	240.01767570106
38			73.855	240.56283377343
39			73.895	243.3643911494
40			73.935	245.44142891619
41			73.975	247.41879132805
42			74.015	249.1852892733
43			74.055	251.10394550737
44			74.095	252.91513191589
45			74.135	254.79516887597
46			74.175	256.78596894867
47			74.215	258.93764508887
48			74.255	-nan
49			74.295	263.18485184947
50			74.335	265.13096189527
51			74.375	267.12907207827
52			74.415	269.37728065293
53			74.455	271.59521948619
54			74.495	273.87745917416
55			74.535	276.17899110905
56			74.575	277.44677182501
57			74.615	280.3450239857
58			74.655	282.60538071224
59			74.695	-nan
60			74.735	-nan
61			74.775	-nan
62			74.815	-nan
63			74.855	-nan
64			74.895	-nan
65			74.935	-nan
66			74.975	-nan
67			75.015	-nan
68			75.055	-nan
69			75.095	306.9205847359
70			75.135	310.03478064838
71			75.175	312.99261803188
72			75.215	313.43159201828
73			75.255	318.4081554219
74			75.295	321.4066803367
75			75.335	322.62217514015
76			75.375	326.89470084336
77			75.415	329.65579454155
78			75.455	332.25662806649
79			75.495	335.5603339101
80			75.535	-nan
81			75.575	341.607639884
82			75.615	344.27976121293
83			75.655	346.59797548061
84			75.695	349.91930421686
85			75.735	352.67546094037
86			75.775	354.55792827357
87			75.815	358.07534657475
88			75.855	360.37684575538
89			75.895	361.21240276631
90			75.935	366.51083381765
91			75.975	-nan
92			76.015	-nan
93			76.055	-nan
94			76.095	-nan
95			76.135	-nan
96			76.175	-nan
97			76.215	-nan
98			76.255	-nan
99			76.295	-nan
100			76.335	-nan
101			76.375	399.89061366224
102			76.415	399.46762770049
103			76.455	403.99310320851
104			76.495	407.49705536721
105			76.535	409.23153676565
106			76.575	413.24994789671
107			76.615	416.22728586611
108			76.655	417.33947375647
109			76.695	421.92758774911
110			76.735	424.91605864265
111			76.775	427.19564384007
112			76.815	-nan
113			76.855	434.67353150909
114			76.895	437.64084385317
115			76.935	440.6849463531
116			76.975	443.82065904272
117			77.015	447.09897402029
118			77.055	450.14386016272
119			77.095	450.24913542327
120			77.135	454.73233822132
121			77.175	456.74525852603
122			77.215	457.1863925091
123			77.255	-nan
124			77.295	-nan
125			77.335	-nan
126			77.375	-nan
127			77.415	-nan
128			77.455	-nan
129			77.495	-nan
130			77.535	-nan
131			77.575	-nan
132			77.615	-nan
133			77.655	488.31828636475
134			77.695	489.75260291553
135			77.735	488.50703739966
136			77.775	494.67523838783
137			77.815	497.27506176584
138			77.855	499.25763242412
139			77.895	501.89282489329
140			77.935	503.64247111803
141			77.975	506.27478415358
142			78.015	508.34011652231
143			78.055	509.79125183453
144			78.095	-nan
145			78.135	514.57179329703
146			78.175	515.97074680421
147			78.215	516.49999889215
148			78.255	519.27955109118
149			78.295	521.20469620137
150			78.335	521.19197853779
151			78.375	523.88406557768
152			78.415	525.79982492529
153			78.455	526.86221538509
154			78.495	529.00900437063
155			78.535	-nan
156			78.575	-nan
157			78.615	-nan
158			78.655	-nan
159			78.695	-nan
160			78.735	-nan
161			78.775	-nan
162			78.815	-nan
163			78.855	-nan
164			78.895	-nan
165			78.935	544.81858960607
166			78.975	545.14093630381
167			79.015	545.00333380975
168			79.055	545.17523502489
169			79.095	546.42813839626
170			79.135	547.04023058972
171			79.175	547.67511622552
172			79.215	548.48165801302
173			79.255	549.48146658068
174			79.295	550.4832688435
175			79.335	551.65783177016
176			79.375	-nan
177			79.415	553.51222125242
178			79.455	554.17009451295
179			79.495	554.56708890723
180			79.535	555.50405121711
181			79.575	556.14141075369
182			79.615	556.44188559677
183			79.655	556.39729974546
184			79.695	556.25891655105
185			79.735	556.48272147555
186			79.775	558.1870589622
187			79.815	-nan
188			79.855	-nan
189			79.895	-nan
190			79.935	-nan
191			79.975	-nan
192			80.015	-nan
193			80.055	-nan
194			80.095	-nan
195			80.135	-nan
196			80.175	-nan
197			80.215	561.56452670429
198			80.255	559.3259717167
199			80.295	558.75747124252
200			80.335	558.88535159975
201			80.375	558.89255298705
202			80.415	558.71566327016
203			80.455	558.31165466616
204			80.495	557.77343185987
205			80.535	557.21420510208
206			80.575	556.8325037877
207			80.615	556.43212481503
208			80.655	-nan
209			80.695	555.25020192423
210			80.735	554.79379460763
211			80.775	554.81467151019
212			80.815	554.8979973811
213			80.855	555.15910127139
214			80.895	555.28349382839
215			80.935	555.20528577938
216			80.975	554.89147725831
217			81.015	555.55915111015
218			81.055	557.4794420678
219			81.095	-nan
220			81.135	-nan
221			81.175	-nan
222			81.215	-nan
223			81.255	-nan
224			81.295	-nan
225			81.335	-nan
226			81.375	-nan
227			81.415	-nan
228			81.455	-nan
229			81.495	554.02727971097
230			81.535	550.67204926865
231			81.575	549.96067534675
232			81.615	550.61968311917
233			81.655	550.98644820999
234			81.695	551.51754929789
235			81.735	551.80908314616
236			81.775	552.12758765347
237			81.815	552.20594724606
238			81.855	552.38523423586
239			81.895	552.51458940771
240			81.935	-nan
241			81.975	552.2822703456
242			82.015	551.56899412403
243			82.055	551.63686691423
244			82.095	551.38021904046
245			82.135	550.80364233644
246			82.175	550.4012533911
247			82.215	549.45347074316
248			82.255	548.98653783093
249			82.295	547.74811212098
250			82.335	550.64687930825
251			82.375	-nan
252			82.415	-nan
253			82.455	-nan
254			82.495	-nan
255			82.535	-nan
256			82.575	-nan
257			82.615	-nan
258			82.655	-nan
259			82.695	-nan
260			82.735	-nan
261			82.775	556.04808243093
262			82.815	554.10159407903
263			82.855	553.01315753418
264			82.895	553.17084249941
265			82.935	552.9141382574
266			82.975	553.09666153166
267			83.015	553.03120473268
268			83.055	553.205479399
269			83.095	553.53406170692
270			83.135	553.64157494292
271			83.175	554.55119287203
272			83.215	-nan
273			83.255	555.05582005859
274			83.295	556.77671983941
275			83.335	557.61875304497
276			83.375	558.55695986581
277			83.415	559.450449635
278			83.455	560.27360581652
279			83.495	560.48514792681
280			83.535	561.19110375069
281			83.575	562.19718031761
282			83.615	564.39140751446
283			83.655	-nan
284			83.695	-nan
285			83.735	-nan
286			83.775	-nan
287			83.815	-nan
288			83.855	-nan
289			83.895	-nan
290			83.935	-nan
291			83.975	-nan
292			84.015	-nan
293			84.055	570.44671319604
294			84.095	568.1378636609
295			84.135	569.95418344475
296			84.175	571.20308456858
297			84.215	572.59485815695
298			84.255	573.78442031896
299			84.295	574.76504776935
300			84.335	575.58157068766
301			84.375	576.3033974519
302			84.415	577.00135020202
303			84.455	577.66567800172
304			84.495	-nan
305			84.535	578.8715013374
306			84.575	579.4252922996
307			84.615	580.0531272543
308			84.655	580.98179467781
309			84.695	581.94449793118
310			84.735	583.09607964561
311			84.775	584.05489518245
312			84.815	584.82328986616
313			84.855	586.87491280293
314			84.895	590.35965196727
315			84.935	-nan
316			84.975	-nan
317			85.015	-nan
318			85.055	-nan
319			85.095	-nan
320			85.135	-nan
321			85.175	-nan
322			85.215	-nan
323			85.255	-nan
324			85.295	-nan
325			85.335	602.86111478496
326			85.375	601.12939773849
327			85.415	600.46346545165
328			85.455	602.20177785393
329			85.495	603.3579292874
330			85.535	603.82557187111
331			85.575	606.22862488964
332			85.615	607.53906900158
333			85.655	608.78710401377
334			85.695	610.81263091394
335			85.735	612.69420783341
336			85.775	-nan
337			85.815	616.4982182287
338			85.855	617.99505985789
339			85.895	619.58599716598
340			85.935	620.9952311852
341			85.975	622.20204676794
342			86.015	623.26628662302
343			86.055	623.87824274833
344			86.095	624.49137413971
345			86.135	625.17439380359
346			86.175	628.80944723796
347			86.215	-nan
348			86.255	-nan
349			86.295	-nan
350			86.335	-nan
351			86.375	-nan
352			86.415	-nan
353			86.455	-nan
354			86.495	-nan
355			86.535	-nan
356			86.575	-nan
357			86.615	644.29814296782
358			86.655	642.84967467249
359			86.695	643.66281061909
360			86.735	645.13849318093
361			86.775	646.48524667324
362			86.815	647.4213282471
363			86.855	648.13780008177
364			86.895	648.6505076603
365			86.935	649.2043501221
366			86.975	649.71481506988
367			87.015	650.39073914874
368			87.055	-nan
369			87.095	652.63648777986
370			87.135	653.88062219764
371			87.175	655.02511778958
372			87.215	656.59660931381
373			87.255	658.22925165709
374			87.295	659.91411166533
375			87.335	661.52879020298
376			87.375	662.72903904217
377			87.415	662.80192366296
378			87.455	665.63058077157
379			87.495	-nan
380			87.535	-nan
381			87.575	-nan
382			87.615	-nan
383			87.655	-nan
384			87.695	-nan
385			87.735	-nan
386			87.775	-nan
387			87.815	-nan
388			87.855	-nan
389			87.895	672.5605725569
390			87.935	669.22197942116
391			87.975	668.57543452556
392			88.015	672.25716265436
393			88.055	673.32897988824
394			88.095	675.51350766391
395			88.135	676.90361728353
396			88.175	678.25959249064
397			88.215	679.5952043903
398			88.255	680.69514894147
399			88.295	681.68516238747
400			88.335	-nan
401			88.375	682.67456803674
402			88.415	682.77321768983
403			88.455	682.6412588371
404			88.495	684.01794499435
405			88.535	682.70888638374
406			88.575	682.40521518704
407			88.615	682.01369477089
408			88.655	679.81484733675
409			88.695	681.13403151666
410			88.735	680.95427051384
411			88.775	-nan
412			88.815	-nan
413			88.855	-nan
414			88.895	-nan
415			88.935	-nan
416			88.975	-nan
417			89.015	-nan
418			89.055	-nan
419			89.095	-nan
420			89.135	-nan
421			89.175	684.69690837692
422			89.215	683.096417444
423			89.255	685.72169983742
424			89.295	685.60140640389
425			89.335	684.99042146501
426			89.375	684.3878215198
427			89.415	683.40133760197
428			89.455	682.7143276964
429			89.495	682.33397272332
430			89.535	682.28882266727
431			89.575	682.47843657987
432			89.615	-nan
433			89.655	682.84828369102
434			89.695	683.16469021149
435			89.735	683.33501518252
436			89.775	683.68749024422
437			89.815	684.0602818444
438			89.855	684.16377053577
439			89.895	683.69722666764
440			89.935	683.14680131494
441			89.975	681.99033158257
442			90.015	682.29979658402
443			90.055	-nan
444			90.095	-nan
445			90.135	-nan
446			90.175	-nan
447			90.215	-nan
448			90.255	-nan
449			90.295	-nan
450			90.335	-nan
451			90.375	-nan
452			90.415	-nan
453			90.455	675.93010815176
454			90.495	673.73343304559
455			90.535	673.00246280918
456			90.575	673.62805942069
457			90.615	673.70271019703
458			90.655	673.26604614093
459			90.695	672.24503120048
460			90.735	671.16403377455
461			90.775	670.05970251013
462			90.815	669.02659256052
463			90.855	667.8765237239
464			90.895	-nan
465			90.935	664.74108927468
466			90.975	662.76758576019
467			91.015	661.55618367693
468			91.055	660.6022791408
469			91.095	659.22165728663
470			91.135	658.24696502827
471			91.175	657.61501010051
472			91.215	657.39428085196
473			91.255	656.80729058229
474			91.295	654.43362791107
475			91.335	-nan
476			91.375	-nan
477			91.415	-nan
478			91.455	-nan
479			91.495	-nan
480			91.535	-nan
481			91.575	-nan
482			91.615	-nan
483			91.655	-nan
484			91.695	-nan
485			91.735	646.41320719678
486			91.775	645.74686489388
487			91.815	644.06375759415
488			91.855	642.05948473362
489			91.895	644.83663364649
490			91.935	641.66735424288
491			91.975	641.38292464283
492			92.015	640.9776630412
493			92.055	641.53288322217
494			92.095	643.17434697324
495			92.135	641.98424104095
496			92.175	-nan
497			92.215	640.16641741358
498			92.255	639.19739155421
499			92.295	638.56932875639
500			92.335	637.70305361273
501			92.375	636.84939881837
502			92.415	635.79428443844
503			92.455	634.29529751199
504			92.495	632.75098926664
505			92.535	629.59186784968
506			92.575	629.92953090635
507			92.615	-nan
508			92.655	-nan
509			92.695	-nan
510			92.735	-nan
511			92.775	-nan
512			92.815	-nan
513			92.855	-nan
514			92.895	-nan
515			92.935	-nan
516			92.975	-nan
517			93.015	628.30585388169
518			93.055	625.98415153746
519			93.095	625.49353124545
520			93.135	624.92262727777
521			93.175	624.14801093642
522			93.215	623.16345182905
523			93.255	621.82733589782
524			93.295	621.49124006177
525			93.335	619.28303611358
526			93.375	617.98370403063
527			93.415	617.30576797042
528			93.455	-nan
529			93.495	615.09463305512
530			93.535	614.56339953655
531			93.575	614.29062721584
532			93.615	614.8099484425
533			93.655	617.09922872871
534			93.695	620.14354487578
535			93.735	618.67497572324
536			93.775	616.01574698752
537			93.815	614.17273255297
538			93.855	615.10249591984
539			93.895	-nan
540			93.935	-nan
541			93.975	-nan
542			94.015	-nan
543			94.055	-nan
544			94.095	-nan
545			94.135	-nan
546			94.175	-nan
547			94.215	-nan
548			94.255	-nan
549			94.295	608.9664564473
550			94.335	605.11134144314
551			94.375	603.87946662224
552			94.415	607.40317668641
553			94.455	609.56510196994
554			94.495	615.12243002681
555			94.535	611.93301536324
556			94.575	610.22911254931
557			94.615	610.71344523033
558			94.655	611.0327428434
559			94.695	611.14982873047
560			94.735	-nan
561			94.775	610.46143622507
562			94.815	610.01572851164
563			94.855	609.14379264409
564			94.895	606.39436191839
565			94.935	610.06812132032
566			94.975	607.15456721484
567			95.015	605.52150435085
568			95.055	603.66672654806
569			95.095	602.76672996632
570			95.135	603.38824550032
571			95.175	-nan
572			95.215	-nan
573			95.255	-nan
574			95.295	-nan
575			95.335	-nan
576			95.375	-nan
577			95.415	-nan
578			95.455	-nan
579			95.495	-nan
580			95.535	-nan
581			95.575	611.63358014189
582			95.615	611.27112881065
583			95.655	613.12796396356
584			95.695	614.04382440743
585			95.735	612.29210279575
586			95.775	611.39138714404
587			95.815	610.72600672998
588			95.855	610.5674201838
589			95.895	610.04941371888
590			95.935	611.11964852854
591			95.975	612.40692349567
592			96.015	-nan
593			96.055	616.59265412405
594			96.095	620.40726910274
595			96.135	619.4900216836
596			96.175	618.49496976891
597			96.215	619.62527565383
598			96.255	620.50565221274
599			96.295	621.66685738978
600			96.335	620.39298531606
601			96.375	620.58466216491
602			96.415	622.30651056803
603			96.455	-nan
604			96.495	-nan
605			96.535	-nan
606			96.575	-nan
607			96.615	-nan
608			96.655	-nan
609			96.695	-nan
610			96.735	-nan
611			96.775	-nan
612			96.815	-nan
613			96.855	628.62130651825
614			96.895	633.46855363756
615			96.935	630.03337505831
616			96.975	628.968916298
617			97.015	630.70620071597
618			97.055	631.76815579202
619			97.095	632.74929321991
620			97.135	632.75490046571
621			97.175	633.00668276627
622			97.215	633.25130976559
623			97.255	633.19509847304
624			97.295	-nan
625			97.335	632.73684566232
626			97.375	632.49224007355
627			97.415	632.51069643924
628			97.455	633.14803159546
629			97.495	633.9405547684
630			97.535	634.56510825321
631			97.575	636.05062927933
632			97.615	636.70799368138
633			97.655	633.62823616492
634			97.695	642.87425540022
635			97.735	-nan
636			97.775	-nan
637			97.815	-nan
638			97.855	-nan
639			97.895	-nan
640			97.935	-nan
641			97.975	-nan
642			98.015	-nan
643			98.055	-nan
644			98.095	-nan
645			98.135	652.55918113873
646			98.175	646.39665480971
647			98.215	645.94784892594
648			98.255	644.53512872242
649			98.295	645.53730987451
650			98.335	646.10202005531
651			98.375	647.80616131198
652			98.415	649.46279346143
653			98.455	651.04678150194
654			98.495	653.95712803108
655			98.535	654.62773549526
656			98.575	-nan
657			98.615	656.36450517466
658			98.655	656.85384196982
659			98.695	658.02069522613
660			98.735	658.43675803866
661			98.775	658.62982748324
662			98.815	658.32679036451
663			98.855	658.68700960297
664			98.895	647.47073516076
665			98.935	657.51292725237
666			98.975	654.66206242839
667			99.015	-nan
668			99.055	-nan
669			99.095	-nan
670			99.135	-nan
671			99.175	-nan
672			99.215	-nan
673			99.255	-nan
674			99.295	-nan
675			99.335	-nan
676			99.375	-nan
677			99.415	663.65295512095
678			99.455	663.5635228902
679			99.495	665.4082242533
680			99.535	666.16256341561
681			99.575	666.18198851683
682			99.615	665.82311727261
683			99.655	667.93540716858
684			99.695	659.08499519392
685			99.735	670.03654490612
686			99.775	662.76146591736
687			99.815	661.90140200736
688			99.855	-nan
689			99.895	663.78887636149
690			99.935	661.98835353306
691			99.975	662.85650234525
692			100.015	663.86629834126
693			100.055	664.93587216471
694			100.095	667.73712382927
695			100.135	666.53117985816
696			100.175	664.67958661282
697			100.215	662.2619345884
698			100.255	663.80346264813
699			100.295	-nan
700			100.335	-nan
701			100.375	-nan
702			100.415	-nan
703			100.455	-nan
704			100.495	-nan
705			100.535	-nan
706			100.575	-nan
707			100.615	-nan
708			100.655	-nan
709			100.695	659.10988027528
710			100.735	659.15188795762
711			100.775	660.20291215915
712			100.815	660.69760388363
713			100.855	661.49712979649
714			100.895	663.92178645693
715			100.935	663.92628141638
716			100.975	663.8480998081
717			101.015	663.82457060393
718			101.055	663.90439588722
719			101.095	664.49491733673
720			101.135	-nan
721			101.175	661.83424856575
722			101.215	660.59667649038
723			101.255	659.42458303474
724			101.295	628.12331826688
725			101.335	654.07855569818
726			101.375	653.82544828771
727			101.415	652.27230473919
728			101.455	650.60094995734
729			101.495	650.77976923235
730			101.535	648.64024615371
731			101.575	-nan
732			101.615	-nan
733			101.655	-nan
734			101.695	-nan
735			101.735	-nan
736			101.775	-nan
737			101.815	-nan
738			101.855	-nan
739			101.895	-nan
740			101.935	-nan
741			101.975	647.16724526659
742			102.015	644.54462076807
743			102.055	646.20961693255
744			102.095	647.81450719908
745			102.135	647.05939576076
746			102.175	645.74140552012
747			102.215	644.54660894217
748			102.255	643.55991078796
749			102.295	642.53296302209
750			102.335	642.02856776085
751			102.375	641.75323905774
752			102.415	-nan
753			102.455	640.56872064092
754			102.495	641.22219574097
755			102.535	641.03359930763
756			102.575	640.94230182992
757			102.615	640.7628262068
758			102.655	640.2965367871
759			102.695	639.54387857945
760			102.735	638.36794157866
761			102.775	637.83744476456
762			102.815	638.67644193988
763			102.855	-nan
764			102.895	-nan
765			102.935	-nan
766			102.975	-nan
767			103.015	-nan
768			103.055	-nan
769			103.095	-nan
770			103.135	-nan
771			103.175	-nan
772			103.215	-nan
773			103.255	634.20970480767
774			103.295	631.55777963764
775			103.335	630.82186305258
776			103.375	630.87585435049
777			103.415	630.92413625391
778			103.455	630.56784300714
779			103.495	629.86222417753
780			103.535	628.51378247635
781			103.575	627.24332234992
782			103.615	625.98022058759
783			103.655	624.5795433683
784			103.695	-nan
785			103.735	620.94439458275
786			103.775	619.52960126301
787			103.815	617.76193862562
788			103.855	615.3797213017
789			103.895	615.15880392983
790			103.935	615.03505053829
791			103.975	614.14009363631
792			104.015	614.02847499215
793			104.055	614.01755296194
794			104.095	614.80881401323
795			104.135	-nan
796			104.175	-nan
797			104.215	-nan
798			104.255	-nan
799			104.295	-nan
800			104.335	-nan
801			104.375	-nan
802			104.415	-nan
803			104.455	-nan
804			104.495	-nan
805			104.535	607.87743887883
806			104.575	604.01417849198
807			104.615	606.12316467586
808			104.655	604.58212821392
809			104.695	606.0509838184
810			104.735	606.42674011227
811			104.775	606.1544565462
812			104.815	606.9647897183
813			104.855	606.98440709763
814			104.895	607.43081701944
815			104.935	607.70462483339
816			104.975	-nan
817			105.015	608.0017212624
818			105.055	607.69112700704
819			105.095	607.35739499981
820			105.135	606.68772027793
821			105.175	605.33986112174
822			105.215	604.1790510919
823			105.255	602.52407316966
824			105.295	599.80934005918
825			105.335	595.51583349315
826			105.375	597.11846631089
827			105.415	-nan
828			105.455	-nan
829			105.495	-nan
830			105.535	-nan
831			105.575	-nan
832			105.615	-nan
833			105.655	-nan
834			105.695	-nan
835			105.735	-nan
836			105.775	-nan
837			105.815	605.22783170081
838			105.855	604.11339113449
839			105.895	603.35651249701
840			105.935	603.65671749753
841			105.975	603.44687844983
842			106.015	602.86947350643
843			106.055	601.92075985734
844			106.095	602.00535842486
845			106.135	599.80701299002
846			106.175	598.85501075296
847			106.215	598.95139539214
848			106.255	-nan
849			106.295	598.22566167851
850			106.335	598.65790486774
851			106.375	598.83398232203
852			106.415	599.0650751552
853			106.455	600.20745812206
854			106.495	601.2279359479
855			106.535	601.73162042857
856			106.575	602.25675778198
857			106.615	601.99638335792
858			106.655	603.96850523397
859			106.695	-nan
860			106.735	-nan
861			106.775	-nan
862			106.815	-nan
863			106.855	-nan
864			106.895	-nan
865			106.935	-nan
866			106.975	-nan
867			107.015	-nan
868			107.055	-nan
869			107.095	598.06744716712
870			107.135	598.07993927035
871			107.175	598.30593831838
872			107.215	601.42610719624
873			107.255	603.51954050003
874			107.295	606.74438926781
875			107.335	607.62637008081
876			107.375	608.44693528606
877			107.415	609.1689594026
878			107.455	610.03379603307
879			107.495	610.95702530493
880			107.535	-nan
881			107.575	611.09258517079
882			107.615	610.72319444944
883			107.655	610.34307984538
884			107.695	611.20738908565
885			107.735	609.87505322824
886			107.775	609.67265677698
887			107.815	608.91334562865
888			107.855	605.40123369821
889			107.895	606.51825280335
890			107.935	608.53734036786
891			107.975	-nan
892			108.015	-nan
893			108.055	-nan
894			108.095	-nan
895			108.135	-nan
896			108.175	-nan
897			108.215	-nan
898			108.255	-nan
899			108.295	-nan
900			108.335	-nan
901			108.375	621.00700341862
902			108.415	618.79442145253
903			108.455	621.94683199984
904			108.495	621.81096218363
905			108.535	621.92303746784
906			108.575	622.42313913082
907			108.615	621.92160905577
908			108.655	622.49854070388
909			108.695	622.98320059819
910			108.735	623.98710937885
911			108.775	625.14771537603
912			108.815	-nan
913			108.855	627.4847757038
914			108.895	628.64683986766
915			108.935	629.79115489528
916			108.975	631.04896769409
917			109.015	632.36599756558
918			109.055	633.1520360534
919			109.095	634.04835306777
920			109.135	634.3329212216
921			109.175	633.7701760019
922			109.215	635.93958044331
923			109.255	-nan
924			109.295	-nan
925			109.335	-nan
926			109.375	-nan
927			109.415	-nan
928			109.455	-nan
929			109.495	-nan
930			109.535	-nan
931			109.575	-nan
932			109.615	-nan
933			109.655	643.10781627836
934			109.695	642.22872340351
935			109.735	643.23120041577
936			109.775	645.29896215234
937			109.815	646.5939334256
938			109.855	647.40649942586
939			109.895	647.8852388972
940			109.935	648.18557210435
941			109.975	648.45801890043
942			110.015	648.80616367492
943			110.055	649.00784066387
944			110.095	-nan
945			110.135	648.9084689114
946			110.175	648.67578606386
947			110.215	648.75738887476
948			110.255	649.20274907073
949			110.295	649.76696144345
950			110.335	650.72003585349
951			110.375	651.25500306392
952			110.415	651.24718266111
953			110.455	651.29159557745
954			110.495	654.4367259762
955			110.535	-nan
956			110.575	-nan
957			110.615	-nan
958			110.655	-nan
959			110.695	-nan
960			110.735	-nan
961			110.775	-nan
962			110.815	-nan
963			110.855	-nan
964			110.895	-nan
965			110.935	659.34843500335
966			110.975	656.75709649562
967			111.015	657.36779217379
968			111.055	657.64909696192
969			111.095	659.22104416667
970			111.135	660.7066833948
971			111.175	661.39653931147
972			111.215	662.26795978796
973			111.255	662.68618143682
974			111.295	664.80340884962
975			111.335	666.11471925702
976			111.375	-nan
977			111.415	667.72308379597
978			111.455	668.05959015312
979			111.495	668.3226295659
980			111.535	668.56093797753
981			111.575	668.73683413991
982			111.615	668.69257884988
983			111.655	667.97145951117
984			111.695	666.31043765897
985			111.735	665.65994683751
986			111.775	665.99028893225
987			111.815	-nan
988			111.855	-nan
989			111.895	-nan
990			111.935	-nan
991			111.975	-nan
992			112.015	-nan
993			112.055	-nan
994			112.095	-nan
995			112.135	-nan
996			112.175	-nan
997			112.215	670.4214837883
998			112.255	669.10006815144
999			112.295	671.92127769182
1000		112.335	672.13484701666
1001		112.375	672.02684638017
1002		112.415	671.48982956707
1003		112.455	670.69012750681
1004		112.495	669.91004101283
1005		112.535	669.21183164485
1006		112.575	668.66345554602
1007		112.615	668.28563185344
1008		112.655	-nan
1009		112.695	666.90248066004
1010		112.735	666.16824681464
1011		112.775	667.1606752105
1012		112.815	667.67960689315
1013		112.855	668.31178574637
1014		112.895	669.24075326927
1015		112.935	669.12425737343
1016		112.975	669.15528778398
1017		113.015	666.97334070024
1018		113.055	669.06010890763
1019		113.095	-nan
1020		113.135	-nan
1021		113.175	-nan
1022		113.215	-nan
1023		113.255	-nan
1024		113.295	-nan
1025		113.335	-nan
1026		113.375	-nan
1027		113.415	-nan
1028		113.455	-nan
1029		113.495	664.04976239842
1030		113.535	661.19292692731
1031		113.575	661.18668217556
1032		113.615	663.58806571606
1033		113.655	663.9904401945
1034		113.695	664.32792630199
1035		113.735	664.37558475784
1036		113.775	664.49821709352
1037		113.815	664.78257929765
1038		113.855	664.77662234176
1039		113.895	664.60158091457
1040		113.935	-nan
1041		113.975	662.92664949008
1042		114.015	661.87610919065
1043		114.055	660.86415668821
1044		114.095	659.92843314523
1045		114.135	658.48397540813
1046		114.175	657.95830041689
1047		114.215	655.97436256337
1048		114.255	654.10059811352
1049		114.295	654.25905781282
1050		114.335	653.37281456861
1051		114.375	-nan
1052		114.415	-nan
1053		114.455	-nan
1054		114.495	-nan
1055		114.535	-nan
1056		114.575	-nan
1057		114.615	-nan
1058		114.655	-nan
1059		114.695	-nan
1060		114.735	-nan
1061		114.775	652.97777727196
1062		114.815	649.59044420106
1063		114.855	651.27987276856
1064		114.895	650.35607588701
1065		114.935	649.54719466881
1066		114.975	648.42896380318
1067		115.015	647.58975615686
1068		115.055	646.86484659426
1069		115.095	646.35821058855
1070		115.135	646.05836083907
1071		115.175	645.79292095682
1072		115.215	-nan
1073		115.255	645.42537590167
1074		115.295	645.32907366791
1075		115.335	645.41705850523
1076		115.375	645.58417841331
1077		115.415	645.76073626368
1078		115.455	645.59730528459
1079		115.495	644.9376906688
1080		115.535	644.07067874383
1081		115.575	642.95800302126
1082		115.615	644.51188037066
1083		115.655	-nan
1084		115.695	-nan
1085		115.735	-nan
1086		115.775	-nan
1087		115.815	-nan
1088		115.855	-nan
1089		115.895	-nan
1090		115.935	-nan
1091		115.975	-nan
1092		116.015	-nan
1093		116.055	638.91787885049
1094		116.095	636.3513472962
1095		116.135	637.02104152362
1096		116.175	637.27741469692
1097		116.215	637.50524729064
1098		116.255	637.41071288909
1099		116.295	637.1331363429
1100		116.335	636.54333151775
1101		116.375	636.11614342827
1102		116.415	635.46402312292
1103		116.455	634.78346338471
1104		116.495	-nan
1105		116.535	632.81214491959
1106		116.575	631.90942779106
1107		116.615	631.27501072275
1108		116.655	630.86391228279
1109		116.695	630.50595284896
1110		116.735	630.21406170248
1111		116.775	629.92409401893
1112		116.815	629.83768675273
1113		116.855	627.62851109235
1114		116.895	630.20688798207
1115		116.935	-nan
1116		116.975	-nan
1117		117.015	-nan
1118		117.055	-nan
1119		117.095	-nan
1120		117.135	-nan
1121		117.175	-nan
1122		117.215	-nan
1123		117.255	-nan
1124		117.295	-nan
1125		117.335	628.68500294607
1126		117.375	625.90961243
1127		117.415	625.22703952642
1128		117.455	626.48016655453
1129		117.495	626.59943274459
1130		117.535	626.90935747148
1131		117.575	627.06455123634
1132		117.615	627.28438298447
1133		117.655	627.68567367571
1134		117.695	628.18185266679
1135		117.735	628.70750496349
1136		117.775	-nan
1137		117.815	629.29236902285
1138		117.855	629.36392874904
1139		117.895	629.43416061883
1140		117.935	629.48113303244
1141		117.975	629.40524881682
1142		118.015	629.00427234875
1143		118.055	628.19032650306
1144		118.095	627.36373841142
1145		118.135	626.72358946718
1146		118.175	626.51205263382
1147		118.215	-nan
1148		118.255	-nan
1149		118.295	-nan
1150		118.335	-nan
1151		118.375	-nan
1152		118.415	-nan
1153		118.455	-nan
1154		118.495	-nan
1155		118.535	-nan
1156		118.575	-nan
1157		118.615	632.84773731439
1158		118.655	630.84558386623
1159		118.695	631.45617414146
1160		118.735	631.8354901853
1161		118.775	632.22357714881
1162		118.815	632.3277267724
1163		118.855	632.24798218255
1164		118.895	631.98881634129
1165		118.935	631.90241208297
1166		118.975	631.8689410573
1167		119.015	631.97138205368
1168		119.055	-nan
1169		119.095	632.40344745513
1170		119.135	632.8665095761
1171		119.175	633.41474840195
1172		119.215	634.26950960155
1173		119.255	635.08985821744
1174		119.295	635.8658087166
1175		119.335	636.45369108179
1176		119.375	636.87776056242
1177		119.415	637.47872489291
1178		119.455	640.04470743121
1179		119.495	-nan
1180		119.535	-nan
1181		119.575	-nan
1182		119.615	-nan
1183		119.655	-nan
1184		119.695	-nan
1185		119.735	-nan
1186		119.775	-nan
1187		119.815	-nan
1188		119.855	-nan
1189		119.895	643.12841343348
1190		119.935	641.37400198996
1191		119.975	642.24185591088
1192		120.015	643.52738351278
1193		120.055	644.59111448597
1194		120.095	645.87761487694
1195		120.135	646.78437390631
1196		120.175	647.66715643356
1197		120.215	648.65850807224
1198		120.255	649.58540276404
1199		120.295	650.54118751546
1200		120.335	-nan
1201		120.375	651.82861873467
1202		120.415	652.15195644611
1203		120.455	652.50305935212
1204		120.495	652.91022681956
1205		120.535	653.28964543921
1206		120.575	653.67647760878
1207		120.615	653.6754419613
1208		120.655	654.07985800599
1209		120.695	652.71000017527
1210		120.735	655.61120818702
1211		120.775	-nan
1212		120.815	-nan
1213		120.855	-nan
1214		120.895	-nan
1215		120.935	-nan
1216		120.975	-nan
1217		121.015	-nan
1218		121.055	-nan
1219		121.095	-nan
1220		121.135	-nan
1221		121.175	665.81763506654
1222		121.215	663.88217526416
1223		121.255	665.77815109511
1224		121.295	666.96662849539
1225		121.335	667.76499110336
1226		121.375	668.31801243123
1227		121.415	668.74064611734
1228		121.455	669.25780437478
1229		121.495	669.93013133623
1230		121.535	670.81150095645
1231		121.575	671.94344873482
1232		121.615	-nan
1233		121.655	674.13915096077
1234		121.695	675.19112648908
1235		121.735	676.33742330527
1236		121.775	679.94878833802
1237		121.815	678.87436484498
1238		121.855	679.6590872302
1239		121.895	680.28450962779
1240		121.935	680.82717868915
1241		121.975	681.0649386848
1242		122.015	680.47479174122
1243		122.055	-nan
1244		122.095	-nan
1245		122.135	-nan
1246		122.175	-nan
1247		122.215	-nan
1248		122.255	-nan
1249		122.295	-nan
1250		122.335	-nan
1251		122.375	-nan
1252		122.415	-nan
1253		122.455	687.81002041688
1254		122.495	689.96380239133
1255		122.535	690.12400064837
1256		122.575	691.4977384044
1257		122.615	693.01246788073
1258		122.655	693.77325570874
1259		122.695	694.49353671059
1260		122.735	694.93528126103
1261		122.775	695.50876420261
1262		122.815	696.1455351167
1263		122.855	696.80710924577
1264		122.895	-nan
1265		122.935	697.61157322976
1266		122.975	697.8469220106
1267		123.015	698.09320772821
1268		123.055	698.66363526518
1269		123.095	699.2615162559
1270		123.135	699.85359941507
1271		123.175	700.27905614171
1272		123.215	700.80532879998
1273		123.255	699.5082501967
1274		123.295	697.62144946212
1275		123.335	-nan
1276		123.375	-nan
1277		123.415	-nan
1278		123.455	-nan
1279		123.495	-nan
1280		123.535	-nan
1281		123.575	-nan
1282		123.615	-nan
1283		123.655	-nan
1284		123.695	-nan
1285		123.735	702.93166475047
1286		123.775	705.6455783761
1287		123.815	707.52460774599
1288		123.855	708.11436459016
1289		123.895	708.76199978435
1290		123.935	709.31203935821
1291		123.975	709.62065230646
1292		124.015	710.03212339167
1293		124.055	710.53570654238
1294		124.095	711.2740920283
1295		124.135	712.23559579931
1296		124.175	-nan
1297		124.215	713.34541210666
1298		124.255	713.67089786704
1299		124.295	713.88793324962
1300		124.335	714.23347402813
1301		124.375	714.54215521619
1302		124.415	714.68396887283
1303		124.455	714.46081600691
1304		124.495	714.48268735279
1305		124.535	712.66634227148
1306		124.575	710.26604094747
1307		124.615	-nan
1308		124.655	-nan
1309		124.695	-nan
1310		124.735	-nan
1311		124.775	-nan
1312		124.815	-nan
1313		124.855	-nan
1314		124.895	-nan
1315		124.935	-nan
1316		124.975	-nan
1317		125.015	713.71389216417
1318		125.055	713.04187114517
1319		125.095	715.85725953816
1320		125.135	716.38643850245
1321		125.175	716.64481021667
1322		125.215	716.62075425297
1323		125.255	716.21993471239
1324		125.295	715.79059249383
1325		125.335	715.63186240688
1326		125.375	715.44629846556
1327		125.415	715.51353641598
1328		125.455	-nan
1329		125.495	715.09077227553
1330		125.535	714.89950594306
1331		125.575	714.78148247432
1332		125.615	714.91091707822
1333		125.655	715.22639432831
1334		125.695	716.03044146208
1335		125.735	715.10697839735
1336		125.775	714.98051086055
1337		125.815	714.58985521457
1338		125.855	710.19153113529
1339		125.895	-nan
1340		125.935	-nan
1341		125.975	-nan
1342		126.015	-nan
1343		126.055	-nan
1344		126.095	-nan
1345		126.135	-nan
1346		126.175	-nan
1347		126.215	-nan
1348		126.255	-nan
1349		126.295	707.58887684407
1350		126.335	710.54897757837
1351		126.375	710.38241406364
1352		126.415	710.55036294827
1353		126.455	710.78423333312
1354		126.495	710.75874702336
1355		126.535	710.50078734851
1356		126.575	710.24078128808
1357		126.615	710.17883223207
1358		126.655	710.89159480951
1359		126.695	712.96430453854
1360		126.735	-nan
1361		126.775	709.07799913611
1362		126.815	708.30121323775
1363		126.855	707.6520686497
1364		126.895	707.13036033032
1365		126.935	706.81168622221
1366		126.975	706.40252029372
1367		127.015	705.5892519139
1368		127.055	704.95427460756
1369		127.095	703.85770352178
1370		127.135	700.25183509309
1371		127.175	-nan
1372		127.215	-nan
1373		127.255	-nan
1374		127.295	-nan
1375		127.335	-nan
1376		127.375	-nan
1377		127.415	-nan
1378		127.455	-nan
1379		127.495	-nan
1380		127.535	-nan
1381		127.575	698.63311284949
1382		127.615	697.39507764196
1383		127.655	699.75772671607
1384		127.695	699.34767903224
1385		127.735	698.81334352824
1386		127.775	698.17741562111
1387		127.815	697.40301999915
1388		127.855	696.72245567126
1389		127.895	696.27721873736
1390		127.935	696.04489247845
1391		127.975	695.82913821502
1392		128.015	-nan
1393		128.055	695.26839592516
1394		128.095	695.85067670914
1395		128.135	694.59146325643
1396		128.175	694.34016540487
1397		128.215	694.29725115128
1398		128.255	694.12042430337
1399		128.295	693.49241779879
1400		128.335	692.98488884682
1401		128.375	692.0958958351
1402		128.415	688.31873055491
1403		128.455	-nan
1404		128.495	-nan
1405		128.535	-nan
1406		128.575	-nan
1407		128.615	-nan
1408		128.655	-nan
1409		128.695	-nan
1410		128.735	-nan
1411		128.775	-nan
1412		128.815	-nan
1413		128.855	685.89660266804
1414		128.895	686.78132868648
1415		128.935	688.04484488034
1416		128.975	687.97611166107
1417		129.015	687.96705864524
1418		129.055	687.85990046254
1419		129.095	687.34728111451
1420		129.135	686.99384383779
1421		129.175	686.72937274271
1422		129.215	686.61681146906
1423		129.255	687.69552091538
1424		129.295	-nan
1425		129.335	685.7368019077
1426		129.375	685.29011729546
1427		129.415	685.04089390624
1428		129.455	685.49952046183
1429		129.495	687.74622776222
1430		129.535	685.09305367673
1431		129.575	684.16336523741
1432		129.615	683.66142442202
1433		129.655	683.99266388792
1434		129.695	679.46063051133
1435		129.735	-nan
1436		129.775	-nan
1437		129.815	-nan
1438		129.855	-nan
1439		129.895	-nan
1440		129.935	-nan
1441		129.975	-nan
1442		130.015	-nan
1443		130.055	-nan
1444		130.095	-nan
1445		130.135	680.00284029533
1446		130.175	683.69537378041
1447		130.215	682.95990449716
1448		130.255	679.65878112319
1449		130.295	673.47212134834
1450		130.335	673.46582548874
1451		130.375	681.61683553491
1452		130.415	682.38073442166
1453		130.455	683.77502865851
1454		130.495	684.31462551413
1455		130.535	684.75623776435
1456		130.575	-nan
1457		130.615	685.14540588485
1458		130.655	685.28144796188
1459		130.695	685.51932747331
1460		130.735	685.98272741419
1461		130.775	686.37909751489
1462		130.815	686.76282438221
1463		130.855	687.40671801854
1464		130.895	688.03582245956
1465		130.935	687.14108122126
1466		130.975	683.37456236098
1467		131.015	-nan
1468		131.055	-nan
1469		131.095	-nan
1470		131.135	-nan
1471		131.175	-nan
1472		131.215	-nan
1473		131.255	-nan
1474		131.295	-nan
1475		131.335	-nan
1476		131.375	-nan
1477		131.415	688.65627011354
1478		131.455	690.03929828585
1479		131.495	691.265373569
1480		131.535	694.25632589756
1481		131.575	693.69917203609
1482		131.615	693.00560361284
1483		131.655	693.64241492769
1484		131.695	693.32430734937
1485		131.735	693.05310159396
1486		131.775	693.60996896687
1487		131.815	694.12680404287
1488		131.855	-nan
1489		131.895	695.055785176
1490		131.935	695.59629749585
1491		131.975	696.36345902467
1492		132.015	697.9601757212
1493		132.055	697.25686007794
1494		132.095	697.6835928847
1495		132.135	697.9854249897
1496		132.175	698.09065308862
1497		132.215	696.54934607207
1498		132.255	695.93197462287
1499		132.295	-nan
1500		132.335	-nan
1501		132.375	-nan
1502		132.415	-nan
1503		132.455	-nan
1504		132.495	-nan
1505		132.535	-nan
1506		132.575	-nan
1507		132.615	-nan
1508		132.655	-nan
1509		132.695	702.24678702532
1510		132.735	703.92105679511
1511		132.775	705.53767578851
1512		132.815	706.65931745834
1513		132.855	707.71949536274
1514		132.895	708.56622243339
1515		132.935	709.0973205044
1516		132.975	709.7113538787
1517		133.015	710.39390353357
1518		133.055	711.35644716524
1519		133.095	712.29947673253
1520		133.135	-nan
1521		133.175	713.69346889619
1522		133.215	714.16870521653
1523		133.255	714.66701004204
1524		133.295	715.52679427073
1525		133.335	716.51919725496
1526		133.375	717.32603872588
1527		133.415	717.98942144609
1528		133.455	718.40143015458
1529		133.495	719.73085929221
1530		133.535	720.73735120192
1531		133.575	-nan
1532		133.615	-nan
1533		133.655	-nan
1534		133.695	-nan
1535		133.735	-nan
1536		138.895	-nan
1537		138.935	-nan
1538		138.975	-nan
1539		139.015	-nan
1540		139.055	-nan
1541		139.095	764.85111324339
1542		139.135	764.07217985712
1543		139.175	763.25233801892
1544		139.215	763.47018762315
1545		139.255	764.345510214
1546		139.295	764.86865462124
1547		139.335	762.46454073235
1548		139.375	760.84768369867
1549		139.415	759.97283511986
1550		139.455	758.94572988065
1551		139.495	758.23855393135
1552		139.535	-nan
1553		139.575	756.83665297887
1554		139.615	756.03235285684
1555		139.655	755.51963295447
1556		139.695	755.4000486005
1557		139.735	755.08262444472
1558		139.775	754.85504767717
1559		139.815	754.29878876606
1560		139.855	753.00525054112
1561		139.895	753.50936355716
1562		139.935	750.19491441858
1563		139.975	-nan
1564		140.015	-nan
1565		140.055	-nan
1566		140.095	-nan
1567		140.135	-nan
1568		140.175	-nan
1569		140.215	-nan
1570		140.255	-nan
1571		140.295	-nan
1572		140.335	-nan
1573		140.375	744.05187182959
1574		140.415	745.27145996871
1575		140.455	746.53690592618
1576		140.495	746.50797863112
1577		140.535	746.81043059598
1578		140.575	746.97068175881
1579		140.615	746.73596712566
1580		140.655	747.66825746698
1581		140.695	748.27721601853
1582		140.735	746.92173846462
1583		140.775	745.78437607351
1584		140.815	-nan
1585		140.855	743.61711635911
1586		140.895	742.31909427623
1587		140.935	741.57152319926
1588		140.975	740.93093538908
1589		141.015	740.54594383996
1590		141.055	739.95215627998
1591		141.095	738.96651796863
1592		141.135	738.22717603834
1593		141.175	737.9487668616
1594		141.215	734.27413212006
1595		141.255	-nan
1596		141.295	-nan
1597		141.335	-nan
1598		141.375	-nan
1599		141.415	-nan
1600		141.455	-nan
1601		141.495	-nan
1602		141.535	-nan
1603		141.575	-nan
1604		141.615	-nan
1605		141.655	732.90476458097
1606		141.695	731.63717295371
1607		141.735	732.83506944473
1608		141.775	732.67007516277
1609		141.815	732.61928496934
1610		141.855	732.16703046911
1611		141.895	731.50478873466
1612		141.935	731.03255913749
1613		141.975	731.2454699482
1614		142.015	731.27997699285
1615		142.055	732.29575637064
1616		142.095	-nan
1617		142.135	731.60160601202
1618		142.175	730.18898845447
1619		142.215	729.71798158444
1620		142.255	729.43436827573
1621		142.295	729.44236235774
1622		142.335	729.29330515442
1623		142.375	728.85263468058
1624		142.415	728.24960496318
1625		142.455	728.28498564667
1626		142.495	724.03217445849
1627		142.535	-nan
1628		142.575	-nan
1629		142.615	-nan
1630		142.655	-nan
1631		142.695	-nan
1632		142.735	-nan
1633		142.775	-nan
1634		142.815	-nan
1635		142.855	-nan
1636		142.895	-nan
1637		142.935	723.94316251524
1638		142.975	726.74136379555
1639		143.015	725.79893980483
1640		143.055	725.99071239643
1641		143.095	726.19624592626
1642		143.135	726.34037354873
1643		143.175	726.23672548371
1644		143.215	725.95960806041
1645		143.255	725.94199191634
1646		143.295	726.19423438051
1647		143.335	727.40569211678
1648		143.375	-nan
1649		143.415	729.01284809602
1650		143.455	729.63335133239
1651		143.495	730.68351774277
1652		143.535	729.51175297625
1653		143.575	727.82970073161
1654		143.615	727.47089871346
1655		143.655	725.88545584068
1656		143.695	725.4968118735
1657		143.735	725.79759017744
1658		143.775	727.3852157271
1659		143.815	-nan
1660		143.855	-nan
1661		143.895	-nan
1662		143.935	-nan
1663		143.975	-nan
1664		144.015	-nan
1665		144.055	-nan
1666		144.095	-nan
1667		144.135	-nan
1668		144.175	-nan
1669		144.215	729.73814977764
1670		144.255	725.91311462795
1671		144.295	726.62369750356
1672		144.335	727.08706087298
1673		144.375	727.51936929019
1674		144.415	727.85052582663
1675		144.455	728.016122548
1676		144.495	728.30775013202
1677		144.535	728.80106272327
1678		144.575	729.40299576704
1679		144.615	730.16146143124
1680		144.655	-nan
1681		144.695	731.0198914832
1682		144.735	731.24650023874
1683		144.775	731.40365080422
1684		144.815	731.81334315832
1685		144.855	732.16399569712
1686		144.895	733.09913772227
1687		144.935	732.29616199389
1688		144.975	732.06937453633
1689		145.015	731.06015096856
1690		145.055	733.44866117814
1691		145.095	-nan
1692		145.135	-nan
1693		145.175	-nan
1694		145.215	-nan
1695		145.255	-nan
1696		145.295	-nan
1697		145.335	-nan
1698		145.375	-nan
1699		145.415	-nan
1700		145.455	-nan
1701		145.495	735.90495014053
1702		145.535	732.70634724748
1703		145.575	734.01655944744
1704		145.615	734.5441702678
1705		145.655	735.05890070133
1706		145.695	735.41951774959
1707		145.735	735.52201253844
1708		145.775	735.60446013798
1709		145.815	737.83587145009
1710		145.855	737.98847933254
1711		145.895	739.21582905189
1712		145.935	-nan
1713		145.975	747.53068644251
1714		146.015	738.44766347997
1715		146.055	739.1538653844
1716		146.095	739.65147537338
1717		146.135	740.62544904816
1718		146.175	741.3611043355
1719		146.215	741.66165160782
1720		146.255	742.16585536428
1721		146.295	742.04338511352
1722		146.335	745.05136641729
1723		146.375	-nan
1724		146.415	-nan
1725		146.455	-nan
1726		146.495	-nan
1727		146.535	-nan
1728		146.575	-nan
1729		146.615	-nan
1730		146.655	-nan
1731		146.695	-nan
1732		146.735	-nan
1733		146.775	754.2363279686
1734		146.815	752.38198514992
1735		146.855	752.72151119577
1736		146.895	753.90462787946
1737		146.935	755.05345895846
1738		146.975	755.84543469673
1739		147.015	756.5239667552
1740		147.055	757.22033521527
1741		147.095	758.15525309418
1742		147.135	759.08679574012
1743		147.175	759.85603511278
1744		147.215	-nan
1745		147.255	760.6593133076
1746		147.295	760.84311195716
1747		147.335	761.06750823211
1748		147.375	761.52490387592
1749		147.415	761.95543919736
1750		147.455	762.25242733404
1751		147.495	762.32959065579
1752		147.535	762.27003347115
1753		147.575	761.64230113902
1754		147.615	764.1160343827
1755		147.655	-nan
1756		147.695	-nan
1757		147.735	-nan
1758		147.775	-nan
1759		147.815	-nan
1760		147.855	-nan
1761		147.895	-nan
1762		147.935	-nan
1763		147.975	-nan
1764		148.015	-nan
1765		148.055	770.29159986766
1766		148.095	766.47708594093
1767		148.135	768.33358485319
1768		148.175	768.68734651797
1769		148.215	769.0885176864
1770		148.255	769.10994322083
1771		148.295	769.06371154373
1772		148.335	769.10692461238
1773		148.375	769.40752767066
1774		148.415	769.79245223583
1775		148.455	770.31311493386
1776		148.495	-nan
1777		148.535	771.04481677587
1778		148.575	771.4451763028
1779		148.615	771.88567168117
1780		148.655	772.46967221957
1781		148.695	773.17167124299
1782		148.735	773.6578340332
1783		148.775	773.66060801155
1784		148.815	773.48836174914
1785		148.855	772.61342004564
1786		148.895	774.74935514874
1787		148.935	-nan
1788		148.975	-nan
1789		149.015	-nan
1790		149.055	-nan
1791		149.095	-nan
1792		149.135	-nan
1793		149.175	-nan
1794		149.215	-nan
1795		149.255	-nan
1796		149.295	-nan
1797		149.335	776.05218833111
1798		149.375	772.28294717026
1799		149.415	773.8934504992
1800		149.455	774.49561860812
1801		149.495	775.00561577462
1802		149.535	775.20397440795
1803		149.575	775.08633851395
1804		149.615	774.95202486213
1805		149.655	774.72658920776
1806		149.695	774.63788294007
1807		149.735	774.56204867715
1808		149.775	-nan
1809		149.815	773.68466774081
1810		149.855	773.01343879986
1811		149.895	772.5491001883
1812		149.935	772.39114868895
1813		149.975	768.94666731228
1814		150.015	751.54666776089
1815		150.055	771.51331443053
1816		150.095	771.41105860389
1817		150.135	771.47786188397
1818		150.175	773.9877314499
1819		150.215	-nan
1820		150.255	-nan
1821		150.295	-nan
1822		150.335	-nan
1823		150.375	-nan
1824		150.415	-nan
1825		150.455	-nan
1826		150.495	-nan
1827		150.535	-nan
1828		150.575	-nan
1829		150.615	772.79290923983
1830		150.655	767.91660949283
1831		150.695	767.84473939239
1832		150.735	767.48679765468
1833		150.775	767.36423499007
1834		150.815	766.93556404217
1835		150.855	766.29035878391
1836		150.895	765.66532888097
1837		150.935	765.43442338171
1838		150.975	765.38176408607
1839		151.015	765.29088370581
1840		151.055	-nan
1841		151.095	764.63346090301
1842		151.135	764.11458894929
1843		151.175	763.68042793664
1844		151.215	763.29914861442
1845		151.255	762.95050497863
1846		151.295	762.33382269749
1847		151.335	762.20901778255
1848		151.375	760.42363508447
1849		151.415	760.01071135536
1850		151.455	759.34015413807
1851		151.495	-nan
1852		151.535	-nan
1853		151.575	-nan
1854		151.615	-nan
1855		151.655	-nan
1856		151.695	-nan
1857		151.735	-nan
1858		151.775	-nan
1859		151.815	-nan
1860		151.855	-nan
1861		151.895	755.12672543994
1862		151.935	751.02822196441
1863		151.975	752.32709804772
1864		152.015	751.94781444747
1865		152.055	751.64319709675
1866		152.095	750.86828733605
1867		152.135	749.89582968531
1868		152.175	748.71874493343
1869		152.215	747.89269303466
1870		152.255	747.17527895396
1871		152.295	746.527810779
1872		152.335	-nan
1873		152.375	744.82722627034
1874		152.415	743.93237057617
1875		152.455	743.30035542197
1876		152.495	742.84087506274
1877		152.535	742.43289887553
1878		152.575	742.03601839132
1879		152.615	741.36344317682
1880		152.655	740.63792284495
1881		152.695	740.13043987641
1882		152.735	741.17191818868
1883		152.775	-nan
1884		152.815	-nan
1885		152.855	-nan
1886		152.895	-nan
1887		152.935	-nan
1888		152.975	-nan
1889		153.015	-nan
1890		153.055	-nan
1891		153.095	-nan
1892		153.135	-nan
1893		153.175	734.35177787433
1894		153.215	730.28144023086
1895		153.255	730.4574076083
1896		153.295	730.48444509211
1897		153.335	730.44374478201
1898		153.375	730.00889529303
1899		153.415	729.38084407217
1900		153.455	728.88322842801
1901		153.495	728.49928190549
1902		153.535	728.31405404754
1903		153.575	727.84921024875
1904		153.615	-nan
1905		153.655	726.29047144547
1906		153.695	725.45706437902
1907		153.735	724.57750462806
1908		153.775	723.79906546302
1909		153.815	723.24638525201
1910		153.855	722.33673929499
1911		153.895	721.35009093986
1912		153.935	720.10097340734
1913		153.975	720.05103596486
1914		154.015	719.95160605519
1915		154.055	-nan
1916		154.095	-nan
1917		154.135	-nan
1918		154.175	-nan
1919		154.215	-nan
1920		154.255	-nan
1921		154.295	-nan
1922		154.335	-nan
1923		154.375	-nan
1924		154.415	-nan
1925		154.455	717.10300292934
1926		154.495	713.25022885786
1927		154.535	713.7461073942
1928		154.575	713.30790440626
1929		154.615	712.76425131003
1930		154.655	712.21841673458
1931		154.695	711.19309653153
1932		154.735	710.36712469742
1933		154.775	709.74945937625
1934		154.815	709.43563511973
1935		154.855	709.19084998914
1936		154.895	-nan
1937		154.935	708.45772673865
1938		154.975	707.94011420073
1939		155.015	707.66354508615
1940		155.055	707.73942033909
1941		155.095	707.6865639748
1942		155.135	707.48783645878
1943		155.175	706.8818755412
1944		155.215	706.24005208524
1945		155.255	705.63277822792
1946		155.295	707.04409517978
1947		155.335	-nan
1948		155.375	-nan
1949		155.415	-nan
1950		155.455	-nan
1951		155.495	-nan
1952		155.535	-nan
1953		155.575	-nan
1954		155.615	-nan
1955		155.655	-nan
1956		155.695	-nan
1957		155.735	703.81878760139
1958		155.775	700.79072735497
1959		155.815	701.11627305752
1960		155.855	701.38386075065
1961		155.895	701.58188902555
1962		155.935	701.59036634121
1963		155.975	701.45113457155
1964		156.015	701.19455560885
1965		156.055	701.05171887221
1966		156.095	700.87110541777
1967		156.135	700.70632023946
1968		156.175	-nan
1969		156.215	699.80058791243
1970		156.255	699.12398993545
1971		156.295	698.63937972128
1972		156.335	698.43183615519
1973		156.375	698.3075762523
1974		156.415	698.05201652137
1975		156.455	697.78640050365
1976		156.495	697.5781281918
1977		156.535	697.22294741459
1978		156.575	699.01376775649
1979		156.615	-nan
1980		156.655	-nan
1981		156.695	-nan
1982		156.735	-nan
1983		156.775	-nan
1984		156.815	-nan
1985		156.855	-nan
1986		156.895	-nan
1987		156.935	-nan
1988		156.975	-nan
1989		157.015	699.81466005445
1990		157.055	696.71689003548
1991		157.095	696.37964952286
1992		157.135	697.07608756389
1993		157.175	697.24615400356
1994		157.215	697.33324408277
1995		157.255	697.02915251602
1996		157.295	697.00326572273
1997		157.335	697.19111922052
1998		157.375	697.65577731262
1999		157.415	698.10792316968
2000		157.455	-nan
2001		157.495	698.76058998938
2002		157.535	698.8950371311
2003		157.575	699.0648140318
2004		157.615	699.38494836847
2005		157.655	699.65875515155
2006		157.695	699.75490217243
2007		157.735	699.45188217753
2008		157.775	699.11088823425
2009		157.815	699.203414175
2010		157.855	696.83849113718
2011		157.895	-nan
2012		157.935	-nan
2013		157.975	-nan
2014		158.015	-nan
2015		158.055	-nan
2016		158.095	-nan
2017		158.135	-nan
2018		158.175	-nan
2019		158.215	-nan
2020		158.255	-nan
2021		158.295	699.94391750988
2022		158.335	701.05947441818
2023		158.375	701.32713089958
2024		158.415	701.66765219908
2025		158.455	702.13818052882
2026		158.495	702.35967386212
2027		158.535	702.24258302992
2028		158.575	702.09161862524
2029		158.615	702.07184174681
2030		158.655	702.17670837264
2031		158.695	702.34508764965
2032		158.735	-nan
2033		158.775	702.1574815344
2034		158.815	702.20563629719
2035		158.855	702.1858684294
2036		158.895	702.56111118467
2037		158.935	703.21721043446
2038		158.975	703.65371089617
2039		159.015	703.81638675018
2040		159.055	704.04118091358
2041		159.095	704.33566339733
2042		159.135	702.53246362958
2043		159.175	-nan
2044		159.215	-nan
2045		159.255	-nan
2046		159.295	-nan
2047		159.335	-nan
2048		159.375	-nan
2049		159.415	-nan
2050		159.455	-nan
2051		159.495	-nan
2052		159.535	-nan
2053		159.575	703.20956858151
2054		159.615	704.02138970724
2055		159.655	704.8424672204
2056		159.695	705.34525773068
2057		159.735	705.963246409
2058		159.775	706.30821247625
2059		159.815	706.53030865382
2060		159.855	706.87851726201
2061		159.895	707.32206320927
2062		159.935	707.73114037972
2063		159.975	708.13940366567
2064		160.015	-nan
2065		160.055	708.34386170288
2066		160.095	708.22574671108
2067		160.135	708.18596585536
2068		160.175	708.23943003981
2069		160.215	708.26030612745
2070		160.255	708.22324192352
2071		160.295	707.82364276162
2072		160.335	707.3750344738
2073		160.375	706.25088618442
2074		160.415	705.58593678254
2075		160.455	-nan
2076		160.495	-nan
2077		160.535	-nan
2078		160.575	-nan
2079		160.615	-nan
2080		160.655	-nan
2081		160.695	-nan
2082		160.735	-nan
2083		160.775	-nan
2084		160.815	-nan
2085		160.855	708.44614013925
2086		160.895	708.08769526241
2087		160.935	708.61334345711
2088		160.975	708.65167629755
2089		161.015	708.53332852804
2090		161.055	708.27947651595
2091		161.095	707.71718271873
2092		161.135	707.22315073929
2093		161.175	707.00162472373
2094		161.215	706.97574900312
2095		161.255	706.95221160051
2096		161.295	-nan
2097		161.335	706.80266307263
2098		161.375	706.74001280876
2099		161.415	706.80680195564
2100		161.455	706.9460703274
2101		161.495	707.27740463026
2102		161.535	707.25410793985
2103		161.575	707.11328048306
2104		161.615	706.6823835816
2105		161.655	706.90207323345
2106		161.695	703.98828151847
2107		161.735	-nan
2108		161.775	-nan
2109		161.815	-nan
2110		161.855	-nan
2111		161.895	-nan
2112		161.935	-nan
2113		161.975	-nan
2114		162.015	-nan
2115		162.055	-nan
2116		162.095	-nan
2117		162.135	700.56316452032
2118		162.175	701.38409002037
2119		162.215	701.63753075299
2120		162.255	701.61604440026
2121		162.295	701.7803285475
2122		162.335	701.60802993921
2123		162.375	701.31533057435
2124		162.415	700.92094059691
2125		162.455	700.56106185953
2126		162.495	700.31773383553
2127		162.535	699.87113131065
2128		162.575	-nan
2129		162.615	698.32983021302
2130		162.655	697.41939376464
2131		162.695	696.6446919848
2132		162.735	695.96742532199
2133		162.775	695.60447263375
2134		162.815	695.12517151032
2135		162.855	694.04208820736
2136		162.895	693.241576349
2137		162.935	693.59665568432
2138		162.975	691.54191211013
2139		163.015	-nan
2140		163.055	-nan
2141		163.095	-nan
2142		163.135	-nan
2143		163.175	-nan
2144		163.215	-nan
2145		163.255	-nan
2146		163.295	-nan
2147		163.335	-nan
2148		163.375	-nan
2149		163.415	688.25160429128
2150		163.455	685.99141665725
2151		163.495	686.93444462314
2152		163.535	686.23173473545
2153		163.575	685.63222016138
2154		163.615	684.86708720554
2155		163.655	684.04327918985
2156		163.695	683.30263488074
2157		163.735	682.74883030487
2158		163.775	682.38054866433
2159		163.815	682.22776508317
2160		163.855	-nan
2161		163.895	681.28381833015
2162		163.935	680.60617638205
2163		163.975	680.18059697502
2164		164.015	679.72591765383
2165		164.055	679.3369911486
2166		164.095	678.63973709834
2167		164.135	677.52382114907
2168		164.175	676.39794517322
2169		164.215	675.4713290274
2170		164.255	673.59048268256
2171		164.295	-nan
2172		164.335	-nan
2173		164.375	-nan
2174		164.415	-nan
2175		164.455	-nan
2176		164.495	-nan
2177		164.535	-nan
2178		164.575	-nan
2179		164.615	-nan
2180		164.655	-nan
2181		164.695	665.04372995912
2182		164.735	664.30806962413
2183		164.775	663.69495824095
2184		164.815	663.44526830233
2185		164.855	662.97530890441
2186		164.895	662.30068905409
2187		164.935	661.39337259068
2188		164.975	660.32490123171
2189		165.015	659.34840638273
2190		165.055	658.47718205269
2191		165.095	657.58630403374
2192		165.135	-nan
2193		165.175	655.34246433375
2194		165.215	654.32714444756
2195		165.255	653.38665617025
2196		165.295	652.68886368956
2197		165.335	652.18496977505
2198		165.375	651.66247251313
2199		165.415	650.90424365442
2200		165.455	650.32279126716
2201		165.495	650.09116034947
2202		165.535	647.62723697444
2203		165.575	-nan
2204		165.615	-nan
2205		165.655	-nan
2206		165.695	-nan
2207		165.735	-nan
2208		165.775	-nan
2209		165.815	-nan
2210		165.855	-nan
2211		165.895	-nan
2212		165.935	-nan
2213		165.975	639.04578439857
2214		166.015	639.18296301775
2215		166.055	638.55615570537
2216		166.095	638.03218912004
2217		166.135	637.56147898726
2218		166.175	637.14546648453
2219		166.215	636.51517015902
2220		166.255	635.93424613556
2221		166.295	635.50820455843
2222		166.335	635.2351148117
2223		166.375	634.9776628695
2224		166.415	-nan
2225		166.455	633.92087583521
2226		166.495	633.03911536526
2227		166.535	632.44180476873
2228		166.575	631.70748160518
2229		166.615	631.10882036625
2230		166.655	630.18598261383
2231		166.695	629.0807516245
2232		166.735	627.74607095744
2233		166.775	626.72291317995
2234		166.815	626.09191527294
2235		166.855	-nan
2236		166.895	-nan
2237		166.935	-nan
2238		166.975	-nan
2239		167.015	-nan
2240		167.055	-nan
2241		167.095	-nan
2242		167.135	-nan
2243		167.175	-nan
2244		167.215	-nan
2245		167.255	621.58123424792
2246		167.295	619.62854854183
2247		167.335	620.21178076107
2248		167.375	619.48783656241
2249		167.415	618.89825931321
2250		167.455	618.1489858889
2251		167.495	617.13714720758
2252		167.535	616.30988714659
2253		167.575	615.68051040409
2254		167.615	615.09565043296
2255		167.655	614.70818737758
2256		167.695	-nan
2257		167.735	613.87068193827
2258		167.775	613.41750191955
2259		167.815	613.16832515037
2260		167.855	613.14852909367
2261		167.895	613.11665871039
2262		167.935	613.04490692972
2263		167.975	612.69150003607
2264		168.015	612.36956383103
2265		168.055	611.92097285048
2266		168.095	611.62246916809
2267		168.135	-nan
2268		168.175	-nan
2269		168.215	-nan
2270		168.255	-nan
2271		168.295	-nan
2272		168.335	-nan
2273		168.375	-nan
2274		168.415	-nan
2275		168.455	-nan
2276		168.495	-nan
2277		168.535	606.18359922607
2278		168.575	605.40525431974
2279		168.615	604.92044192946
2280		168.655	605.3902944503
2281		168.695	605.65641466949
2282		168.735	605.73237820727
2283		168.775	605.59422356346
2284		168.815	605.45272407585
2285		168.855	605.25771098733
2286		168.895	605.14417233956
2287		168.935	604.95496573677
2288		168.975	-nan
2289		169.015	603.94111484189
2290		169.055	603.32341515839
2291		169.095	602.85596462377
2292		169.135	602.55646232116
2293		169.175	602.36296925485
2294		169.215	601.98740692255
2295		169.255	601.62522251349
2296		169.295	601.22550591476
2297		169.335	601.58806053384
2298		169.375	602.55124514184
2299		169.415	-nan
2300		169.455	-nan
2301		169.495	-nan
2302		169.535	-nan
2303		169.575	-nan
2304		169.615	-nan
2305		169.655	-nan
2306		169.695	-nan
2307		169.735	-nan
2308		169.775	-nan
2309		169.815	603.10309588913
2310		169.855	602.47906998136
2311		169.895	601.33287877047
2312		169.935	600.9036283325
2313		169.975	600.65307540276
2314		170.015	600.24603083986
2315		170.055	599.84710017393
2316		170.095	599.41938247377
2317		170.135	599.32789000693
2318		170.175	599.41411410108
2319		170.215	599.64765782967
2320		170.255	-nan
2321		170.295	600.23460517223
2322		170.335	600.25270903327
2323		170.375	600.39807833254
2324		170.415	600.59622118411
2325		170.455	600.80829313782
2326		170.495	600.6690185775
2327		170.535	600.33888573032
2328		170.575	599.93594644878
2329		170.615	598.62432356042
2330		170.655	596.95378033179
2331		170.695	-nan
2332		170.735	-nan
2333		170.775	-nan
2334		170.815	-nan
2335		170.855	-nan
2336		170.895	-nan
2337		170.935	-nan
2338		170.975	-nan
2339		171.015	-nan
2340		171.055	-nan
2341		171.095	595.99236139605
2342		171.135	596.63265697434
2343		171.175	597.89149529
2344		171.215	598.1191348415
2345		171.255	598.32765441094
2346		171.295	598.30870752011
2347		171.335	598.04826741979
2348		171.375	597.76091081304
2349		171.415	597.337549262
2350		171.455	597.02262579126
2351		171.495	596.80968506687
2352		171.535	-nan
2353		171.575	595.99779304714
2354		171.615	595.53239316314
2355		171.655	595.42395932107
2356		171.695	595.23682301048
2357		171.735	595.35105152789
2358		171.775	595.54041188569
2359		171.815	595.58912219158
2360		171.855	595.69531996602
2361		171.895	594.83701103288
2362		171.935	592.98898029237
2363		171.975	-nan
2364		172.015	-nan
2365		172.055	-nan
2366		172.095	-nan
2367		172.135	-nan
2368		172.175	-nan
2369		172.215	-nan
2370		172.255	-nan
2371		172.295	-nan
2372		172.335	-nan
2373		172.375	591.24916868312
2374		172.415	591.87578134425
2375		172.455	592.90398626665
2376		172.495	592.686345614
2377		172.535	592.75686255857
2378		172.575	592.70967972528
2379		172.615	592.55138722228
2380		172.655	592.37416996271
2381		172.695	592.5305151754
2382		172.735	592.75818873563
2383		172.775	593.07331014271
2384		172.815	-nan
2385		172.855	593.0214036621
2386		172.895	592.8063704165
2387		172.935	592.52253070387
2388		172.975	592.26980461339
2389		173.015	591.9889399436
2390		173.055	591.60147512222
2391		173.095	591.04074886388
2392		173.135	590.35023945554
2393		173.175	590.04530209471
2394		173.215	586.89370739074
2395		173.255	-nan
2396		173.295	-nan
2397		173.335	-nan
2398		173.375	-nan
2399		173.415	-nan
2400		173.455	-nan
2401		173.495	-nan
2402		173.535	-nan
2403		173.575	-nan
2404		173.615	-nan
2405		173.655	585.89091129305
2406		173.695	586.04969062992
2407		173.735	587.08032856221
2408		173.775	586.46819057606
2409		173.815	586.11192382199
2410		173.855	585.4127376333
2411		173.895	584.53691546846
2412		173.935	583.71557398733
2413		173.975	582.9973977259
2414		174.015	582.46729516132
2415		174.055	581.95998805536
2416		174.095	-nan
2417		174.135	580.96917764032
2418		174.175	580.49549470951
2419		174.215	580.22766876746
2420		174.255	580.1511885445
2421		174.295	580.08609098332
2422		174.335	580.08091179475
2423		174.375	579.81646606773
2424		174.415	579.4927019133
2425		174.455	578.31890198911
2426		174.495	578.79131816854
2427		174.535	-nan
2428		174.575	-nan
2429		174.615	-nan
2430		174.655	-nan
2431		174.695	-nan
2432		174.735	-nan
2433		174.775	-nan
2434		174.815	-nan
2435		174.855	-nan
2436		174.895	-nan
2437		174.935	571.40269960241
2438		174.975	570.14019982806
2439		175.015	570.81827805277
2440		175.055	570.32645653469
2441		175.095	570.19763947007
2442		175.135	569.80936751717
2443		175.175	569.35999715421
2444		175.215	568.80882237541
2445		175.255	568.33073141812
2446		175.295	567.88814052995
2447		175.335	567.38249239824
2448		175.375	-nan
2449		175.415	565.66959492726
2450		175.455	564.71169983993
2451		175.495	563.7668056889
2452		175.535	562.9342368063
2453		175.575	562.19428166954
2454		175.615	561.4834161563
2455		175.655	560.45192728132
2456		175.695	559.6281464147
2457		175.735	559.1698592227
2458		175.775	557.78619426935
2459		175.815	-nan
2460		175.855	-nan
2461		175.895	-nan
2462		175.935	-nan
2463		175.975	-nan
2464		176.015	-nan
2465		176.055	-nan
2466		176.095	-nan
2467		176.135	-nan
2468		176.175	-nan
2469		176.215	552.8994924185
2470		176.255	550.64536409143
2471		176.295	550.02035133862
2472		176.335	550.20106962253
2473		176.375	549.21538847486
2474		176.415	548.02486646817
2475		176.455	546.81802350989
2476		176.495	545.78018672989
2477		176.535	545.10494191007
2478		176.575	544.51435036273
2479		176.615	544.05955766359
2480		176.655	-nan
2481		176.695	543.01983977741
2482		176.735	542.44686932692
2483		176.775	542.10684560889
2484		176.815	541.71721930326
2485		176.855	541.3796560201
2486		176.895	540.82671162165
2487		176.935	540.12818577964
2488		176.975	539.28452271939
2489		177.015	538.70602611583
2490		177.055	538.78501419902
2491		177.095	-nan
2492		177.135	-nan
2493		177.175	-nan
2494		177.215	-nan
2495		177.255	-nan
2496		177.295	-nan
2497		177.335	-nan
2498		177.375	-nan
2499		177.415	-nan
2500		177.455	-nan
2501		177.495	531.18509383157
2502		177.535	529.31096486052
2503		177.575	528.72750040935
2504		177.615	528.28683116623
2505		177.655	527.78914330011
2506		177.695	527.10735820814
2507		177.735	526.38384680255
2508		177.775	525.44658692232
2509		177.815	524.59079422204
2510		177.855	523.64368823305
2511		177.895	522.67352379238
2512		177.935	-nan
2513		177.975	520.33973159219
2514		178.015	519.19595384748
2515		178.055	518.20521328834
2516		178.095	517.48363769732
2517		178.135	516.97094071179
2518		178.175	516.5562137848
2519		178.215	516.10629354426
2520		178.255	515.62008336879
2521		178.295	515.09474295019
2522		178.335	515.07601744279
2523		178.375	-nan
2524		178.415	-nan
2525		178.455	-nan
2526		178.495	-nan
2527		178.535	-nan
2528		178.575	-nan
2529		178.615	-nan
2530		178.655	-nan
2531		178.695	-nan
2532		178.735	-nan
2533		178.775	508.39797342232
2534		178.815	506.4676739177
2535		178.855	506.48837905626
2536		178.895	505.80139232755
2537		178.935	505.14878617835
2538		178.975	504.478216785
2539		179.015	503.84335558616
2540		179.055	503.33039417616
2541		179.095	502.94760325308
2542		179.135	502.60887259306
2543		179.175	502.40964609002
2544		179.215	-nan
2545		179.255	501.53981525096
2546		179.295	501.00030672036
2547		179.335	500.43410719469
2548		179.375	499.97843072003
2549		179.415	499.39386877333
2550		179.455	498.722087333
2551		179.495	497.84732713117
2552		179.535	496.91460681777
2553		179.575	496.25793346607
2554		179.615	495.45819923758
2555		179.655	-nan
2556		179.695	-nan
2557		179.735	-nan
2558		179.775	-nan
2559		179.815	-nan
2560		179.855	-nan
2561		179.895	-nan
2562		179.935	-nan
2563		179.975	-nan
2564		180.015	-nan
2565		180.055	491.61679657384
2566		180.095	490.67460084438
2567		180.135	490.69226440028
2568		180.175	490.61969177977
2569		180.215	490.00381227301
2570		180.255	489.31935616699
2571		180.295	488.34369258612
2572		180.335	487.6116973566
2573		180.375	486.73608883942
2574		180.415	486.06566312227
2575		180.455	485.43557201492
2576		180.495	-nan
2577		180.535	484.13973195104
2578		180.575	483.59035944913
2579		180.615	483.25342209265
2580		180.655	483.11256117059
2581		180.695	483.02544873207
2582		180.735	483.03487587369
2583		180.775	482.94752084859
2584		180.815	482.78378655782
2585		180.855	482.48284338969
2586		180.895	482.74557276908
2587		180.935	-nan
2588		180.975	-nan
2589		181.015	-nan
2590		181.055	-nan
2591		181.095	-nan
2592		181.135	-nan
2593		181.175	-nan
2594		181.215	-nan
2595		181.255	-nan
2596		181.295	-nan
2597		181.335	477.97304115727
2598		181.375	476.97929084516
2599		181.415	476.84715078297
2600		181.455	476.69384418848
2601		181.495	476.86227687215
2602		181.535	476.7773795724
2603		181.575	476.5928719986
2604		181.615	476.34378520383
2605		181.655	476.19511257926
2606		181.695	476.06554940082
2607		181.735	475.82265847474
2608		181.775	-nan
2609		181.815	474.81846090043
2610		181.855	474.18356940591
2611		181.895	473.56767022374
2612		181.935	473.01465605823
2613		181.975	472.54705543751
2614		182.015	471.96648559087
2615		182.055	471.38262434131
2616		182.095	470.94664043719
2617		182.135	470.28332358953
2618		182.175	470.78303523223
2619		182.215	-nan
2620		182.255	-nan
2621		182.295	-nan
2622		182.335	-nan
2623		182.375	-nan
2624		182.415	-nan
2625		182.455	-nan
2626		182.495	-nan
2627		182.535	-nan
2628		182.575	-nan
2629		182.615	470.80566058857
2630		182.655	469.45796682394
2631		182.695	469.2721148127
2632		182.735	468.69591241623
2633		182.775	468.17133906013
2634		182.815	467.44726769417
2635		182.855	466.85672284936
2636		182.895	466.32630989682
2637		182.935	465.89512698596
2638		182.975	465.68302978818
2639		183.015	465.55116556548
2640		183.055	-nan
2641		183.095	465.28340962554
2642		183.135	465.15931007774
2643		183.175	465.13162816295
2644		183.215	465.22322624923
2645		183.255	465.16152880658
2646		183.295	465.07263378815
2647		183.335	465.04697610791
2648		183.375	464.7204798117
2649		183.415	464.33484985637
2650		183.455	464.88422947801
2651		183.495	-nan
2652		183.535	-nan
2653		183.575	-nan
2654		183.615	-nan
2655		183.655	-nan
2656		183.695	-nan
2657		183.735	-nan
2658		183.775	-nan
2659		183.815	-nan
2660		183.855	-nan
2661		183.895	462.27298072809
2662		183.935	461.26608297724
2663		183.975	461.13187417899
2664		184.015	461.12924288384
2665		184.055	461.25209110393
2666		184.095	461.24518753414
2667		184.135	461.00700977024
2668		184.175	460.66605153984
2669		184.215	460.24801220777
2670		184.255	459.82419204461
2671		184.295	459.34624378409
2672		184.335	-nan
2673		184.375	457.71174664745
2674		184.415	456.97212094435
2675		184.455	456.33180188217
2676		184.495	455.84950389852
2677		184.535	455.48153824503
2678		184.575	455.17058172257
2679		184.615	454.8664574219
2680		184.655	454.6375758898
2681		184.695	454.80764786552
2682		184.735	454.8762480749
2683		184.775	-nan
2684		184.815	-nan
2685		184.855	-nan
2686		184.895	-nan
2687		184.935	-nan
2688		184.975	-nan
2689		185.015	-nan
2690		185.055	-nan
2691		185.095	-nan
2692		185.135	-nan
2693		185.175	452.74869322382
2694		185.215	451.32696375513
2695		185.255	450.92841008391
2696		185.295	449.97563319182
2697		185.335	449.82586302304
2698		185.375	449.44534455734
2699		185.415	448.93888634815
2700		185.455	448.56275009708
2701		185.495	448.26584570154
2702		185.535	448.14252444173
2703		185.575	448.00365327179
2704		185.615	-nan
2705		185.655	447.57436861329
2706		185.695	447.18617632363
2707		185.735	446.8795207871
2708		185.775	446.43715950615
2709		185.815	446.05764004887
2710		185.855	445.48156338649
2711		185.895	444.72311123721
2712		185.935	443.91734139863
2713		185.975	443.32619626153
2714		186.015	442.72273195841
2715		186.055	-nan
2716		186.095	-nan
2717		186.135	-nan
2718		186.175	-nan
2719		186.215	-nan
2720		186.255	-nan
2721		186.295	-nan
2722		186.335	-nan
2723		186.375	-nan
2724		186.415	-nan
2725		186.455	440.12254428059
2726		186.495	439.11216963819
2727		186.535	438.85527228075
2728		186.575	438.41781902817
2729		186.615	437.98008575189
2730		186.655	437.22239502126
2731		186.695	436.49541879828
2732		186.735	435.53450380667
2733		186.775	434.66307877903
2734		186.815	433.80967211057
2735		186.855	433.06980399085
2736		186.895	-nan
2737		186.935	431.27542541441
2738		186.975	430.16151525894
2739		187.015	428.94862673974
2740		187.055	428.16256746913
2741		187.095	427.18468706561
2742		187.135	422.25578522528
2743		187.175	419.25160457248
2744		187.215	412.27726477069
2745		187.255	404.44658253017
2746		187.295	402.80313997744
2747		187.335	-nan
2748		187.375	-nan
2749		187.415	-nan
2750		187.455	-nan
2751		187.495	-nan
2752		187.535	-nan
2753		187.575	-nan
2754		187.615	-nan
2755		187.655	-nan
2756		187.695	-nan
2757		187.735	288.25218329604
2758		187.775	282.86915980378
2759		187.815	280.34985652668
2760		187.855	289.23854038871
2761		187.895	295.3420395722
2762		187.935	297.05699935391
2763		187.975	298.86125802026
2764		188.015	298.71501687498
2765		188.055	298.52735960004
2766		188.095	298.3654976706
2767		188.135	298.1725161439
2768		188.175	-nan
2769		188.215	297.38468881631
2770		188.255	296.85500425517
2771		188.295	296.36519908838
2772		188.335	296.06500291848
2773		188.375	295.7469996399
2774		188.415	295.21643309111
2775		188.455	294.11870755729
2776		188.495	293.19277237838
2777		188.535	292.93230292572
2778		188.575	292.88819192729
2779		188.615	-nan
2780		188.655	-nan
2781		188.695	-nan
2782		188.735	-nan
2783		188.775	-nan
2784		188.815	-nan
2785		188.855	-nan
2786		188.895	-nan
2787		188.935	-nan
2788		188.975	-nan
2789		189.015	295.04673738168
2790		189.055	292.69882876553
2791		189.095	291.91076564951
2792		189.135	291.62624987566
2793		189.175	291.72781522609
2794		189.215	291.30070621869
2795		189.255	290.65669985522
2796		189.295	290.05376073531
2797		189.335	289.60060911393
2798		189.375	289.31355825622
2799		189.415	289.03904980151
2800		189.455	-nan
2801		189.495	288.2484842015
2802		189.535	287.82941787123
2803		189.575	287.51851701511
2804		189.615	287.38325382864
2805		189.655	287.23338537606
2806		189.695	287.08519188825
2807		189.735	286.37697516085
2808		189.775	284.99181027664
2809		189.815	285.26820235026
2810		189.855	287.22371922769
2811		189.895	-nan
2812		189.935	-nan
2813		189.975	-nan
2814		190.015	-nan
2815		190.055	-nan
2816		190.095	-nan
2817		190.135	-nan
2818		190.175	-nan
2819		190.215	-nan
2820		190.255	-nan
2821		190.295	286.14011419095
2822		190.335	281.97444735116
2823		190.375	282.86325083854
2824		190.415	283.01730263385
2825		190.455	283.07268635239
2826		190.495	283.07142979729
2827		190.535	282.68964330496
2828		190.575	282.32209817501
2829		190.615	282.01467457801
2830		190.655	281.78410656275
2831		190.695	281.49132874461
2832		190.735	-nan
2833		190.775	280.53823533264
2834		190.815	279.96760748227
2835		190.855	279.47919252015
2836		190.895	279.08035331685
2837		190.935	278.78775628636
2838		190.975	277.99229719182
2839		191.015	277.52239823016
2840		191.055	276.69286867806
2841		191.095	274.85848881077
2842		191.135	277.93362746168
2843		191.175	-nan
2844		191.215	-nan
2845		191.255	-nan
2846		191.295	-nan
2847		191.335	-nan
2848		191.375	-nan
2849		191.415	-nan
2850		191.455	-nan
2851		191.495	-nan
2852		191.535	-nan
2853		191.575	278.70643253041
2854		191.615	275.64397855685
2855		191.655	273.70769426738
2856		191.695	275.12661786773
2857		191.735	274.99502781355
2858		191.775	274.71033103331
2859		191.815	274.3195168577
2860		191.855	273.94788325768
2861		191.895	273.66980521595
2862		191.935	273.62338936682
2863		191.975	273.57060929188
2864		192.015	-nan
2865		192.055	273.16347185589
2866		192.095	272.8974031749
2867		192.135	272.65130709032
2868		192.175	272.53117165458
2869		192.215	272.38257271226
2870		192.255	271.88513399219
2871		192.295	271.10616942022
2872		192.335	270.34009983403
2873		192.375	270.32858138385
2874		192.415	270.54462746126
2875		192.455	-nan
2876		192.495	-nan
2877		192.535	-nan
2878		192.575	-nan
2879		192.615	-nan
2880		192.655	-nan
2881		192.695	-nan
2882		192.735	-nan
2883		192.775	-nan
2884		192.815	-nan
2885		192.855	271.32594751412
2886		192.895	269.44875648976
2887		192.935	268.6899801453
2888		192.975	268.67233284349
2889		193.015	269.16265979265
2890		193.055	269.04050077201
2891		193.095	268.67090757815
2892		193.135	268.30311567368
2893		193.175	268.03632590045
2894		193.215	267.81095282166
2895		193.255	267.58376908139
2896		193.295	-nan
2897		193.335	266.77077356832
2898		193.375	266.31059539037
2899		193.415	266.0039236202
2900		193.455	265.84437816577
2901		193.495	265.70359248571
2902		193.535	265.47100547928
2903		193.575	265.1681223117
2904		193.615	263.65112382678
2905		193.655	264.30189808934
2906		193.695	266.32045357669
2907		193.735	-nan
2908		193.775	-nan
2909		193.815	-nan
2910		193.855	-nan
2911		193.895	-nan
2912		193.935	-nan
2913		193.975	-nan
2914		194.015	-nan
2915		194.055	-nan
2916		194.095	-nan
2917		194.135	265.55120741148
2918		194.175	261.55839834894
2919		194.215	262.58425797025
2920		194.255	262.85974226438
2921		194.295	262.93292545088
2922		194.335	263.17972892932
2923		194.375	263.11295172782
2924		194.415	262.95946555156
2925		194.455	263.11330216628
2926		194.495	262.94916459278
2927		194.535	262.90621351033
2928		194.575	-nan
2929		194.615	262.52705054622
2930		194.655	262.17558121153
2931		194.695	261.96511524687
2932		194.735	261.77374255581
2933		194.775	261.57729420365
2934		194.815	260.99185560556
2935		194.855	260.43008670552
2936		194.895	259.47128300153
2937		194.935	257.54804574322
2938		194.975	260.1970541236
2939		195.015	-nan
2940		195.055	-nan
2941		195.095	-nan
2942		195.135	-nan
2943		195.175	-nan
2944		195.215	-nan
2945		195.255	-nan
2946		195.295	-nan
2947		195.335	-nan
2948		195.375	-nan
2949		195.415	262.04840258696
2950		195.455	259.24442673942
2951		195.495	258.14314549267
2952		195.535	259.0875311987
2953		195.575	259.04354860189
2954		195.615	258.84664182193
2955		195.655	258.45506542044
2956		195.695	258.10214249254
2957		195.735	257.83104592302
2958		195.775	257.68609490971
2959		195.815	257.57423223859
2960		195.855	-nan
2961		195.895	257.11071848114
2962		195.935	256.85681795602
2963		195.975	256.63962759526
2964		196.015	256.57473679936
2965		196.055	256.59712540188
2966		196.095	256.34806829648
2967		196.135	255.70777186845
2968		196.175	255.3462542056
2969		196.215	255.62670591354
2970		196.255	256.29048383409
2971		196.295	-nan
2972		196.335	-nan
2973		196.375	-nan
2974		196.415	-nan
2975		196.455	-nan
2976		196.495	-nan
2977		196.535	-nan
2978		196.575	-nan
2979		196.615	-nan
2980		196.655	-nan
2981		196.695	254.8763011546
2982		196.735	253.61845344934
2983		196.775	252.77146670041
2984		196.815	252.85402876022
2985		196.855	253.74027732506
2986		196.895	253.89700612081
2987		196.935	253.71579479505
2988		196.975	253.48475192264
2989		197.015	253.39110610597
2990		197.055	253.29382866364
2991		197.095	253.15756983643
2992		197.135	-nan
2993		197.175	252.47586484676
2994		197.215	252.0323712772
2995		197.255	251.66470478496
2996		197.295	251.38299292161
2997		197.335	250.89185640089
2998		197.375	250.50452888369
2999		197.415	249.88667145915
3000		197.455	247.87836869336
3001		197.495	248.28404733463
3002		197.535	250.55694111058
3003		197.575	-nan
3004		197.615	-nan
3005		197.655	-nan
3006		197.695	-nan
3007		197.735	-nan
3008		197.775	-nan
3009		197.815	-nan
3010		197.855	-nan
3011		197.895	-nan
3012		197.935	-nan
3013		197.975	250.26669452503
3014		198.015	247.1059084344
3015		198.055	247.51721866858
3016		198.095	247.1836645602
3017		198.135	246.82663099857
3018		198.175	247.13835294087
3019		198.215	246.7380518466
3020		198.255	246.41679640287
3021		198.295	246.21026611754
3022		198.335	246.08418671695
3023		198.375	246.00705220299
3024		198.415	-nan
3025		198.455	245.55081318731
3026		198.495	245.30417590819
3027		198.535	245.10554889864
3028		198.575	244.94878132413
3029		198.615	244.67511034206
3030		198.655	244.35032589127
3031		198.695	243.83134888946
3032		198.735	243.31445991782
3033		198.775	241.92605719068
3034		198.815	243.69255533806
3035		198.855	-nan
3036		198.895	-nan
3037		198.935	-nan
3038		198.975	-nan
3039		199.015	-nan
3040		199.055	-nan
3041		199.095	-nan
3042		199.135	-nan
3043		199.175	-nan
3044		199.215	-nan
3045		199.255	242.41190150544
3046		199.295	239.96012037143
3047		199.335	239.11546960127
3048		199.375	239.84632222037
3049		199.415	239.84276316926
3050		199.455	239.6673530328
3051		199.495	239.3636658484
3052		199.535	238.99643723092
3053		199.575	238.671159523
3054		199.615	238.35008296094
3055		199.655	238.04173812704
3056		199.695	-nan
3057		199.735	237.08520107664
3058		199.775	236.54929250394
3059		199.815	236.13172693792
3060		199.855	235.82345511395
3061		199.895	235.55320931563
3062		199.935	235.20401533493
3063		199.975	234.60884278776
3064		200.015	238.77725564895
3065		200.055	234.23023067127
3066		200.095	235.11204702371
3067		200.135	-nan
3068		200.175	-nan
3069		200.215	-nan
3070		200.255	-nan
3071		200.295	-nan
3072		200.335	-nan
3073		200.375	-nan
3074		200.415	-nan
3075		200.455	-nan
3076		200.495	-nan
3077		200.535	231.88432002808
3078		200.575	231.17835485865
3079		200.615	230.59022938862
3080		200.655	230.334105822
3081		200.695	230.14922506956
3082		200.735	229.92376610801
3083		200.775	229.57120074019
3084		200.815	229.27246577093
3085		200.855	229.08114808952
3086		200.895	228.92897280213
3087		200.935	228.8112354363
3088		200.975	-nan
3089		201.015	228.27483768119
3090		201.055	227.93142439647
3091		201.095	227.61097198486
3092		201.135	227.29978230472
3093		201.175	227.01255766245
3094		201.215	226.616767556
3095		201.255	226.0270742875
3096		201.295	225.32774438064
3097		201.335	225.17362842139
3098		201.375	224.94683912523
3099		201.415	-nan
3100		201.455	-nan
3101		201.495	-nan
3102		201.535	-nan
3103		201.575	-nan
3104		201.615	-nan
3105		201.655	-nan
3106		201.695	-nan
3107		201.735	-nan
3108		201.775	-nan
3109		201.815	222.0627698868
3110		201.855	220.96230157433
3111		201.895	221.4781849664
3112		201.935	221.31204568386
3113		201.975	221.11074383846
3114		202.015	220.74017993578
3115		202.055	220.33438336629
3116		202.095	219.89339108259
3117		202.135	219.53090009
3118		202.175	219.25206574611
3119		202.215	219.01733292074
3120		202.255	-nan
3121		202.295	218.19901548431
3122		202.335	217.85815985785
3123		202.375	217.54918042559
3124		202.415	217.296666137
3125		202.455	217.1339647213
3126		202.495	216.8397229688
3127		202.535	216.52274244311
3128		202.575	216.16603242616
3129		202.615	216.00636981283
3130		202.655	215.65973375128
3131		202.695	-nan
3132		202.735	-nan
3133		202.775	-nan
3134		202.815	-nan
3135		202.855	-nan
3136		202.895	-nan
3137		202.935	-nan
3138		202.975	-nan
3139		203.015	-nan
3140		203.055	-nan
3141		203.095	212.45618211895
3142		203.135	211.80772241878
3143		203.175	211.540200268
3144		203.215	211.48033163569
3145		203.255	211.40866988769
3146		203.295	211.25121039419
3147		203.335	211.05938811842
3148		203.375	210.79021177193
3149		203.415	210.65369103919
3150		203.455	210.439714535
3151		203.495	210.27430448741
3152		203.535	-nan
3153		203.575	209.59979347684
3154		203.615	209.20612020231
3155		203.655	208.81866229117
3156		203.695	208.49496857231
3157		203.735	208.20392187694
3158		203.775	207.83308167909
3159		203.815	207.37438986151
3160		203.855	206.89527308272
3161		203.895	206.69873726347
3162		203.935	206.55479148506
3163		203.975	-nan
3164		204.015	-nan
3165		204.055	-nan
3166		204.095	-nan
3167		204.135	-nan
3168		204.175	-nan
3169		204.215	-nan
3170		204.255	-nan
3171		204.295	-nan
3172		204.335	-nan
3173		204.375	204.5025208222
3174		204.415	203.70810195427
3175		204.455	203.5421950985
3176		204.495	203.26883245745
3177		204.535	203.07573331147
3178		204.575	202.77253640756
3179		204.615	202.38601775498
3180		204.655	202.07221940894
3181		204.695	201.87983125673
3182		204.735	201.72930309127
3183		204.775	201.64636981807
3184		204.815	-nan
3185		204.855	201.26504666184
3186		204.895	201.07038099322
3187		204.935	200.89924963924
3188		204.975	200.81871417369
3189		205.015	200.70575081609
3190		205.055	200.5177492134
3191		205.095	200.20663795399
3192		205.135	199.83467613454
3193		205.175	199.76318063262
3194		205.215	200.04774075706
3195		205.255	-nan
3196		205.295	-nan
3197		205.335	-nan
3198		205.375	-nan
3199		205.415	-nan
3200		205.455	-nan
3201		205.495	-nan
3202		205.535	-nan
3203		205.575	-nan
3204		205.615	-nan
3205		205.655	197.51091039908
3206		205.695	196.28176421075
3207		205.735	196.0979727904
3208		205.775	196.0612858288
3209		205.815	196.01629971333
3210		205.855	195.85022637578
3211		205.895	195.65840489523
3212		205.935	195.4298150679
3213		205.975	195.18054818301
3214		206.015	195.02264399166
3215		206.055	194.79014519003
3216		206.095	-nan
3217		206.135	194.18063239449
3218		206.175	193.83534397348
3219		206.215	193.56809613913
3220		206.255	193.28928235587
3221		206.295	193.002529275
3222		206.335	192.58885783283
3223		206.375	191.06712365878
3224		206.415	188.89312821514
3225		206.455	188.03359259139
3226		206.495	186.13401191889
3227		206.535	-nan
3228		206.575	-nan
3229		206.615	-nan
3230		206.655	-nan
3231		206.695	-nan
3232		206.735	-nan
3233		206.775	-nan
3234		206.815	-nan
3235		206.855	-nan
3236		206.895	-nan
3237		206.935	138.43867095926
3238		206.975	136.43540835891
3239		207.015	135.49202488518
3240		207.055	137.20824944635
3241		207.095	137.64991540032
3242		207.135	137.73510013589
3243		207.175	137.61397723441
3244		207.215	137.46554694412
3245		207.255	137.38904736122
3246		207.295	137.37613063861
3247		207.335	137.39185699936
3248		207.375	-nan
3249		207.415	137.23218201958
3250		207.455	137.09052772118
3251		207.495	136.99639567953
3252		207.535	136.97722207307
3253		207.575	136.96469700292
3254		207.615	136.85640172869
3255		207.655	136.62941607855
3256		207.695	136.3729939894
3257		207.735	136.46843895536
3258		207.775	137.38991565485
3259		207.815	-nan
3260		207.855	-nan
3261		207.895	-nan
3262		207.935	-nan
3263		207.975	-nan
3264		208.015	-nan
3265		208.055	-nan
3266		208.095	-nan
3267		208.135	-nan
3268		208.175	-nan
3269		208.215	137.32729550129
3270		208.255	135.74283505439
3271		208.295	135.34916016943
3272		208.335	135.52937345878
3273		208.375	135.29072995285
3274		208.415	135.1881093399
3275		208.455	134.97366477943
3276		208.495	134.75861036053
3277		208.535	134.63352753604
3278		208.575	134.56349794847
3279		208.615	134.49891389624
3280		208.655	-nan
3281		208.695	134.18846500389
3282		208.735	133.99068601275
3283		208.775	133.86660155449
3284		208.815	133.83227560205
3285		208.855	133.83222133191
3286		208.895	133.76496671161
3287		208.935	133.58970606214
3288		208.975	133.38432049122
3289		209.015	133.56266767992
3290		209.055	134.47751587673
3291		209.095	-nan
3292		209.135	-nan
3293		209.175	-nan
3294		209.215	-nan
3295		209.255	-nan
3296		209.295	-nan
3297		209.335	-nan
3298		209.375	-nan
3299		209.415	-nan
3300		209.455	-nan
3301		209.495	134.07437337474
3302		209.535	132.50334287986
3303		209.575	132.13672010416
3304		209.615	132.09615807654
3305		209.655	132.12460337991
3306		209.695	132.01537156904
3307		209.735	131.86806614469
3308		209.775	131.70596288306
3309		209.815	131.63324213167
3310		209.855	131.61318057031
3311		209.895	131.57899670225
3312		209.935	-nan
3313		209.975	131.30195256024
3314		210.015	131.1070966099
3315		210.055	130.94400526452
3316		210.095	130.86281764651
3317		210.135	130.79834840815
3318		210.175	130.66700871469
3319		210.215	130.40631436533
3320		210.255	130.16748179754
3321		210.295	130.13404844194
3322		210.335	130.92398187785
3323		210.375	-nan
3324		210.415	-nan
3325		210.455	-nan
3326		210.495	-nan
3327		210.535	-nan
3328		210.575	-nan
3329		210.615	-nan
3330		210.655	-nan
3331		210.695	-nan
3332		210.735	-nan
3333		210.775	130.76022069689
3334		210.815	129.23395274787
3335		210.855	128.90187320032
3336		210.895	128.78256248683
3337		210.935	128.71099503869
3338		210.975	128.53653767642
3339		211.015	128.29819078929
3340		211.055	128.07452349167
3341		211.095	127.90746820199
3342		211.135	127.81624207598
3343		211.175	127.7170902697
3344		211.215	-nan
3345		211.255	127.44838039423
3346		211.295	127.28191314852
3347		211.335	127.15666003445
3348		211.375	127.11395510132
3349		211.415	127.07848361757
3350		211.455	126.98205960072
3351		211.495	126.77188484499
3352		211.535	126.56925780979
3353		211.575	126.64950205287
3354		211.615	127.50553978793
3355		211.655	-nan
3356		211.695	-nan
3357		211.735	-nan
3358		211.775	-nan
3359		211.815	-nan
3360		211.855	-nan
3361		211.895	-nan
3362		211.935	-nan
3363		211.975	-nan
3364		212.015	-nan
3365		212.055	126.88261424679
3366		212.095	125.46556539932
3367		212.135	124.99951247129
3368		212.175	124.94069692631
3369		212.215	124.9251806092
3370		212.255	124.78455319148
3371		212.295	124.60887922689
3372		212.335	124.42907396398
3373		212.375	124.2819402645
3374		212.415	124.17063197546
3375		212.455	124.11089013098
3376		212.495	-nan
3377		212.535	123.70354524277
3378		212.575	123.47171432871
3379		212.615	123.29388509218
3380		212.655	123.18504780566
3381		212.695	123.07173275849
3382		212.735	122.91875194524
3383		212.775	122.70801579287
3384		212.815	122.42403849741
3385		212.855	122.4758799028
3386		212.895	123.21658798516
3387		212.935	-nan
3388		212.975	-nan
3389		213.015	-nan
3390		213.055	-nan
3391		213.095	-nan
3392		213.135	-nan
3393		213.175	-nan
3394		213.215	-nan
3395		213.255	-nan
3396		213.295	-nan
3397		213.335	122.64397868198
3398		213.375	121.28074739575
3399		213.415	120.95765359309
3400		213.455	120.82653033446
3401		213.495	120.70705856917
3402		213.535	120.55324986748
3403		213.575	120.32647803279
3404		213.615	120.1340223095
3405		213.655	119.98567906067
3406		213.695	119.91334980517
3407		213.735	119.86285219636
3408		213.775	-nan
3409		213.815	119.60764579004
3410		213.855	119.49423856724
3411		213.895	119.32651510592
3412		213.935	119.25825925266
3413		213.975	119.18812141826
3414		214.015	119.044024783
3415		214.055	118.82902740776
3416		214.095	118.57864755941
3417		214.135	118.37026754704
3418		214.175	119.30371467683
3419		214.215	-nan
3420		214.255	-nan
3421		214.295	-nan
3422		214.335	-nan
3423		214.375	-nan
3424		214.415	-nan
3425		214.455	-nan
3426		214.495	-nan
3427		214.535	-nan
3428		214.575	-nan
3429		214.615	118.65749343423
3430		214.655	117.4448552009
3431		214.695	116.93202905721
3432		214.735	116.83912506786
3433		214.775	116.83841917488
3434		214.815	116.62015508001
3435		214.855	116.39046732393
3436		214.895	116.14539151702
3437		214.935	115.99327160617
3438		214.975	115.86049678798
3439		215.015	115.76021921065
3440		215.055	-nan
3441		215.095	115.33583431227
3442		215.135	115.12690738257
3443		215.175	114.96906576293
3444		215.215	114.86655189959
3445		215.255	114.8084063198
3446		215.295	114.71208086759
3447		215.335	114.55223582682
3448		215.375	114.34488163256
3449		215.415	114.44810513384
3450		215.455	115.02242829482
3451		215.495	-nan
3452		215.535	-nan
3453		215.575	-nan
3454		215.615	-nan
3455		215.655	-nan
3456		215.695	-nan
3457		215.735	-nan
3458		215.775	-nan
3459		215.815	-nan
3460		215.855	-nan
3461		215.895	114.35559454143
3462		215.935	113.22771865524
3463		215.975	112.76106884771
3464		216.015	112.68122124686
3465		216.055	112.6199581105
3466		216.095	112.49315751152
3467		216.135	112.33888381872
3468		216.175	112.16217900228
3469		216.215	112.05266983937
3470		216.255	111.98933677779
3471		216.295	111.93486420789
3472		216.335	-nan
3473		216.375	111.66677396826
3474		216.415	111.48476936281
3475		216.455	111.36118124385
3476		216.495	111.26003964935
3477		216.535	111.17448902642
3478		216.575	111.09666643013
3479		216.615	110.82762846572
3480		216.655	110.47834573502
3481		216.695	110.48622929284
3482		216.735	111.17256839935
3483		216.775	-nan
3484		216.815	-nan
3485		216.855	-nan
3486		216.895	-nan
3487		216.935	-nan
3488		216.975	-nan
3489		217.015	-nan
3490		217.055	-nan
3491		217.095	-nan
3492		217.135	-nan
3493		217.175	110.65094020084
3494		217.215	109.62122780214
3495		217.255	109.28703785651
3496		217.295	109.17471381123
3497		217.335	109.10190658882
3498		217.375	108.95400907134
3499		217.415	108.83188046201
3500		217.455	108.56115339515
3501		217.495	108.41179256514
3502		217.535	108.31998277913
3503		217.575	108.24206902773
3504		217.615	-nan
3505		217.655	107.99872679722
3506		217.695	107.84166947831
3507		217.735	107.74906038978
3508		217.775	107.72610639758
3509		217.815	107.67592223498
3510		217.855	107.63596816428
3511		217.895	107.48759883659
3512		217.935	107.34056776324
3513		217.975	107.31214559366
3514		218.015	107.99289765089
3515		218.055	-nan
3516		218.095	-nan
3517		218.135	-nan
3518		218.175	-nan
3519		218.215	-nan
3520		218.255	-nan
3521		218.295	-nan
3522		218.335	-nan
3523		218.375	-nan
3524		218.415	-nan
3525		218.455	107.28268500852
3526		218.495	106.32273278679
3527		218.535	105.90393955054
3528		218.575	105.96876015674
3529		218.615	105.9165285673
3530		218.655	105.78545252679
3531		218.695	105.62819427371
3532		218.735	105.50287382381
3533		218.775	105.39854921096
3534		218.815	105.3462693524
3535		218.855	105.26783045971
3536		218.895	-nan
3537		218.935	104.98631312781
3538		218.975	104.82347471777
3539		219.015	104.69029349837
3540		219.055	104.61126529314
3541		219.095	104.51583269039
3542		219.135	104.46956733594
3543		219.175	104.26830293278
3544		219.215	104.05339571289
3545		219.255	104.11676768929
3546		219.295	104.45430360762
3547		219.335	-nan
3548		219.375	-nan
3549		219.415	-nan
3550		219.455	-nan
3551		219.495	-nan
3552		219.535	-nan
3553		219.575	-nan
3554		219.615	-nan
3555		219.655	-nan
3556		219.695	-nan
3557		219.735	104.09837709808
3558		219.775	103.33317272489
3559		219.815	103.00760454338
3560		219.855	102.87510794911
3561		219.895	102.8319156047
3562		219.935	102.70567391534
3563		219.975	102.52220302756
3564		220.015	102.3787778779
3565		220.055	102.28103933579
3566		220.095	102.24356146625
3567		220.135	102.15408576798
3568		220.175	-nan
3569		220.215	101.98758547547
3570		220.255	101.83846329121
3571		220.295	101.75602018029
3572		220.335	101.71245879451
3573		220.375	101.66591831051
3574		220.415	101.5942643474
3575		220.455	101.43259926126
3576		220.495	101.15620649477
3577		220.535	101.18964108782
3578		220.575	101.70464831276
3579		220.615	-nan
3580		220.655	-nan
3581		220.695	-nan
3582		220.735	-nan
3583		220.775	-nan
3584		220.815	-nan
3585		220.855	-nan
3586		220.895	-nan
3587		220.935	-nan
3588		220.975	-nan
3589		221.015	101.03654184514
3590		221.055	100.11866576983
3591		221.095	99.965791337287
3592		221.135	99.895451883841
3593		221.175	99.852793238259
3594		221.215	99.748237782284
3595		221.255	99.598007041445
3596		221.295	99.415872653539
3597		221.335	99.400122465618
3598		221.375	99.223667803599
3599		221.415	99.099030789967
3600		221.455	-nan
3601		221.495	98.78995664029
3602		221.535	98.619868222718
3603		221.575	98.491931822885
3604		221.615	98.394174942138
3605		221.655	98.329745571345
3606		221.695	98.250585991483
3607		221.735	98.117290662127
3608		221.775	97.956235159681
3609		221.815	97.704364690116
3610		221.855	98.47990278241
3611		221.895	-nan
3612		221.935	-nan
3613		221.975	-nan
3614		222.015	-nan
3615		222.055	-nan
3616		222.095	-nan
3617		222.135	-nan
3618		222.175	-nan
3619		222.215	-nan
3620		222.255	-nan
3621		222.295	97.741390617512
3622		222.335	96.852988619115
3623		222.375	96.328519924505
3624		222.415	96.465355242243
3625		222.455	96.383011503997
3626		222.495	96.259367601126
3627		222.535	96.106692425412
3628		222.575	95.956540553555
3629		222.615	95.851823828022
3630		222.655	95.818671325175
3631		222.695	95.676195341973
3632		222.735	-nan
3633		222.775	95.430577922247
3634		222.815	95.261078054396
3635		222.855	95.236673330234
3636		222.895	95.029222276818
3637		222.935	94.911269944733
3638		222.975	94.77067467659
3639		223.015	94.281553890343
3640		223.055	93.565456509639
3641		223.095	91.522440628667
3642		223.135	91.136852105512
3643		223.175	-nan
3644		223.215	-nan
3645		223.255	-nan
3646		223.295	-nan
3647		223.335	-nan
3648		223.375	-nan
3649		223.415	-nan
3650		223.455	-nan
3651		223.495	-nan
3652		223.535	-nan
3653		223.575	71.538267617803
3654		223.615	72.913655450989
3655		223.655	72.600811752877
3656		223.695	72.529781570997
3657		223.735	73.150460575585
3658		223.775	73.679190123493
3659		223.815	73.636831206327
3660		223.855	73.521365861664
3661		223.895	73.402813121523
3662		223.935	73.339272938181
3663		223.975	73.266695254951
3664		224.015	-nan
3665		224.055	73.026576703325
3666		224.095	72.897508236571
3667		224.135	72.85676119598
3668		224.175	72.743594726371
3669		224.215	72.707735985356
3670		224.255	72.640347822342
3671		224.295	72.540924212182
3672		224.335	71.889646128089
3673		224.375	72.038013754137
3674		224.415	72.801259312166
3675		224.455	-nan
3676		224.495	-nan
3677		224.535	-nan
3678		224.575	-nan
3679		224.615	-nan
3680		224.655	-nan
3681		224.695	-nan
3682		224.735	-nan
3683		224.775	-nan
3684		224.815	-nan
3685		224.855	72.699167725011
3686		224.895	71.549251500655
3687		224.935	71.564827153504
3688		224.975	71.514069760152
3689		225.015	71.75936847507
3690		225.055	71.407534647074
3691		225.095	71.28245991322
3692		225.135	71.136451269388
3693		225.175	71.015496763169
3694		225.215	70.952343393537
3695		225.255	70.874575200572
3696		225.295	-nan
3697		225.335	70.611842507241
3698		225.375	70.445200534794
3699		225.415	70.333671030925
3700		225.455	70.289290825009
3701		225.495	70.157661283628
3702		225.535	69.981004046107
3703		225.575	69.825086109173
3704		225.615	69.646381185412
3705		225.655	69.238943174043
3706		225.695	69.918427743142
3707		225.735	-nan
3708		225.775	-nan
3709		225.815	-nan
3710		225.855	-nan
3711		225.895	-nan
3712		225.935	-nan
3713		225.975	-nan
3714		226.015	-nan
3715		226.055	-nan
3716		226.095	-nan
3717		226.135	69.971518118458
3718		226.175	69.079562349385
3719		226.215	68.589020091561
3720		226.255	68.809746291356
3721		226.295	68.721755398224
3722		226.335	68.607725236557
3723		226.375	68.451976092302
3724		226.415	68.298283998563
3725		226.455	68.192496443603
3726		226.495	68.101617572145
3727		226.535	68.022111301975
3728		226.575	-nan
3729		226.615	67.804005343432
3730		226.655	67.662711083318
3731		226.695	67.559765220749
3732		226.735	67.489810403329
3733		226.775	67.429865542757
3734		226.815	67.310551247758
3735		226.855	67.061422636644
3736		226.895	67.005831363227
3737		226.935	66.906191717446
3738		226.975	67.009592104103
3739		227.015	-nan
3740		227.055	-nan
3741		227.095	-nan
3742		227.135	-nan
3743		227.175	-nan
3744		227.215	-nan
3745		227.255	-nan
3746		227.295	-nan
3747		227.335	-nan
3748		227.375	-nan
3749		227.415	66.924693178334
3750		227.455	66.235223461337
3751		227.495	65.935406621834
3752		227.535	65.921596837308
3753		227.575	65.856037564404
3754		227.615	65.778151310801
3755		227.655	65.626726445553
3756		227.695	65.473864592671
3757		227.735	65.356385720313
3758		227.775	65.29006912511
3759		227.815	65.164166873505
3760		227.855	-nan
3761		227.895	64.879882264536
3762		227.935	64.735006236394
3763		227.975	64.6179149445
3764		228.015	64.512063144205
3765		228.055	64.423665516519
3766		228.095	64.362036177236
3767		228.135	64.143726249426
3768		228.175	63.724076120497
3769		228.215	63.751551563369
3770		228.255	64.295751491178
3771		228.295	-nan
3772		228.335	-nan
3773		228.375	-nan
3774		228.415	-nan
3775		228.455	-nan
3776		228.495	-nan
3777		228.535	-nan
3778		228.575	-nan
3779		228.615	-nan
3780		228.655	-nan
3781		228.695	63.914281833181
3782		228.735	62.972720704313
3783		228.775	62.98431340854
3784		228.815	62.922882524236
3785		228.855	62.823946726262
3786		228.895	62.760853378645
3787		228.935	62.626601601178
3788		228.975	62.479325168178
3789		229.015	62.385347793612
3790		229.055	62.300992003445
3791		229.095	62.290218372355
3792		229.135	-nan
3793		229.175	62.007170346293
3794		229.215	61.91469172938
3795		229.255	61.765388819148
3796		229.295	61.682325568887
3797		229.335	61.612327975907
3798		229.375	61.456943589492
3799		229.415	61.292785301933
3800		229.455	61.134542869751
3801		229.495	60.758188487023
3802		229.535	61.268221300985
3803		229.575	-nan
3804		229.615	-nan
3805		229.655	-nan
3806		229.695	-nan
3807		229.735	-nan
3808		229.775	-nan
3809		229.815	-nan
3810		229.855	-nan
3811		229.895	-nan
3812		229.935	-nan
3813		229.975	60.974221176767
3814		230.015	60.333917441419
3815		230.055	60.000725200692
3816		230.095	60.091078790145
3817		230.135	60.016098592168
3818		230.175	59.92076767781
3819		230.215	59.780039437858
3820		230.255	59.652718026513
3821		230.295	59.602544306517
3822		230.335	59.449507142174
3823		230.375	59.359590963547
3824		230.415	-nan
3825		230.455	59.125406871684
3826		230.495	59.00488417931
3827		230.535	58.910351915956
3828		230.575	58.824908909187
3829		230.615	58.768930318311
3830		230.655	58.68343154519
3831		230.695	58.559917286958
3832		230.735	58.441863920515
3833		230.775	58.459233450551
3834		230.815	58.70939807627
3835		230.855	-nan
3836		230.895	-nan
3837		230.935	-nan
3838		230.975	-nan
3839		231.015	-nan
