0				72.335	-nan
1				72.375	-nan
2				72.415	-nan
3				72.455	-nan
4				72.495	-nan
5				72.535	173.41730688248
6				72.575	173.68775447531
7				72.615	174.67906313394
8				72.655	175.60827478776
9				72.695	176.37759241398
10			72.735	177.37235229962
11			72.775	178.34186614213
12			72.815	179.16591553985
13			72.855	180.26842636715
14			72.895	181.32743044287
15			72.935	182.67945099853
16			72.975	-nan
17			73.015	185.04709080798
18			73.055	186.19478007444
19			73.095	187.38679377131
20			73.135	188.52640845864
21			73.175	189.77306163184
22			73.215	190.90083972853
23			73.255	192.05348720221
24			73.295	193.18169116016
25			73.335	194.399010492
26			73.375	195.80475071524
27			73.415	-nan
28			73.455	-nan
29			73.495	-nan
30			73.535	-nan
31			73.575	-nan
32			73.615	-nan
33			73.655	-nan
34			73.695	-nan
35			73.735	-nan
36			73.775	-nan
37			73.815	210.7034346325
38			73.855	211.79997909485
39			73.895	213.30056841779
40			73.935	214.86653382675
41			73.975	216.52834227554
42			74.015	218.12711891373
43			74.055	219.6038480543
44			74.095	221.12185998701
45			74.135	222.77004545798
46			74.175	224.33568699887
47			74.215	226.18950288024
48			74.255	-nan
49			74.295	229.82971934727
50			74.335	231.41904466096
51			74.375	233.18600703365
52			74.415	234.99729703423
53			74.455	236.93887977193
54			74.495	238.90572972473
55			74.535	240.94732611848
56			74.575	242.99901670282
57			74.615	245.27131576631
58			74.655	247.50032742089
59			74.695	-nan
60			74.735	-nan
61			74.775	-nan
62			74.815	-nan
63			74.855	-nan
64			74.895	-nan
65			74.935	-nan
66			74.975	-nan
67			75.015	-nan
68			75.055	-nan
69			75.095	270.69537415746
70			75.135	272.34176500584
71			75.175	274.50094579993
72			75.215	277.00310833025
73			75.255	279.56957203292
74			75.295	282.11689752847
75			75.335	284.73792055737
76			75.375	287.29218891182
77			75.415	289.90784175264
78			75.455	292.7348224345
79			75.495	295.59250078238
80			75.535	-nan
81			75.575	301.49920560769
82			75.615	304.0525924461
83			75.655	306.72219814408
84			75.695	309.42664664054
85			75.735	312.06905038934
86			75.775	314.81587963638
87			75.815	317.52287174253
88			75.855	320.15102133209
89			75.895	322.99388858581
90			75.935	326.49494584091
91			75.975	-nan
92			76.015	-nan
93			76.055	-nan
94			76.095	-nan
95			76.135	-nan
96			76.175	-nan
97			76.215	-nan
98			76.255	-nan
99			76.295	-nan
100			76.335	-nan
101			76.375	360.03601609234
102			76.415	362.18933207468
103			76.455	364.91639374567
104			76.495	367.97280960231
105			76.535	371.07725751963
106			76.575	374.01013862717
107			76.615	376.88930093688
108			76.655	379.8797787062
109			76.695	382.91969851969
110			76.735	386.1588092739
111			76.775	389.57269094963
112			76.815	-nan
113			76.855	396.9625637308
114			76.895	400.32234570105
115			76.935	403.70167313232
116			76.975	407.16584291675
117			77.015	410.80524177116
118			77.055	414.22871173653
119			77.095	417.49758024036
120			77.135	420.72963690978
121			77.175	424.09867765134
122			77.215	428.09538153969
123			77.255	-nan
124			77.295	-nan
125			77.335	-nan
126			77.375	-nan
127			77.415	-nan
128			77.455	-nan
129			77.495	-nan
130			77.535	-nan
131			77.575	-nan
132			77.615	-nan
133			77.655	459.41832906786
134			77.695	460.95479298942
135			77.735	463.63517251581
136			77.775	466.67834841045
137			77.815	469.72022103982
138			77.855	472.78576804129
139			77.895	475.45882262774
140			77.935	478.0130352515
141			77.975	480.72594136555
142			78.015	483.30716775318
143			78.055	485.60587436402
144			78.095	-nan
145			78.135	490.5796647628
146			78.175	492.50300593208
147			78.215	494.45716773115
148			78.255	496.744791458
149			78.295	499.0201935365
150			78.335	501.21622935664
151			78.375	503.32511384061
152			78.415	505.49553059199
153			78.455	508.00536204062
154			78.495	506.53933090607
155			78.535	-nan
156			78.575	-nan
157			78.615	-nan
158			78.655	-nan
159			78.695	-nan
160			78.735	-nan
161			78.775	-nan
162			78.815	-nan
163			78.855	-nan
164			78.895	-nan
165			78.935	530.10393138979
166			78.975	528.8572057595
167			79.015	529.10877573873
168			79.055	529.98655218322
169			79.095	530.92708376456
170			79.135	531.80834830818
171			79.175	532.73056705509
172			79.215	533.78334176415
173			79.255	534.93171038983
174			79.295	536.14807988515
175			79.335	537.47909604686
176			79.375	-nan
177			79.415	539.48893864676
178			79.455	540.14673458124
179			79.495	540.84708720288
180			79.535	541.44450582634
181			79.575	541.97145464934
182			79.615	542.14784553444
183			79.655	542.03150610771
184			79.695	541.71525197281
185			79.735	541.76854900458
186			79.775	543.04536741924
187			79.815	-nan
188			79.855	-nan
189			79.895	-nan
190			79.935	-nan
191			79.975	-nan
192			80.015	-nan
193			80.055	-nan
194			80.095	-nan
195			80.135	-nan
196			80.175	-nan
197			80.215	544.8427881425
198			80.255	542.79085633799
199			80.295	542.07047481042
200			80.335	541.81979437869
201			80.375	541.48631545941
202			80.415	540.97879890031
203			80.455	540.26584502493
204			80.495	539.44670585065
205			80.535	538.56475296357
206			80.575	537.82739214119
207			80.615	537.05731862295
208			80.655	-nan
209			80.695	535.3276261942
210			80.735	534.70969009796
211			80.775	534.21986471416
212			80.815	533.97433574552
213			80.855	533.88061539892
214			80.895	533.76162295405
215			80.935	533.38348113532
216			80.975	533.05277597568
217			81.015	533.10160972273
218			81.055	534.30705528398
219			81.095	-nan
220			81.135	-nan
221			81.175	-nan
222			81.215	-nan
223			81.255	-nan
224			81.295	-nan
225			81.335	-nan
226			81.375	-nan
227			81.415	-nan
228			81.455	-nan
229			81.495	527.27645132058
230			81.535	524.97449820628
231			81.575	524.06408304177
232			81.615	523.86351964994
233			81.655	523.83446739545
234			81.695	523.71102375918
235			81.735	523.5085802854
236			81.775	523.41384014768
237			81.815	523.28987680308
238			81.855	523.17703695815
239			81.895	523.04585721436
240			81.935	-nan
241			81.975	522.06970749114
242			82.015	521.39139857215
243			82.055	520.82812871199
244			82.095	520.19389525114
245			82.135	519.59096589272
246			82.175	518.83488948202
247			82.215	518.09250067878
248			82.255	517.48657387137
249			82.295	517.47173020994
250			82.335	518.66768122947
251			82.375	-nan
252			82.415	-nan
253			82.455	-nan
254			82.495	-nan
255			82.535	-nan
256			82.575	-nan
257			82.615	-nan
258			82.655	-nan
259			82.695	-nan
260			82.735	-nan
261			82.775	520.92381491955
262			82.815	519.09428797806
263			82.855	518.22148670126
264			82.895	517.867632629
265			82.935	517.68114487513
266			82.975	517.46726133375
267			83.015	517.2145720658
268			83.055	517.22921077295
269			83.095	517.46863995924
270			83.135	517.83386572975
271			83.175	518.41943881059
272			83.215	-nan
273			83.255	519.75107119336
274			83.295	520.4628303801
275			83.335	521.27306516035
276			83.375	522.20650013123
277			83.415	523.08343134667
278			83.455	523.74703846601
279			83.495	524.35514220565
280			83.535	524.69650137229
281			83.575	525.4107030431
282			83.615	527.08986040744
283			83.655	-nan
284			83.695	-nan
285			83.735	-nan
286			83.775	-nan
287			83.815	-nan
288			83.855	-nan
289			83.895	-nan
290			83.935	-nan
291			83.975	-nan
292			84.015	-nan
293			84.055	533.38504136121
294			84.095	532.93382149322
295			84.135	533.69482622523
296			84.175	535.07649841199
297			84.215	536.56312800516
298			84.255	537.86520200136
299			84.295	538.93737838613
300			84.335	539.7244352201
301			84.375	540.50721628561
302			84.415	541.18493722567
303			84.455	541.9217926691
304			84.495	-nan
305			84.535	543.28198008195
306			84.575	543.97778287493
307			84.615	544.80383453917
308			84.655	545.74644677103
309			84.695	546.98266406951
310			84.735	548.26900888074
311			84.775	549.516321767
312			84.815	550.63713062409
313			84.855	552.98049349764
314			84.895	556.14809400719
315			84.935	-nan
316			84.975	-nan
317			85.015	-nan
318			85.055	-nan
319			85.095	-nan
320			85.135	-nan
321			85.175	-nan
322			85.215	-nan
323			85.255	-nan
324			85.295	-nan
325			85.335	571.10921002132
326			85.375	570.00179747023
327			85.415	570.44682833039
328			85.455	571.73464847763
329			85.495	573.36745655766
330			85.535	574.88286879062
331			85.575	576.46696023759
332			85.615	578.12171513442
333			85.655	580.11138216536
334			85.695	582.23950087478
335			85.735	584.44197122754
336			85.775	-nan
337			85.815	589.02980834968
338			85.855	590.81187827833
339			85.895	592.5966225133
340			85.935	594.17056905691
341			85.975	595.65729206629
342			86.015	596.89731518288
343			86.055	597.84447119554
344			86.095	598.7575336344
345			86.135	600.17766447332
346			86.175	603.35510755148
347			86.215	-nan
348			86.255	-nan
349			86.295	-nan
350			86.335	-nan
351			86.375	-nan
352			86.415	-nan
353			86.455	-nan
354			86.495	-nan
355			86.535	-nan
356			86.575	-nan
357			86.615	623.41438198254
358			86.655	622.85236151395
359			86.695	623.93993697283
360			86.735	625.64685255299
361			86.775	627.30520807587
362			86.815	628.58696636385
363			86.855	629.58458617438
364			86.895	630.44669323257
365			86.935	631.42336862516
366			86.975	632.66690930117
367			87.015	633.87771030502
368			87.055	-nan
369			87.095	637.01071238382
370			87.135	638.41311300479
371			87.175	640.09239850479
372			87.215	642.11758224256
373			87.255	644.13100613515
374			87.295	646.17689107825
375			87.335	648.18249397101
376			87.375	650.09522902128
377			87.415	652.49893938076
378			87.455	656.49674885691
379			87.495	-nan
380			87.535	-nan
381			87.575	-nan
382			87.615	-nan
383			87.655	-nan
384			87.695	-nan
385			87.735	-nan
386			87.775	-nan
387			87.815	-nan
388			87.855	-nan
389			87.895	665.4100301693
390			87.935	663.47960974735
391			87.975	663.97747765551
392			88.015	665.73217254762
393			88.055	667.08977370878
394			88.095	668.61528208032
395			88.135	670.00049824284
396			88.175	671.24257966711
397			88.215	672.55929443459
398			88.255	673.73843452778
399			88.295	674.96065679276
400			88.335	-nan
401			88.375	676.26913490005
402			88.415	676.4142430855
403			88.455	676.47511848038
404			88.495	676.64670710948
405			88.535	676.62152737464
406			88.575	676.63229209018
407			88.615	676.45765154772
408			88.655	676.33925555889
409			88.695	677.3668641295
410			88.735	680.15713676279
411			88.775	-nan
412			88.815	-nan
413			88.855	-nan
414			88.895	-nan
415			88.935	-nan
416			88.975	-nan
417			89.015	-nan
418			89.055	-nan
419			89.095	-nan
420			89.135	-nan
421			89.175	686.67792703793
422			89.215	682.99773730733
423			89.255	681.29742079623
424			89.295	680.73760866863
425			89.335	680.14304393784
426			89.375	679.41446914871
427			89.415	678.48571234931
428			89.455	677.72515169831
429			89.495	677.37524595799
430			89.535	677.1594833569
431			89.575	677.31891611313
432			89.615	-nan
433			89.655	677.76356154397
434			89.695	678.30918915696
435			89.735	678.45298429183
436			89.775	677.98930211757
437			89.815	678.13170293233
438			89.855	678.18558117289
439			89.895	677.64838876403
440			89.935	676.78088789232
441			89.975	676.54057852731
442			90.015	677.73694612925
443			90.055	-nan
444			90.095	-nan
445			90.135	-nan
446			90.175	-nan
447			90.215	-nan
448			90.255	-nan
449			90.295	-nan
450			90.335	-nan
451			90.375	-nan
452			90.415	-nan
453			90.455	668.3937601611
454			90.495	666.48664737172
455			90.535	664.49542683998
456			90.575	664.35684005733
457			90.615	664.22631008248
458			90.655	663.52010088755
459			90.695	662.52399603227
460			90.735	661.0984615028
461			90.775	659.6749119457
462			90.815	658.41256043107
463			90.855	657.85821968364
464			90.895	-nan
465			90.935	654.51989865227
466			90.975	651.38702876591
467			91.015	649.61303286286
468			91.055	648.32912260265
469			91.095	647.27636696647
470			91.135	646.42738271555
471			91.175	645.62515212981
472			91.215	644.88326902807
473			91.255	645.02138960329
474			91.295	647.4437080677
475			91.335	-nan
476			91.375	-nan
477			91.415	-nan
478			91.455	-nan
479			91.495	-nan
480			91.535	-nan
481			91.575	-nan
482			91.615	-nan
483			91.655	-nan
484			91.695	-nan
485			91.735	635.93870495101
486			91.775	631.43155055766
487			91.815	629.04112883665
488			91.855	627.26226909035
489			91.895	626.47918123441
490			91.935	625.31150847857
491			91.975	624.31952706535
492			92.015	623.74666205549
493			92.055	628.2602296302
494			92.095	633.87714363795
495			92.135	629.6144878498
496			92.175	-nan
497			92.215	622.12034665505
498			92.255	621.06865270768
499			92.295	620.13518643791
500			92.335	619.08580884845
501			92.375	618.05788327746
502			92.415	616.63718705231
503			92.455	615.1681757932
504			92.495	614.18498029205
505			92.535	612.2417381494
506			92.575	612.53670597138
507			92.615	-nan
508			92.655	-nan
509			92.695	-nan
510			92.735	-nan
511			92.775	-nan
512			92.815	-nan
513			92.855	-nan
514			92.895	-nan
515			92.935	-nan
516			92.975	-nan
517			93.015	608.78964071875
518			93.055	605.99766698862
519			93.095	604.73493434283
520			93.135	603.94056281298
521			93.175	603.15381020144
522			93.215	602.00295816305
523			93.255	600.60052740329
524			93.295	600.24266532757
525			93.335	598.07823142378
526			93.375	596.90566625899
527			93.415	595.92202006608
528			93.455	-nan
529			93.495	594.07692458622
530			93.535	593.4717469331
531			93.575	593.63152861132
532			93.615	593.6607222308
533			93.655	602.9759851673
534			93.695	611.9765713414
535			93.735	605.01303819436
536			93.775	595.68896637213
537			93.815	595.66295386479
538			93.855	596.76120718658
539			93.895	-nan
540			93.935	-nan
541			93.975	-nan
542			94.015	-nan
543			94.055	-nan
544			94.095	-nan
545			94.135	-nan
546			94.175	-nan
547			94.215	-nan
548			94.255	-nan
549			94.295	589.48559796894
550			94.335	587.45014383249
551			94.375	587.41545185145
552			94.415	587.58685922476
553			94.455	597.19833542747
554			94.495	608.08084241062
555			94.535	600.10212978702
556			94.575	589.95365357384
557			94.615	590.40120611336
558			94.655	590.57328462068
559			94.695	590.71218940562
560			94.735	-nan
561			94.775	588.78992951036
562			94.815	583.66909317328
563			94.855	549.31894500931
564			94.895	359.30970974696
565			94.935	423.91418018761
566			94.975	578.8866626483
567			95.015	583.26573241628
568			95.055	584.74264913645
569			95.095	585.31200559898
570			95.135	587.16010146191
571			95.175	-nan
572			95.215	-nan
573			95.255	-nan
574			95.295	-nan
575			95.335	-nan
576			95.375	-nan
577			95.415	-nan
578			95.455	-nan
579			95.495	-nan
580			95.535	-nan
581			95.575	598.74217657699
582			95.615	596.71726679986
583			95.655	599.09381710249
584			95.695	609.48038197772
585			95.735	601.71732569155
586			95.775	595.31242461288
587			95.815	594.87857977847
588			95.855	594.93427904375
589			95.895	595.56644071152
590			95.935	596.37174740539
591			95.975	597.759000554
592			96.015	-nan
593			96.055	608.85686869215
594			96.095	624.56995128325
595			96.135	614.82944035793
596			96.175	604.40606294068
597			96.215	605.31946589522
598			96.255	605.66382601383
599			96.295	607.08618324914
600			96.335	600.11176772114
601			96.375	560.29058723904
602			96.415	449.30005914889
603			96.455	-nan
604			96.495	-nan
605			96.535	-nan
606			96.575	-nan
607			96.615	-nan
608			96.655	-nan
609			96.695	-nan
610			96.735	-nan
611			96.775	-nan
612			96.815	-nan
613			96.855	623.3212777364
614			96.895	653.98404063296
615			96.935	628.87095934085
616			96.975	619.33033979305
617			97.015	620.90135111946
618			97.055	621.93480545169
619			97.095	623.4779779091
620			97.135	623.36966657389
621			97.175	623.78643899925
622			97.215	624.16333877759
623			97.255	624.38023196637
624			97.295	-nan
625			97.335	624.65182939238
626			97.375	624.49723927908
627			97.415	624.87758989119
628			97.455	625.64178888579
629			97.495	626.5777315114
630			97.535	627.52496568944
631			97.575	628.76370430408
632			97.615	629.13962784937
633			97.655	635.04957272591
634			97.695	669.43205473096
635			97.735	-nan
636			97.775	-nan
637			97.815	-nan
638			97.855	-nan
639			97.895	-nan
640			97.935	-nan
641			97.975	-nan
642			98.015	-nan
643			98.055	-nan
644			98.095	-nan
645			98.135	408.21009888173
646			98.175	494.21980198848
647			98.215	491.15491588454
648			98.255	629.01199881981
649			98.295	645.31744726954
650			98.335	640.55989158634
651			98.375	642.26146802869
652			98.415	644.18556039537
653			98.455	649.06491311144
654			98.495	657.80127828158
655			98.535	654.27541839005
656			98.575	-nan
657			98.615	651.76164372113
658			98.655	652.80561419838
659			98.695	653.83935668919
660			98.735	654.01705646293
661			98.775	649.93054320812
662			98.815	632.59166068002
663			98.855	473.26397703059
664			98.895	411.18105507233
665			98.935	416.872786983
666			98.975	634.43395521484
667			99.015	-nan
668			99.055	-nan
669			99.095	-nan
670			99.135	-nan
671			99.175	-nan
672			99.215	-nan
673			99.255	-nan
674			99.295	-nan
675			99.335	-nan
676			99.375	-nan
677			99.415	666.68828529647
678			99.455	664.378025341
679			99.495	663.75481831565
680			99.535	663.36727378889
681			99.575	657.43599930226
682			99.615	628.13063627268
683			99.655	584.5088606317
684			99.695	418.26669364492
685			99.735	452.88356488136
686			99.775	629.57027859262
687			99.815	629.90223246307
688			99.855	-nan
689			99.895	615.64222091043
690			99.935	663.13742453596
691			99.975	659.93564705533
692			100.015	660.75986394841
693			100.055	668.09903533501
694			100.095	664.0340566858
695			100.135	668.87750843033
696			100.175	664.26790363417
697			100.215	666.5046156308
698			100.255	668.85730003694
699			100.295	-nan
700			100.335	-nan
701			100.375	-nan
702			100.415	-nan
703			100.455	-nan
704			100.495	-nan
705			100.535	-nan
706			100.575	-nan
707			100.615	-nan
708			100.655	-nan
709			100.695	662.80081296157
710			100.735	658.46096105145
711			100.775	658.23230027004
712			100.815	658.64845819763
713			100.855	660.06557322245
714			100.895	668.96086109659
715			100.935	662.73189314058
716			100.975	661.47997621154
717			101.015	661.37501503887
718			101.055	692.13716462323
719			101.095	632.34392248345
720			101.135	-nan
721			101.175	654.48455559474
722			101.215	636.22240389545
723			101.255	468.29864012841
724			101.295	407.73906734579
725			101.335	427.25277717668
726			101.375	634.16429002173
727			101.415	640.59157344355
728			101.455	646.46141575128
729			101.495	646.76466150611
730			101.535	648.69012596784
731			101.575	-nan
732			101.615	-nan
733			101.655	-nan
734			101.695	-nan
735			101.735	-nan
736			101.775	-nan
737			101.815	-nan
738			101.855	-nan
739			101.895	-nan
740			101.935	-nan
741			101.975	649.81169422869
742			102.015	645.76544337544
743			102.055	643.35345282374
744			102.095	643.22152095243
745			102.135	640.54219761328
746			102.175	638.97235769393
747			102.215	637.51177045418
748			102.255	636.4897995303
749			102.295	636.21938729932
750			102.335	634.95956763499
751			102.375	634.23618987006
752			102.415	-nan
753			102.455	633.44442247552
754			102.495	633.50920893541
755			102.535	633.18357178047
756			102.575	633.09956625361
757			102.615	632.79122644453
758			102.655	632.30618375146
759			102.695	631.42346305561
760			102.735	630.2406063606
761			102.775	629.41906639283
762			102.815	629.93820349173
763			102.855	-nan
764			102.895	-nan
765			102.935	-nan
766			102.975	-nan
767			103.015	-nan
768			103.055	-nan
769			103.095	-nan
770			103.135	-nan
771			103.175	-nan
772			103.215	-nan
773			103.255	622.81694878252
774			103.295	620.64828395444
775			103.335	619.7925901517
776			103.375	619.89184462304
777			103.415	619.8115825605
778			103.455	619.47563237725
779			103.495	618.6841966838
780			103.535	617.43089874451
781			103.575	616.03891694371
782			103.615	614.96335629743
783			103.655	613.76346151939
784			103.695	-nan
785			103.735	610.37208974244
786			103.775	608.84564007726
787			103.815	606.92804377399
788			103.855	605.94449732801
789			103.895	605.5212723515
790			103.935	604.76696552917
791			103.975	604.12432573878
792			104.015	603.70798223222
793			104.055	604.48855963698
794			104.095	606.76323710391
795			104.135	-nan
796			104.175	-nan
797			104.215	-nan
798			104.255	-nan
799			104.295	-nan
800			104.335	-nan
801			104.375	-nan
802			104.415	-nan
803			104.455	-nan
804			104.495	-nan
805			104.535	601.13458429465
806			104.575	596.86390256618
807			104.615	595.80338406318
808			104.655	595.07396564534
809			104.695	598.78956084455
810			104.735	594.77176863091
811			104.775	594.22962311595
812			104.815	594.21011359451
813			104.855	594.33396200578
814			104.895	594.95155616113
815			104.935	595.19598111416
816			104.975	-nan
817			105.015	595.60186422428
818			105.055	595.51099300916
819			105.095	595.23468051451
820			105.135	594.63517677412
821			105.175	593.66633314429
822			105.215	592.76865361944
823			105.255	591.75678016523
824			105.295	590.81932095209
825			105.335	589.57918324284
826			105.375	590.14697123174
827			105.415	-nan
828			105.455	-nan
829			105.495	-nan
830			105.535	-nan
831			105.575	-nan
832			105.615	-nan
833			105.655	-nan
834			105.695	-nan
835			105.735	-nan
836			105.775	-nan
837			105.815	594.31404576729
838			105.855	592.65062650532
839			105.895	592.40292654105
840			105.935	592.34766709857
841			105.975	592.10549523764
842			106.015	591.54177128979
843			106.055	590.58054433927
844			106.095	598.37296897851
845			106.135	589.22757362948
846			106.175	588.34567592389
847			106.215	587.74956662994
848			106.255	-nan
849			106.295	571.0566270083
850			106.335	602.38973009613
851			106.375	587.9633806077
852			106.415	588.86447945083
853			106.455	589.91669379286
854			106.495	591.1617445505
855			106.535	591.94574416296
856			106.575	592.80867760892
857			106.615	594.10185400232
858			106.655	596.33153502365
859			106.695	-nan
860			106.735	-nan
861			106.775	-nan
862			106.815	-nan
863			106.855	-nan
864			106.895	-nan
865			106.935	-nan
866			106.975	-nan
867			107.015	-nan
868			107.055	-nan
869			107.095	595.39542960049
870			107.135	593.77817945401
871			107.175	594.47429662549
872			107.215	595.97024477128
873			107.255	597.50868789703
874			107.295	599.09186797101
875			107.335	599.76881200935
876			107.375	600.72518476659
877			107.415	601.85630655834
878			107.455	603.05379687349
879			107.495	610.8693385591
880			107.535	-nan
881			107.575	604.48209717584
882			107.615	604.2952680922
883			107.655	604.03140875986
884			107.695	609.32719799025
885			107.735	603.92174842468
886			107.775	603.58427476642
887			107.815	603.51090392614
888			107.855	601.49989491396
889			107.895	604.34933585651
890			107.935	607.46446772507
891			107.975	-nan
892			108.015	-nan
893			108.055	-nan
894			108.095	-nan
895			108.135	-nan
896			108.175	-nan
897			108.215	-nan
898			108.255	-nan
899			108.295	-nan
900			108.335	-nan
901			108.375	621.35151329859
902			108.415	619.42676803249
903			108.455	619.02054567263
904			108.495	619.15185546752
905			108.535	619.46620352991
906			108.575	619.61080580621
907			108.615	619.66139305537
908			108.655	619.92682624564
909			108.695	620.6361909365
910			108.735	621.71113356787
911			108.775	623.16239101518
912			108.815	-nan
913			108.855	626.10422686365
914			108.895	627.49129449653
915			108.935	628.96516810124
916			108.975	630.57506951216
917			109.015	632.10304770728
918			109.055	633.47414574774
919			109.095	634.21390358643
920			109.135	634.95047910922
921			109.175	635.70709372206
922			109.215	638.03253800869
923			109.255	-nan
924			109.295	-nan
925			109.335	-nan
926			109.375	-nan
927			109.415	-nan
928			109.455	-nan
929			109.495	-nan
930			109.535	-nan
931			109.575	-nan
932			109.615	-nan
933			109.655	646.35020661976
934			109.695	645.46356552341
935			109.735	646.87645031038
936			109.775	648.58759310139
937			109.815	650.17856925553
938			109.855	651.22110712123
939			109.895	651.88435078868
940			109.935	652.33644318039
941			109.975	652.7247590109
942			110.015	653.12447285844
943			110.055	653.45962051721
944			110.095	-nan
945			110.135	653.42405373758
946			110.175	653.2051396593
947			110.215	653.40537376133
948			110.255	653.84647734473
949			110.295	654.73435303258
950			110.335	655.61874170336
951			110.375	656.31529273532
952			110.415	657.5659421518
953			110.455	659.59264600375
954			110.495	663.11717750971
955			110.535	-nan
956			110.575	-nan
957			110.615	-nan
958			110.655	-nan
959			110.695	-nan
960			110.735	-nan
961			110.775	-nan
962			110.815	-nan
963			110.855	-nan
964			110.895	-nan
965			110.935	669.63792068458
966			110.975	666.70660268655
967			111.015	665.50907191087
968			111.055	666.38157531534
969			111.095	667.10812503245
970			111.135	667.82620563114
971			111.175	668.67479351572
972			111.215	669.72676654528
973			111.255	671.09594829528
974			111.295	672.65884406989
975			111.335	674.16910741325
976			111.375	-nan
977			111.415	676.19257517888
978			111.455	676.72858017982
979			111.495	677.00947875486
980			111.535	677.31822362607
981			111.575	677.58452195973
982			111.615	677.43184932813
983			111.655	676.90072706494
984			111.695	676.14861543837
985			111.735	676.00742337961
986			111.775	678.00418679382
987			111.815	-nan
988			111.855	-nan
989			111.895	-nan
990			111.935	-nan
991			111.975	-nan
992			112.015	-nan
993			112.055	-nan
994			112.095	-nan
995			112.135	-nan
996			112.175	-nan
997			112.215	684.36450625399
998			112.255	681.91196173464
999			112.295	681.11687692949
1000		112.335	681.13478749534
1001		112.375	680.90947271937
1002		112.415	680.30132838054
1003		112.455	679.36222950943
1004		112.495	678.28195719903
1005		112.535	677.62752516334
1006		112.575	676.95872517052
1007		112.615	676.2724676782
1008		112.655	-nan
1009		112.695	675.23026353588
1010		112.735	674.92187473679
1011		112.775	675.10281371407
1012		112.815	675.64873791625
1013		112.855	676.41610005221
1014		112.895	677.27958166349
1015		112.935	677.3150257478
1016		112.975	677.39391895143
1017		113.015	678.07725319558
1018		113.055	680.26459352239
1019		113.095	-nan
1020		113.135	-nan
1021		113.175	-nan
1022		113.215	-nan
1023		113.255	-nan
1024		113.295	-nan
1025		113.335	-nan
1026		113.375	-nan
1027		113.415	-nan
1028		113.455	-nan
1029		113.495	673.70604988362
1030		113.535	670.16235624867
1031		113.575	668.49550744441
1032		113.615	670.07263867784
1033		113.655	670.46045685673
1034		113.695	670.79488762606
1035		113.735	670.76706786505
1036		113.775	671.00378826329
1037		113.815	671.14709767605
1038		113.855	671.24000454157
1039		113.895	670.99786581949
1040		113.935	-nan
1041		113.975	669.08394357584
1042		114.015	667.87953788276
1043		114.055	666.61684134361
1044		114.095	665.88977590266
1045		114.135	664.42277801174
1046		114.175	663.15808713783
1047		114.215	661.85731221757
1048		114.255	660.09521585257
1049		114.295	660.22333521651
1050		114.335	661.68141567169
1051		114.375	-nan
1052		114.415	-nan
1053		114.455	-nan
1054		114.495	-nan
1055		114.535	-nan
1056		114.575	-nan
1057		114.615	-nan
1058		114.655	-nan
1059		114.695	-nan
1060		114.735	-nan
1061		114.775	661.10938295138
1062		114.815	657.46255658128
1063		114.855	655.42249224274
1064		114.895	654.12761267038
1065		114.935	653.13388910564
1066		114.975	652.05418314358
1067		115.015	650.97625203528
1068		115.055	650.10390256349
1069		115.095	649.47789451908
1070		115.135	649.08063688991
1071		115.175	648.85488068319
1072		115.215	-nan
1073		115.255	648.37641699021
1074		115.295	648.42083174441
1075		115.335	648.41819772167
1076		115.375	648.67918976343
1077		115.415	648.86273244153
1078		115.455	648.67524825698
1079		115.495	647.99825693695
1080		115.535	647.17846441743
1081		115.575	646.75013630369
1082		115.615	647.78738531472
1083		115.655	-nan
1084		115.695	-nan
1085		115.735	-nan
1086		115.775	-nan
1087		115.815	-nan
1088		115.855	-nan
1089		115.895	-nan
1090		115.935	-nan
1091		115.975	-nan
1092		116.015	-nan
1093		116.055	641.85316095181
1094		116.095	638.86033928548
1095		116.135	639.07540834827
1096		116.175	639.25412810578
1097		116.215	639.52303890443
1098		116.255	639.45395793226
1099		116.295	639.13967187663
1100		116.335	638.62705103639
1101		116.375	637.95369177973
1102		116.415	637.25485901401
1103		116.455	636.45404059836
1104		116.495	-nan
1105		116.535	634.32221918716
1106		116.575	633.30500501072
1107		116.615	632.58385317492
1108		116.655	632.03893044528
1109		116.695	631.83520594923
1110		116.735	631.70032097909
1111		116.775	631.22491874625
1112		116.815	631.23982774742
1113		116.855	631.53118862312
1114		116.895	634.36297362115
1115		116.935	-nan
1116		116.975	-nan
1117		117.015	-nan
1118		117.055	-nan
1119		117.095	-nan
1120		117.135	-nan
1121		117.175	-nan
1122		117.215	-nan
1123		117.255	-nan
1124		117.295	-nan
1125		117.335	632.81397528882
1126		117.375	629.62036924185
1127		117.415	627.92103501738
1128		117.455	628.08972677002
1129		117.495	628.29326924966
1130		117.535	628.36089262134
1131		117.575	628.57035380087
1132		117.615	628.94800843439
1133		117.655	629.5689384051
1134		117.695	630.16960475226
1135		117.735	630.90497615953
1136		117.775	-nan
1137		117.815	631.75823151554
1138		117.855	631.99053170444
1139		117.895	632.11952168044
1140		117.935	632.29968447667
1141		117.975	632.17660681859
1142		118.015	631.84089098805
1143		118.055	631.22098871325
1144		118.095	630.6342761757
1145		118.135	630.47295332961
1146		118.175	631.5059183125
1147		118.215	-nan
1148		118.255	-nan
1149		118.295	-nan
1150		118.335	-nan
1151		118.375	-nan
1152		118.415	-nan
1153		118.455	-nan
1154		118.495	-nan
1155		118.535	-nan
1156		118.575	-nan
1157		118.615	638.35160007078
1158		118.655	636.25815706914
1159		118.695	636.11656962746
1160		118.735	636.58391636624
1161		118.775	636.99343331281
1162		118.815	637.20654771629
1163		118.855	637.13117484012
1164		118.895	637.01681501918
1165		118.935	637.10246959565
1166		118.975	636.95558076959
1167		119.015	637.12362851998
1168		119.055	-nan
1169		119.095	637.9091713079
1170		119.135	638.38613763321
1171		119.175	639.20015116291
1172		119.215	640.23084397047
1173		119.255	641.38855531049
1174		119.295	642.42198085941
1175		119.335	643.17542742261
1176		119.375	644.10807769872
1177		119.415	645.48276305616
1178		119.455	648.37226474912
1179		119.495	-nan
1180		119.535	-nan
1181		119.575	-nan
1182		119.615	-nan
1183		119.655	-nan
1184		119.695	-nan
1185		119.735	-nan
1186		119.775	-nan
1187		119.815	-nan
1188		119.855	-nan
1189		119.895	653.40897158412
1190		119.935	650.88339359444
1191		119.975	651.46553812806
1192		120.015	653.05797389175
1193		120.055	654.31307909224
1194		120.095	655.77750534734
1195		120.135	657.01385832936
1196		120.175	658.22000116224
1197		120.215	659.32863628094
1198		120.255	660.61307557021
1199		120.295	661.68302234649
1200		120.335	-nan
1201		120.375	663.46733134789
1202		120.415	663.84142690367
1203		120.455	664.38539909587
1204		120.495	664.92202781214
1205		120.535	665.33977442821
1206		120.575	665.72392098452
1207		120.615	666.15257736331
1208		120.655	666.61774415068
1209		120.695	666.44818012391
1210		120.735	671.28149101296
1211		120.775	-nan
1212		120.815	-nan
1213		120.855	-nan
1214		120.895	-nan
1215		120.935	-nan
1216		120.975	-nan
1217		121.015	-nan
1218		121.055	-nan
1219		121.095	-nan
1220		121.135	-nan
1221		121.175	684.72592955397
1222		121.215	682.31193799358
1223		121.255	682.0901038596
1224		121.295	682.82001942781
1225		121.335	683.68531391327
1226		121.375	684.39511633153
1227		121.415	684.96668471395
1228		121.455	685.54605864231
1229		121.495	686.4203515769
1230		121.535	687.54815032683
1231		121.575	689.01522783696
1232		121.615	-nan
1233		121.655	691.75040577073
1234		121.695	693.03203694022
1235		121.735	694.47323540527
1236		121.775	695.90217217705
1237		121.815	697.42120293352
1238		121.855	698.44808185033
1239		121.895	699.34239782814
1240		121.935	699.83155116217
1241		121.975	701.33037098772
1242		122.015	704.49891484233
1243		122.055	-nan
1244		122.095	-nan
1245		122.135	-nan
1246		122.175	-nan
1247		122.215	-nan
1248		122.255	-nan
1249		122.295	-nan
1250		122.335	-nan
1251		122.375	-nan
1252		122.415	-nan
1253		122.455	713.0759504789
1254		122.495	710.98575859285
1255		122.535	711.34203851522
1256		122.575	712.82590899735
1257		122.615	714.61007580811
1258		122.655	715.35692533492
1259		122.695	716.08049216407
1260		122.735	716.77899087061
1261		122.775	717.36561056183
1262		122.815	717.96113592982
1263		122.855	718.6998527604
1264		122.895	-nan
1265		122.935	719.56244264644
1266		122.975	719.74461090684
1267		123.015	720.17814929445
1268		123.055	720.75442523266
1269		123.095	721.42512985346
1270		123.135	722.24964237743
1271		123.175	722.78431660427
1272		123.215	723.27879688089
1273		123.255	725.05755748121
1274		123.295	728.14322481044
1275		123.335	-nan
1276		123.375	-nan
1277		123.415	-nan
1278		123.455	-nan
1279		123.495	-nan
1280		123.535	-nan
1281		123.575	-nan
1282		123.615	-nan
1283		123.655	-nan
1284		123.695	-nan
1285		123.735	734.26509258983
1286		123.775	731.07417889396
1287		123.815	730.64841092911
1288		123.855	731.06316093762
1289		123.895	731.85243658715
1290		123.935	732.31755487747
1291		123.975	732.67537413743
1292		124.015	733.01638512921
1293		124.055	733.57001795965
1294		124.095	734.48450195204
1295		124.135	735.30727171558
1296		124.175	-nan
1297		124.215	736.56864140359
1298		124.255	736.79082603565
1299		124.295	736.99898047651
1300		124.335	737.26822533702
1301		124.375	737.64135163118
1302		124.415	737.76414758833
1303		124.455	737.40057291803
1304		124.495	737.05948814966
1305		124.535	736.69743020101
1306		124.575	740.07790660298
1307		124.615	-nan
1308		124.655	-nan
1309		124.695	-nan
1310		124.735	-nan
1311		124.775	-nan
1312		124.815	-nan
1313		124.855	-nan
1314		124.895	-nan
1315		124.935	-nan
1316		124.975	-nan
1317		125.015	743.30256055246
1318		125.055	739.10211972966
1319		125.095	738.1101703616
1320		125.135	738.50606936009
1321		125.175	738.64527679556
1322		125.215	738.07975595908
1323		125.255	737.91556155655
1324		125.295	737.36043509061
1325		125.335	737.0536920577
1326		125.375	736.93237497674
1327		125.415	736.7782214485
1328		125.455	-nan
1329		125.495	736.22149742459
1330		125.535	735.77780619725
1331		125.575	735.58790408535
1332		125.615	735.76039200886
1333		125.655	736.01768003822
1334		125.695	735.71634434632
1335		125.735	735.81720896687
1336		125.775	735.57172309426
1337		125.815	736.13573429364
1338		125.855	737.8957323978
1339		125.895	-nan
1340		125.935	-nan
1341		125.975	-nan
1342		126.015	-nan
1343		126.055	-nan
1344		126.095	-nan
1345		126.135	-nan
1346		126.175	-nan
1347		126.215	-nan
1348		126.255	-nan
1349		126.295	734.05310145356
1350		126.335	731.0582469196
1351		126.375	729.48627119235
1352		126.415	729.66404001613
1353		126.455	729.76711006467
1354		126.495	729.88294926198
1355		126.535	730.29402459113
1356		126.575	728.93846554148
1357		126.615	728.69394179594
1358		126.655	728.57748267183
1359		126.695	728.53391391277
1360		126.735	-nan
1361		126.775	727.07377482364
1362		126.815	726.43824061561
1363		126.855	725.55670700699
1364		126.895	724.90715039915
1365		126.935	724.38730570991
1366		126.975	723.83978552404
1367		127.015	722.8967139774
1368		127.055	722.43814947136
1369		127.095	722.14865280591
1370		127.135	724.48105644065
1371		127.175	-nan
1372		127.215	-nan
1373		127.255	-nan
1374		127.295	-nan
1375		127.335	-nan
1376		127.375	-nan
1377		127.415	-nan
1378		127.455	-nan
1379		127.495	-nan
1380		127.535	-nan
1381		127.575	721.82081674526
1382		127.615	717.74028425583
1383		127.655	715.97509207851
1384		127.695	715.47783743956
1385		127.735	714.95043808747
1386		127.775	714.22070750229
1387		127.815	713.27125213351
1388		127.855	712.53668330929
1389		127.895	711.99469649323
1390		127.935	711.71569029401
1391		127.975	711.49903858387
1392		128.015	-nan
1393		128.055	710.74521793439
1394		128.095	710.3140436143
1395		128.135	709.99775229939
1396		128.175	709.95688559314
1397		128.215	709.87004468559
1398		128.255	709.68838406984
1399		128.295	709.02475243748
1400		128.335	708.38294702354
1401		128.375	708.25078115224
1402		128.415	710.45790382847
1403		128.455	-nan
1404		128.495	-nan
1405		128.535	-nan
1406		128.575	-nan
1407		128.615	-nan
1408		128.655	-nan
1409		128.695	-nan
1410		128.735	-nan
1411		128.775	-nan
1412		128.815	-nan
1413		128.855	707.74086803186
1414		128.895	704.16048435604
1415		128.935	702.58795387586
1416		128.975	703.11932322599
1417		129.015	703.22553567709
1418		129.055	702.99059109332
1419		129.095	702.49950156252
1420		129.135	702.08559337849
1421		129.175	701.89692051019
1422		129.215	701.70000082144
1423		129.255	701.56955129313
1424		129.295	-nan
1425		129.335	700.75866200815
1426		129.375	700.18099857774
1427		129.415	699.87036369348
1428		129.455	699.73664220716
1429		129.495	699.7884654414
1430		129.535	699.50466316592
1431		129.575	699.21366870211
1432		129.615	698.79940738301
1433		129.655	699.35845687426
1434		129.695	701.58406061663
1435		129.735	-nan
1436		129.775	-nan
1437		129.815	-nan
1438		129.855	-nan
1439		129.895	-nan
1440		129.935	-nan
1441		129.975	-nan
1442		130.015	-nan
1443		130.055	-nan
1444		130.095	-nan
1445		130.135	701.97244706315
1446		130.175	699.2263308897
1447		130.215	698.11886810232
1448		130.255	698.63099017217
1449		130.295	699.40735583286
1450		130.335	699.56905655424
1451		130.375	699.32523452123
1452		130.415	698.98926646681
1453		130.455	699.2514498186
1454		130.495	699.7585418733
1455		130.535	700.19827734614
1456		130.575	-nan
1457		130.615	700.70872645893
1458		130.655	700.82221580342
1459		130.695	701.03726833924
1460		130.735	701.322039437
1461		130.775	701.78027445741
1462		130.815	702.12992668515
1463		130.855	702.17044412327
1464		130.895	702.28344927837
1465		130.935	702.92924156007
1466		130.975	705.68426447704
1467		131.015	-nan
1468		131.055	-nan
1469		131.095	-nan
1470		131.135	-nan
1471		131.175	-nan
1472		131.215	-nan
1473		131.255	-nan
1474		131.295	-nan
1475		131.335	-nan
1476		131.375	-nan
1477		131.415	711.22427208038
1478		131.455	707.61179345947
1479		131.495	707.70005163376
1480		131.535	710.24734987265
1481		131.575	709.92122184813
1482		131.615	710.03872647291
1483		131.655	710.12370840921
1484		131.695	710.10900494498
1485		131.735	710.64797475397
1486		131.775	711.316129265
1487		131.815	711.8959367936
1488		131.855	-nan
1489		131.895	713.26020293401
1490		131.935	713.77794887045
1491		131.975	714.80476567066
1492		132.015	717.74403284551
1493		132.055	716.6390198946
1494		132.095	717.2856806366
1495		132.135	717.83491188566
1496		132.175	718.7366886685
1497		132.215	720.22445924194
1498		132.255	724.34747714796
1499		132.295	-nan
1500		132.335	-nan
1501		132.375	-nan
1502		132.415	-nan
1503		132.455	-nan
1504		132.495	-nan
1505		132.535	-nan
1506		132.575	-nan
1507		132.615	-nan
1508		132.655	-nan
1509		132.695	731.14474967916
1510		132.735	728.02647927156
1511		132.775	727.89066119106
1512		132.815	729.08515953709
1513		132.855	730.88693988735
1514		132.895	731.93670649472
1515		132.935	733.13048959419
1516		132.975	734.40205043226
1517		133.015	735.94561348104
1518		133.055	736.1291786533
1519		133.095	736.7676239088
1520		133.135	-nan
1521		133.175	738.12645697903
1522		133.215	738.5276455537
1523		133.255	739.15921260084
1524		133.295	740.184569528
1525		133.335	741.46173569492
1526		133.375	742.23970609089
1527		133.415	743.36778370299
1528		133.455	743.81382280512
1529		133.495	745.55643452131
1530		133.535	749.65400804058
1531		133.575	-nan
1532		133.615	-nan
1533		133.655	-nan
1534		133.695	-nan
1535		133.735	-nan
1536		138.895	-nan
1537		138.935	-nan
1538		138.975	-nan
1539		139.015	-nan
1540		139.055	-nan
1541		139.095	805.93557192563
1542		139.135	800.36342003122
1543		139.175	798.06348560889
1544		139.215	798.0394176108
1545		139.255	797.97748866542
1546		139.295	798.12838984905
1547		139.335	796.3167241821
1548		139.375	795.2188115263
1549		139.415	794.32231820962
1550		139.455	793.941348321
1551		139.495	793.27947525778
1552		139.535	-nan
1553		139.575	792.09717530788
1554		139.615	790.89326522214
1555		139.655	790.26134774036
1556		139.695	789.62189800318
1557		139.735	789.51649387079
1558		139.775	789.37359183087
1559		139.815	788.64554168079
1560		139.855	787.67916177695
1561		139.895	788.32860238046
1562		139.935	792.45802794003
1563		139.975	-nan
1564		140.015	-nan
1565		140.055	-nan
1566		140.095	-nan
1567		140.135	-nan
1568		140.175	-nan
1569		140.215	-nan
1570		140.255	-nan
1571		140.295	-nan
1572		140.335	-nan
1573		140.375	786.86334491761
1574		140.415	780.32318901115
1575		140.455	780.11014104049
1576		140.495	780.23347243852
1577		140.535	780.3833407666
1578		140.575	780.40856891249
1579		140.615	780.11458118107
1580		140.655	780.20936761438
1581		140.695	780.18721185321
1582		140.735	779.62803316002
1583		140.775	778.72430966406
1584		140.815	-nan
1585		140.855	776.89450935531
1586		140.895	775.61664876108
1587		140.935	774.67596028349
1588		140.975	774.07474694264
1589		141.015	773.48863750664
1590		141.055	772.78459831152
1591		141.095	771.72200916379
1592		141.135	770.7795408307
1593		141.175	768.76396864545
1594		141.215	774.05489265321
1595		141.255	-nan
1596		141.295	-nan
1597		141.335	-nan
1598		141.375	-nan
1599		141.415	-nan
1600		141.455	-nan
1601		141.495	-nan
1602		141.535	-nan
1603		141.575	-nan
1604		141.615	-nan
1605		141.655	773.23673376585
1606		141.695	767.47093925044
1607		141.735	765.1872287339
1608		141.775	765.83425825864
1609		141.815	766.03330569908
1610		141.855	765.59598977225
1611		141.895	764.91062645303
1612		141.935	764.68139702805
1613		141.975	764.70218877321
1614		142.015	764.84330495747
1615		142.055	765.4946129219
1616		142.095	-nan
1617		142.135	765.03412031277
1618		142.175	764.07047470374
1619		142.215	763.60948995431
1620		142.255	763.54014341723
1621		142.295	763.4068596406
1622		142.335	763.48950390221
1623		142.375	762.89345404161
1624		142.415	762.22953588908
1625		142.455	762.5242434365
1626		142.495	764.99940320145
1627		142.535	-nan
1628		142.575	-nan
1629		142.615	-nan
1630		142.655	-nan
1631		142.695	-nan
1632		142.735	-nan
1633		142.775	-nan
1634		142.815	-nan
1635		142.855	-nan
1636		142.895	-nan
1637		142.935	767.00926322569
1638		142.975	762.81747111507
1639		143.015	761.24111726567
1640		143.055	761.68971065989
1641		143.095	762.0119135898
1642		143.135	762.33098081442
1643		143.175	762.28021446067
1644		143.215	762.32917436029
1645		143.255	762.48848082275
1646		143.295	762.69093981954
1647		143.335	763.06139690439
1648		143.375	-nan
1649		143.415	764.77551246444
1650		143.455	764.97110084585
1651		143.495	765.51741811888
1652		143.535	764.91110525508
1653		143.575	764.42945061847
1654		143.615	764.35086154198
1655		143.655	763.49469760487
1656		143.695	762.24055659488
1657		143.735	763.70562085646
1658		143.775	767.91609286787
1659		143.815	-nan
1660		143.855	-nan
1661		143.895	-nan
1662		143.935	-nan
1663		143.975	-nan
1664		144.015	-nan
1665		144.055	-nan
1666		144.095	-nan
1667		144.135	-nan
1668		144.175	-nan
1669		144.215	771.42358777461
1670		144.255	764.97237524582
1671		144.295	765.42361402631
1672		144.335	765.83912577679
1673		144.375	766.56398651885
1674		144.415	767.08696577472
1675		144.455	767.45501625729
1676		144.495	767.86952294335
1677		144.535	768.59240917011
1678		144.575	769.35307591064
1679		144.615	770.37193930933
1680		144.655	-nan
1681		144.695	771.80176290797
1682		144.735	772.14377617099
1683		144.775	772.68535868174
1684		144.815	773.47383011542
1685		144.855	774.24380705788
1686		144.895	775.59234640234
1687		144.935	774.64990196997
1688		144.975	774.65917967402
1689		145.015	773.80531115939
1690		145.055	779.68778238061
1691		145.095	-nan
1692		145.135	-nan
1693		145.175	-nan
1694		145.215	-nan
1695		145.255	-nan
1696		145.295	-nan
1697		145.335	-nan
1698		145.375	-nan
1699		145.415	-nan
1700		145.455	-nan
1701		145.495	787.85880734559
1702		145.535	783.55868355951
1703		145.575	782.86425674222
1704		145.615	784.00036072251
1705		145.655	784.92554759392
1706		145.695	785.49057538056
1707		145.735	785.75286450134
1708		145.775	785.97395443506
1709		145.815	789.88150372022
1710		145.855	789.20370100282
1711		145.895	788.26082707863
1712		145.935	-nan
1713		145.975	789.99513965367
1714		146.015	789.8214176975
1715		146.055	790.66735248464
1716		146.095	791.69561728394
1717		146.135	793.03497438661
1718		146.175	794.010429802
1719		146.215	794.18863653498
1720		146.255	795.14564096028
1721		146.295	796.82607409388
1722		146.335	801.2961426491
1723		146.375	-nan
1724		146.415	-nan
1725		146.455	-nan
1726		146.495	-nan
1727		146.535	-nan
1728		146.575	-nan
1729		146.615	-nan
1730		146.655	-nan
1731		146.695	-nan
1732		146.735	-nan
1733		146.775	808.27664389696
1734		146.815	803.76912461332
1735		146.855	803.17198669485
1736		146.895	804.54883965068
1737		146.935	806.12969631959
1738		146.975	807.16066040515
1739		147.015	807.88168858509
1740		147.055	808.61422385145
1741		147.095	809.56432180303
1742		147.135	810.69665687252
1743		147.175	811.68997800777
1744		147.215	-nan
1745		147.255	813.00776951444
1746		147.295	813.31001766092
1747		147.335	813.66606632415
1748		147.375	814.27636890212
1749		147.415	815.12368208112
1750		147.455	815.56935852767
1751		147.495	815.67731644198
1752		147.535	815.1579549253
1753		147.575	816.81993046656
1754		147.615	822.1828240316
1755		147.655	-nan
1756		147.695	-nan
1757		147.735	-nan
1758		147.775	-nan
1759		147.815	-nan
1760		147.855	-nan
1761		147.895	-nan
1762		147.935	-nan
1763		147.975	-nan
1764		148.015	-nan
1765		148.055	830.00194017378
1766		148.095	824.30947204707
1767		148.135	823.79732732723
1768		148.175	824.37881135126
1769		148.215	824.93465955287
1770		148.255	825.20322064641
1771		148.295	825.17726289249
1772		148.335	825.22017826046
1773		148.375	825.71180329083
1774		148.415	826.28908772786
1775		148.455	827.07392240318
1776		148.495	-nan
1777		148.535	828.24357573212
1778		148.575	828.53278899062
1779		148.615	832.87796087987
1780		148.655	833.44961870631
1781		148.695	831.10246219207
1782		148.735	831.89467649003
1783		148.775	831.93926813149
1784		148.815	831.84434693225
1785		148.855	832.34623956025
1786		148.895	837.53498217566
1787		148.935	-nan
1788		148.975	-nan
1789		149.015	-nan
1790		149.055	-nan
1791		149.095	-nan
1792		149.135	-nan
1793		149.175	-nan
1794		149.215	-nan
1795		149.255	-nan
1796		149.295	-nan
1797		149.335	840.7655381892
1798		149.375	835.11661787119
1799		149.415	833.83622057575
1800		149.455	834.82578148723
1801		149.495	835.55994748106
1802		149.535	835.93503014475
1803		149.575	835.7342829461
1804		149.615	835.52417105428
1805		149.655	835.46394912858
1806		149.695	835.52881478337
1807		149.735	835.52869568957
1808		149.775	-nan
1809		149.815	834.79037098532
1810		149.855	834.28183144876
1811		149.895	834.24767647656
1812		149.935	835.58625879815
1813		149.975	838.40395971217
1814		150.015	832.14622484942
1815		150.055	833.08970299565
1816		150.095	833.01393563614
1817		150.135	833.58981660511
1818		150.175	837.87614106831
1819		150.215	-nan
1820		150.255	-nan
1821		150.295	-nan
1822		150.335	-nan
1823		150.375	-nan
1824		150.415	-nan
1825		150.455	-nan
1826		150.495	-nan
1827		150.535	-nan
1828		150.575	-nan
1829		150.615	844.86359421783
1830		150.655	830.47797338575
1831		150.695	828.67847385695
1832		150.735	828.45702709541
1833		150.775	828.38939301654
1834		150.815	828.06490780398
1835		150.855	827.44373564251
1836		150.895	826.74732619673
1837		150.935	826.38635808533
1838		150.975	826.38610379976
1839		151.015	826.49074862251
1840		151.055	-nan
1841		151.095	825.69961550176
1842		151.135	825.17338474407
1843		151.175	824.74322546664
1844		151.215	824.33594084326
1845		151.255	823.98406335661
1846		151.295	823.57038235607
1847		151.335	791.34848673521
1848		151.375	811.84856244498
1849		151.415	819.8052145718
1850		151.455	824.19340803456
1851		151.495	-nan
1852		151.535	-nan
1853		151.575	-nan
1854		151.615	-nan
1855		151.655	-nan
1856		151.695	-nan
1857		151.735	-nan
1858		151.775	-nan
1859		151.815	-nan
1860		151.855	-nan
1861		151.895	821.02619628148
1862		151.935	815.69435847368
1863		151.975	813.12461188899
1864		152.015	812.68903932844
1865		152.055	812.33840981297
1866		152.095	811.5656825984
1867		152.135	810.29957988883
1868		152.175	809.10241457952
1869		152.215	808.12156414595
1870		152.255	807.39257777292
1871		152.295	806.88519614592
1872		152.335	-nan
1873		152.375	804.87901822421
1874		152.415	803.88764250935
1875		152.455	803.23705362984
1876		152.495	802.8454914253
1877		152.535	802.50546711081
1878		152.575	802.14174745623
1879		152.615	801.2382996171
1880		152.655	800.49939230515
1881		152.695	800.22931340543
1882		152.735	804.31792314193
1883		152.775	-nan
1884		152.815	-nan
1885		152.855	-nan
1886		152.895	-nan
1887		152.935	-nan
1888		152.975	-nan
1889		153.015	-nan
1890		153.055	-nan
1891		153.095	-nan
1892		153.135	-nan
1893		153.175	798.27369077849
1894		153.215	792.19260220428
1895		153.255	789.97518518299
1896		153.295	790.11983612732
1897		153.335	790.09899294162
1898		153.375	789.75912939318
1899		153.415	789.10161553955
1900		153.455	788.55187133188
1901		153.495	788.19903912842
1902		153.535	787.90617037274
1903		153.575	787.60733197941
1904		153.615	-nan
1905		153.655	785.95878031403
1906		153.695	784.96773432424
1907		153.735	784.01108090382
1908		153.775	783.38070538814
1909		153.815	782.68455409071
1910		153.855	781.85148102051
1911		153.895	780.80966514307
1912		153.935	779.63905258851
1913		153.975	779.65486767897
1914		154.015	781.91914862899
1915		154.055	-nan
1916		154.095	-nan
1917		154.135	-nan
1918		154.175	-nan
1919		154.215	-nan
1920		154.255	-nan
1921		154.295	-nan
1922		154.335	-nan
1923		154.375	-nan
1924		154.415	-nan
1925		154.455	781.14354954219
1926		154.495	775.88085875502
1927		154.535	773.88078967394
1928		154.575	773.44281923651
1929		154.615	772.96373650282
1930		154.655	772.30614353558
1931		154.695	771.30024870384
1932		154.735	770.42913553197
1933		154.775	769.93967920142
1934		154.815	769.56825907312
1935		154.855	769.5398945391
1936		154.895	-nan
1937		154.935	768.85558982566
1938		154.975	768.5408030207
1939		155.015	768.41622448801
1940		155.055	768.44115239472
1941		155.095	768.6116932608
1942		155.135	768.40303024128
1943		155.175	767.95118345347
1944		155.215	767.0014090925
1945		155.255	767.37624199914
1946		155.295	770.85134226237
1947		155.335	-nan
1948		155.375	-nan
1949		155.415	-nan
1950		155.455	-nan
1951		155.495	-nan
1952		155.535	-nan
1953		155.575	-nan
1954		155.615	-nan
1955		155.655	-nan
1956		155.695	-nan
1957		155.735	768.92060293967
1958		155.775	762.90914043123
1959		155.815	763.3513371843
1960		155.855	763.58393530737
1961		155.895	764.38449827599
1962		155.935	764.40493352431
1963		155.975	764.32450371027
1964		156.015	764.12152950463
1965		156.055	764.08088006528
1966		156.095	764.05455347042
1967		156.135	764.13102359654
1968		156.175	-nan
1969		156.215	763.36710006359
1970		156.255	762.77936607328
1971		156.295	762.49491387564
1972		156.335	762.44352606264
1973		156.375	762.57662191585
1974		156.415	762.51124953578
1975		156.455	762.38209885662
1976		156.495	762.1855699282
1977		156.535	762.12349825284
1978		156.575	766.73836944125
1979		156.615	-nan
1980		156.655	-nan
1981		156.695	-nan
1982		156.735	-nan
1983		156.775	-nan
1984		156.815	-nan
1985		156.855	-nan
1986		156.895	-nan
1987		156.935	-nan
1988		156.975	-nan
1989		157.015	769.80418504286
1990		157.055	765.14495575008
1991		157.095	763.35054681329
1992		157.135	764.25731995404
1993		157.175	764.72396274483
1994		157.215	764.90018008899
1995		157.255	764.80807053663
1996		157.295	764.91961303609
1997		157.335	765.35786267179
1998		157.375	766.07115029387
1999		157.415	766.96229299137
2000		157.455	-nan
2001		157.495	768.11599797144
2002		157.535	768.29334661695
2003		157.575	768.70891995177
2004		157.615	769.41516158317
2005		157.655	770.00543012423
2006		157.695	770.28518349825
2007		157.735	769.99059502508
2008		157.775	769.64054999231
2009		157.815	770.43039624822
2010		157.855	772.01350578234
2011		157.895	-nan
2012		157.935	-nan
2013		157.975	-nan
2014		158.015	-nan
2015		158.055	-nan
2016		158.095	-nan
2017		158.135	-nan
2018		158.175	-nan
2019		158.215	-nan
2020		158.255	-nan
2021		158.295	778.16128816282
2022		158.335	776.23277207685
2023		158.375	775.04358667835
2024		158.415	775.82714872992
2025		158.455	776.67620741792
2026		158.495	777.12542240675
2027		158.535	777.16928244842
2028		158.575	777.12496980331
2029		158.615	777.43379459005
2030		158.655	777.8641630208
2031		158.695	778.23321072963
2032		158.735	-nan
2033		158.775	778.70956033169
2034		158.815	778.72277083522
2035		158.855	779.14040583096
2036		158.895	779.86717279884
2037		158.935	780.8069156129
2038		158.975	781.50361329165
2039		159.015	782.01391144
2040		159.055	782.02377581035
2041		159.095	783.96250701397
2042		159.135	787.25639196053
2043		159.175	-nan
2044		159.215	-nan
2045		159.255	-nan
2046		159.295	-nan
2047		159.335	-nan
2048		159.375	-nan
2049		159.415	-nan
2050		159.455	-nan
2051		159.495	-nan
2052		159.535	-nan
2053		159.575	790.6645331498
2054		159.615	785.62255882849
2055		159.655	786.27530047823
2056		159.695	786.91381808678
2057		159.735	788.01152016724
2058		159.775	788.64368491224
2059		159.815	789.05040995737
2060		159.855	789.54800136725
2061		159.895	790.14576056168
2062		159.935	790.99085038126
2063		159.975	791.79993940236
2064		160.015	-nan
2065		160.055	792.43887257396
2066		160.095	792.35016562674
2067		160.135	792.54138741173
2068		160.175	792.89593368128
2069		160.215	793.23793249075
2070		160.255	793.54373530953
2071		160.295	793.09058940429
2072		160.335	792.89693813339
2073		160.375	792.39284107484
2074		160.415	797.15921948375
2075		160.455	-nan
2076		160.495	-nan
2077		160.535	-nan
2078		160.575	-nan
2079		160.615	-nan
2080		160.655	-nan
2081		160.695	-nan
2082		160.735	-nan
2083		160.775	-nan
2084		160.815	-nan
2085		160.855	802.79408422546
2086		160.895	798.17937452216
2087		160.935	796.45330831593
2088		160.975	796.95616002089
2089		161.015	797.17920622429
2090		161.055	797.01465723746
2091		161.095	796.41894841596
2092		161.135	796.05010002705
2093		161.175	795.92768431693
2094		161.215	796.04344311395
2095		161.255	796.48989304162
2096		161.295	-nan
2097		161.335	796.38317181778
2098		161.375	796.53081830814
2099		161.415	796.65455090928
2100		161.455	797.13478323252
2101		161.495	797.61079945689
2102		161.535	797.81046719253
2103		161.575	797.4627065651
2104		161.615	797.16346153363
2105		161.655	797.64674444629
2106		161.695	797.9057595045
2107		161.735	-nan
2108		161.775	-nan
2109		161.815	-nan
2110		161.855	-nan
2111		161.895	-nan
2112		161.935	-nan
2113		161.975	-nan
2114		162.015	-nan
2115		162.055	-nan
2116		162.095	-nan
2117		162.135	796.0950166386
2118		162.175	794.67658716859
2119		162.215	793.09925267822
2120		162.255	793.24911820964
2121		162.295	793.60442769086
2122		162.335	794.47162847626
2123		162.375	793.09907606373
2124		162.415	792.63944364741
2125		162.455	792.2687876348
2126		162.495	792.03798069876
2127		162.535	791.61813446599
2128		162.575	-nan
2129		162.615	789.9093245571
2130		162.655	788.80527807972
2131		162.695	787.9535778777
2132		162.735	787.4224293336
2133		162.775	787.0372458903
2134		162.815	786.49597823959
2135		162.855	785.62214238914
2136		162.895	784.35673956076
2137		162.935	784.91191418655
2138		162.975	788.21393524983
2139		163.015	-nan
2140		163.055	-nan
2141		163.095	-nan
2142		163.135	-nan
2143		163.175	-nan
2144		163.215	-nan
2145		163.255	-nan
2146		163.295	-nan
2147		163.335	-nan
2148		163.375	-nan
2149		163.415	785.34179860285
2150		163.455	779.55207499947
2151		163.495	777.74223754887
2152		163.535	776.94797712678
2153		163.575	776.38312417022
2154		163.615	775.45769883245
2155		163.655	774.41199486199
2156		163.695	773.59204704828
2157		163.735	772.74283534668
2158		163.775	772.44977337787
2159		163.815	772.26913799547
2160		163.855	-nan
2161		163.895	770.76548620444
2162		163.935	769.99712429804
2163		163.975	769.31502586194
2164		164.015	768.91904493969
2165		164.055	768.35191355169
2166		164.095	767.51791907713
2167		164.135	766.15860570716
2168		164.175	764.54310348077
2169		164.215	762.94597272126
2170		164.255	766.44122720734
2171		164.295	-nan
2172		164.335	-nan
2173		164.375	-nan
2174		164.415	-nan
2175		164.455	-nan
2176		164.495	-nan
2177		164.535	-nan
2178		164.575	-nan
2179		164.615	-nan
2180		164.655	-nan
2181		164.695	758.42554194842
2182		164.735	753.11139988315
2183		164.775	750.99055111116
2184		164.815	750.63017126029
2185		164.855	750.03039340784
2186		164.895	749.16476103383
2187		164.935	747.87756439318
2188		164.975	746.61287399479
2189		165.015	745.45238223459
2190		165.055	744.34979205306
2191		165.095	743.32171716142
2192		165.135	-nan
2193		165.175	740.52638057049
2194		165.215	739.14097037898
2195		165.255	738.03104888005
2196		165.295	737.17058834384
2197		165.335	736.71870927696
2198		165.375	735.95968687483
2199		165.415	734.85107340325
2200		165.455	733.93636761353
2201		165.495	733.93214088746
2202		165.535	735.71853171307
2203		165.575	-nan
2204		165.615	-nan
2205		165.655	-nan
2206		165.695	-nan
2207		165.735	-nan
2208		165.775	-nan
2209		165.815	-nan
2210		165.855	-nan
2211		165.895	-nan
2212		165.935	-nan
2213		165.975	726.78001557744
2214		166.015	722.56007580327
2215		166.055	720.22875626107
2216		166.095	719.72684395303
2217		166.135	719.51193770434
2218		166.175	718.91079836981
2219		166.215	718.16533546178
2220		166.255	717.29058729257
2221		166.295	716.76292737765
2222		166.335	716.39216599763
2223		166.375	715.93017677596
2224		166.415	-nan
2225		166.455	714.35338158726
2226		166.495	713.37669092148
2227		166.535	712.49792697832
2228		166.575	711.85529407958
2229		166.615	711.03497832922
2230		166.655	709.98670741192
2231		166.695	708.60127084535
2232		166.735	706.58671471827
2233		166.775	706.31468111566
2234		166.815	708.7459437784
2235		166.855	-nan
2236		166.895	-nan
2237		166.935	-nan
2238		166.975	-nan
2239		167.015	-nan
2240		167.055	-nan
2241		167.095	-nan
2242		167.135	-nan
2243		167.175	-nan
2244		167.215	-nan
2245		167.255	705.20099840724
2246		167.295	700.42901095076
2247		167.335	698.81070573986
2248		167.375	698.09527125088
2249		167.415	697.37481368351
2250		167.455	696.47006854956
2251		167.495	695.47493043655
2252		167.535	694.42564838554
2253		167.575	693.67315573653
2254		167.615	693.17405959491
2255		167.655	692.70680381361
2256		167.695	-nan
2257		167.735	691.62536966558
2258		167.775	691.19606665079
2259		167.815	690.90522133568
2260		167.855	690.81248730437
2261		167.895	690.85655195244
2262		167.935	690.7115386701
2263		167.975	690.23865930055
2264		168.015	689.7781283767
2265		168.055	689.646015986
2266		168.095	692.40596100066
2267		168.135	-nan
2268		168.175	-nan
2269		168.215	-nan
2270		168.255	-nan
2271		168.295	-nan
2272		168.335	-nan
2273		168.375	-nan
2274		168.415	-nan
2275		168.455	-nan
2276		168.495	-nan
2277		168.535	687.32096675887
2278		168.575	683.567315781
2279		168.615	681.70290704328
2280		168.655	682.89144149692
2281		168.695	683.23510797675
2282		168.735	683.37122774028
2283		168.775	683.23552589601
2284		168.815	683.01817151407
2285		168.855	682.94591088177
2286		168.895	682.77508305139
2287		168.935	682.5763910677
2288		168.975	-nan
2289		169.015	681.55099481557
2290		169.055	680.8759879965
2291		169.095	680.365497418
2292		169.135	680.05862069667
2293		169.175	679.96270426801
2294		169.215	679.63757744832
2295		169.255	679.18285181034
2296		169.295	678.73196193377
2297		169.335	679.32803680448
2298		169.375	682.15537585214
2299		169.415	-nan
2300		169.455	-nan
2301		169.495	-nan
2302		169.535	-nan
2303		169.575	-nan
2304		169.615	-nan
2305		169.655	-nan
2306		169.695	-nan
2307		169.735	-nan
2308		169.775	-nan
2309		169.815	686.21653520226
2310		169.855	682.44776292864
2311		169.895	680.92873563924
2312		169.935	680.58893532795
2313		169.975	680.48987065174
2314		170.015	680.18553802124
2315		170.055	679.75387405903
2316		170.095	679.44184490361
2317		170.135	679.43090330894
2318		170.175	679.73038000873
2319		170.215	680.22439822257
2320		170.255	-nan
2321		170.295	680.72040677403
2322		170.335	680.996387281
2323		170.375	681.3241131538
2324		170.415	681.58769355258
2325		170.455	681.9551279121
2326		170.495	681.9406681196
2327		170.535	681.64939256347
2328		170.575	681.41935174931
2329		170.615	681.81033659577
2330		170.655	683.92945050759
2331		170.695	-nan
2332		170.735	-nan
2333		170.775	-nan
2334		170.815	-nan
2335		170.855	-nan
2336		170.895	-nan
2337		170.935	-nan
2338		170.975	-nan
2339		171.015	-nan
2340		171.055	-nan
2341		171.095	687.7772125122
2342		171.135	685.16229303615
2343		171.175	684.90209982725
2344		171.215	685.34559379258
2345		171.255	685.81614251622
2346		171.295	685.78421100168
2347		171.335	685.49042901028
2348		171.375	685.22777395923
2349		171.415	684.84810789902
2350		171.455	684.74808868965
2351		171.495	684.64254834331
2352		171.535	-nan
2353		171.575	683.93411291258
2354		171.615	683.51919101712
2355		171.655	683.25614875408
2356		171.695	683.28231209977
2357		171.735	683.66446343074
2358		171.775	683.89778368454
2359		171.815	684.00450236268
2360		171.855	684.12359148348
2361		171.895	684.53939704655
2362		171.935	685.43247808381
2363		171.975	-nan
2364		172.015	-nan
2365		172.055	-nan
2366		172.095	-nan
2367		172.135	-nan
2368		172.175	-nan
2369		172.215	-nan
2370		172.255	-nan
2371		172.295	-nan
2372		172.335	-nan
2373		172.375	681.44059092521
2374		172.415	679.48941583421
2375		172.455	677.97616553339
2376		172.495	678.05959241681
2377		172.535	678.20894470936
2378		172.575	678.21086439833
2379		172.615	677.98387352677
2380		172.655	677.93615084464
2381		172.695	678.08680444455
2382		172.735	678.27532269032
2383		172.775	678.75165331869
2384		172.815	-nan
2385		172.855	678.62298932265
2386		172.895	678.29109533686
2387		172.935	678.07273407693
2388		172.975	677.87935022492
2389		173.015	677.58509299256
2390		173.055	677.17942512391
2391		173.095	676.43791273785
2392		173.135	675.6566585738
2393		173.175	675.59589291643
2394		173.215	675.2980961389
2395		173.255	-nan
2396		173.295	-nan
2397		173.335	-nan
2398		173.375	-nan
2399		173.415	-nan
2400		173.455	-nan
2401		173.495	-nan
2402		173.535	-nan
2403		173.575	-nan
2404		173.615	-nan
2405		173.655	675.00800251589
2406		173.695	673.44304727705
2407		173.735	672.28407561972
2408		173.775	671.87277057443
2409		173.815	671.45673049188
2410		173.855	671.13589700111
2411		173.895	671.95750427699
2412		173.935	673.05445407083
2413		173.975	672.21270639569
2414		174.015	671.78297173457
2415		174.055	678.24396564262
2416		174.095	-nan
2417		174.135	671.47045506716
2418		174.175	685.89313565913
2419		174.215	705.64533868261
2420		174.255	710.21484561607
2421		174.295	780.10354863509
2422		174.335	782.65601418916
2423		174.375	749.21518162699
2424		174.415	831.18786610153
2425		174.455	845.05650087792
2426		174.495	850.74664021815
2427		174.535	-nan
2428		174.575	-nan
2429		174.615	-nan
2430		174.655	-nan
2431		174.695	-nan
2432		174.735	-nan
2433		174.775	-nan
2434		174.815	-nan
2435		174.855	-nan
2436		174.895	-nan
2437		174.935	944.34066160135
2438		174.975	940.66426658015
2439		175.015	947.85735603741
2440		175.055	957.76362337185
2441		175.095	959.98771168276
2442		175.135	962.7382435556
2443		175.175	950.69076238152
2444		175.215	954.72468482494
2445		175.255	961.16732240694
2446		175.295	963.54908930772
2447		175.335	956.98712051435
2448		175.375	-nan
2449		175.415	957.30787162092
2450		175.455	950.82386470331
2451		175.495	941.98236451645
2452		175.535	952.89524409067
2453		175.575	946.04513226616
2454		175.615	961.52769480417
2455		175.655	962.77359107048
2456		175.695	963.70147124372
2457		175.735	956.80618481733
2458		175.775	965.28804303698
2459		175.815	-nan
2460		175.855	-nan
2461		175.895	-nan
2462		175.935	-nan
2463		175.975	-nan
2464		176.015	-nan
2465		176.055	-nan
2466		176.095	-nan
2467		176.135	-nan
2468		176.175	-nan
2469		176.215	954.99091809424
2470		176.255	963.10548443473
2471		176.295	961.63827370297
2472		176.335	963.76835798834
2473		176.375	961.4557405306
2474		176.415	956.43638926294
2475		176.455	959.55286380393
2476		176.495	927.57744169519
2477		176.535	940.05854105481
2478		176.575	944.81946367741
2479		176.615	940.53065956639
2480		176.655	-nan
2481		176.695	954.3273814239
2482		176.735	960.13555634373
2483		176.775	958.01115196388
2484		176.815	960.0818387492
2485		176.855	960.23687392448
2486		176.895	957.79143724439
2487		176.935	955.22062491241
2488		176.975	944.00957981766
2489		177.015	948.73260681171
2490		177.055	938.33812579068
2491		177.095	-nan
2492		177.135	-nan
2493		177.175	-nan
2494		177.215	-nan
2495		177.255	-nan
2496		177.295	-nan
2497		177.335	-nan
2498		177.375	-nan
2499		177.415	-nan
2500		177.455	-nan
2501		177.495	932.2340559909
2502		177.535	930.40010003286
2503		177.575	949.07451286442
2504		177.615	942.18077001435
2505		177.655	945.38551451962
2506		177.695	941.66230394509
2507		177.735	932.18311811752
2508		177.775	940.28655379914
2509		177.815	935.06508095137
2510		177.855	933.76208599786
2511		177.895	934.52973677321
2512		177.935	-nan
2513		177.975	937.756186475
2514		178.015	937.98875457165
2515		178.055	928.4176426421
2516		178.095	931.4163638359
2517		178.135	932.64423201115
2518		178.175	922.7543654116
2519		178.215	926.95681970363
2520		178.255	924.21366276401
2521		178.295	910.28729113262
2522		178.335	912.31267886203
2523		178.375	-nan
2524		178.415	-nan
2525		178.455	-nan
2526		178.495	-nan
2527		178.535	-nan
2528		178.575	-nan
2529		178.615	-nan
2530		178.655	-nan
2531		178.695	-nan
2532		178.735	-nan
2533		178.775	919.80623891792
2534		178.815	911.68936444006
2535		178.855	915.42262598647
2536		178.895	912.02616428934
2537		178.935	912.20509623263
2538		178.975	918.10935804649
2539		179.015	908.40176674009
2540		179.055	911.50980091246
2541		179.095	916.74321070775
2542		179.135	921.69192389122
2543		179.175	921.79000935512
2544		179.215	-nan
2545		179.255	907.84642549919
2546		179.295	916.61350744612
2547		179.335	914.03892628925
2548		179.375	905.06584422719
2549		179.415	894.35112874932
2550		179.455	904.36122047453
2551		179.495	897.74021888821
2552		179.535	885.44195078059
2553		179.575	902.31823692724
2554		179.615	906.31590546955
2555		179.655	-nan
2556		179.695	-nan
2557		179.735	-nan
2558		179.775	-nan
2559		179.815	-nan
2560		179.855	-nan
2561		179.895	-nan
2562		179.935	-nan
2563		179.975	-nan
2564		180.015	-nan
2565		180.055	874.07979408073
2566		180.095	886.15839220869
2567		180.135	871.71385796078
2568		180.175	880.41795957391
2569		180.215	881.90708435008
2570		180.255	815.69543148073
2571		180.295	809.5449805571
2572		180.335	875.86621399116
2573		180.375	866.85105390025
2574		180.415	862.48019974258
2575		180.455	854.89033063724
2576		180.495	-nan
2577		180.535	825.72181623843
2578		180.575	793.23816119203
2579		180.615	772.20660369391
2580		180.655	727.93609699424
2581		180.695	677.94936994105
2582		180.735	588.2428469631
2583		180.775	562.73383716942
2584		180.815	545.85482379409
2585		180.855	544.03791530838
2586		180.895	544.15789546174
2587		180.935	-nan
2588		180.975	-nan
2589		181.015	-nan
2590		181.055	-nan
2591		181.095	-nan
2592		181.135	-nan
2593		181.175	-nan
2594		181.215	-nan
2595		181.255	-nan
2596		181.295	-nan
2597		181.335	670.76050154125
2598		181.375	691.24823473095
2599		181.415	694.98429548784
2600		181.455	705.3012118404
2601		181.495	704.09213972269
2602		181.535	703.94455157649
2603		181.575	712.34176350636
2604		181.615	715.00421549271
2605		181.655	717.62845051347
2606		181.695	721.89374490434
2607		181.735	717.81599943515
2608		181.775	-nan
2609		181.815	712.73030749626
2610		181.855	714.7644642821
2611		181.895	713.09284531864
2612		181.935	714.07758502255
2613		181.975	711.36473602186
2614		182.015	708.48494700324
2615		182.055	710.91241918992
2616		182.095	711.07209689983
2617		182.135	712.72224985779
2618		182.175	709.52564935475
2619		182.215	-nan
2620		182.255	-nan
2621		182.295	-nan
2622		182.335	-nan
2623		182.375	-nan
2624		182.415	-nan
2625		182.455	-nan
2626		182.495	-nan
2627		182.535	-nan
2628		182.575	-nan
2629		182.615	702.59289184333
2630		182.655	698.77410989887
2631		182.695	696.40302196965
2632		182.735	698.11668916263
2633		182.775	697.69760044748
2634		182.815	698.22102042329
2635		182.855	701.48157358012
2636		182.895	703.39234482674
2637		182.935	699.04136082183
2638		182.975	703.80100548269
2639		183.015	702.42051087397
2640		183.055	-nan
2641		183.095	702.25651441884
2642		183.135	696.96821128938
2643		183.175	699.69248897691
2644		183.215	697.84126026054
2645		183.255	700.03370904261
2646		183.295	701.27188164422
2647		183.335	699.53818356413
2648		183.375	693.71909288426
2649		183.415	692.47550809167
2650		183.455	698.62985597996
2651		183.495	-nan
2652		183.535	-nan
2653		183.575	-nan
2654		183.615	-nan
2655		183.655	-nan
2656		183.695	-nan
2657		183.735	-nan
2658		183.775	-nan
2659		183.815	-nan
2660		183.855	-nan
2661		183.895	703.54904557025
2662		183.935	676.99155684991
2663		183.975	699.97741896318
2664		184.015	702.75870319833
2665		184.055	699.38261178283
2666		184.095	699.90285304374
2667		184.135	700.36015277659
2668		184.175	697.13800198906
2669		184.215	695.69570250717
2670		184.255	695.78692498034
2671		184.295	698.91407735176
2672		184.335	-nan
2673		184.375	696.84823194346
2674		184.415	696.87203493185
2675		184.455	695.07675624133
2676		184.495	696.42887145931
2677		184.535	695.46000006323
2678		184.575	690.99057819181
2679		184.615	687.16099367153
2680		184.655	690.46064618269
2681		184.695	687.98247384746
2682		184.735	685.9326103542
2683		184.775	-nan
2684		184.815	-nan
2685		184.855	-nan
2686		184.895	-nan
2687		184.935	-nan
2688		184.975	-nan
2689		185.015	-nan
2690		185.055	-nan
2691		185.095	-nan
2692		185.135	-nan
2693		185.175	683.80036842097
2694		185.215	683.75043536499
2695		185.255	679.08383240294
2696		185.295	678.29722470007
2697		185.335	678.12540394331
2698		185.375	678.69646651586
2699		185.415	681.5932597942
2700		185.455	679.96868479306
2701		185.495	674.72713339005
2702		185.535	678.7183231969
2703		185.575	679.65169637429
2704		185.615	-nan
2705		185.655	672.52643077405
2706		185.695	671.78438750515
2707		185.735	673.8739071502
2708		185.775	671.83713458253
2709		185.815	668.43104000063
2710		185.855	671.24743347188
2711		185.895	670.25330351589
2712		185.935	668.18524093768
2713		185.975	668.60019411737
2714		186.015	666.46391482578
2715		186.055	-nan
2716		186.095	-nan
2717		186.135	-nan
2718		186.175	-nan
2719		186.215	-nan
2720		186.255	-nan
2721		186.295	-nan
2722		186.335	-nan
2723		186.375	-nan
2724		186.415	-nan
2725		186.455	660.95683986692
2726		186.495	660.95806056411
2727		186.535	658.09095148145
2728		186.575	660.82186269129
2729		186.615	660.11519799814
2730		186.655	658.97496084898
2731		186.695	656.8035840575
2732		186.735	655.2580253755
2733		186.775	656.59878779116
2734		186.815	651.20940162712
2735		186.855	651.02794782607
2736		186.895	-nan
2737		186.935	646.74103790812
2738		186.975	637.52650731986
2739		187.015	643.35179262132
2740		187.055	640.90157697427
2741		187.095	641.14417385108
2742		187.135	631.77745855921
2743		187.175	628.24437296686
2744		187.215	605.72919552183
2745		187.255	566.90881692321
2746		187.295	564.00469270096
2747		187.335	-nan
2748		187.375	-nan
2749		187.415	-nan
2750		187.455	-nan
2751		187.495	-nan
2752		187.535	-nan
2753		187.575	-nan
2754		187.615	-nan
2755		187.655	-nan
2756		187.695	-nan
2757		187.735	362.13616781339
2758		187.775	312.6920139987
2759		187.815	297.1230063116
2760		187.855	285.15021658
2761		187.895	287.40710542538
2762		187.935	287.7478721621
2763		187.975	289.43158811919
2764		188.015	289.22905348908
2765		188.055	288.91129493935
2766		188.095	288.61324232479
2767		188.135	288.33321590408
2768		188.175	-nan
2769		188.215	297.09687768773
2770		188.255	306.62960308613
2771		188.295	334.49040253848
2772		188.335	355.77777615246
2773		188.375	364.60437264804
2774		188.415	397.6511202511
2775		188.455	432.28653282699
2776		188.495	433.12993396057
2777		188.535	432.78818161686
2778		188.575	452.74466710411
2779		188.615	-nan
2780		188.655	-nan
2781		188.695	-nan
2782		188.735	-nan
2783		188.775	-nan
2784		188.815	-nan
2785		188.855	-nan
2786		188.895	-nan
2787		188.935	-nan
2788		188.975	-nan
2789		189.015	475.51084573748
2790		189.055	473.92318653498
2791		189.095	473.41113295512
2792		189.135	473.15506153374
2793		189.175	468.40617054873
2794		189.215	466.07825561152
2795		189.255	472.10283933864
2796		189.295	468.8034603672
2797		189.335	466.98823295608
2798		189.375	461.29883375329
2799		189.415	465.28348333929
2800		189.455	-nan
2801		189.495	458.44053929992
2802		189.535	460.83055448109
2803		189.575	456.58671207467
2804		189.615	458.82874608522
2805		189.655	454.88321906067
2806		189.695	451.71766973846
2807		189.735	453.62305392401
2808		189.775	446.53837210064
2809		189.815	450.66361617179
2810		189.855	453.23277111214
2811		189.895	-nan
2812		189.935	-nan
2813		189.975	-nan
2814		190.015	-nan
2815		190.055	-nan
2816		190.095	-nan
2817		190.135	-nan
2818		190.175	-nan
2819		190.215	-nan
2820		190.255	-nan
2821		190.295	447.01887282644
2822		190.335	440.97276410334
2823		190.375	437.50813964233
2824		190.415	439.27587764108
2825		190.455	442.13408378841
2826		190.495	439.29556629665
2827		190.535	442.44414940324
2828		190.575	444.03579314987
2829		190.615	440.27726173164
2830		190.655	437.23985497096
2831		190.695	439.61413012687
2832		190.735	-nan
2833		190.775	436.98184627868
2834		190.815	434.78009421381
2835		190.855	433.22314995937
2836		190.895	433.52789076741
2837		190.935	435.39079166159
2838		190.975	426.71364708105
2839		191.015	429.14361251951
2840		191.055	423.62997276845
2841		191.095	423.28331146939
2842		191.135	429.45505850519
2843		191.175	-nan
2844		191.215	-nan
2845		191.255	-nan
2846		191.295	-nan
2847		191.335	-nan
2848		191.375	-nan
2849		191.415	-nan
2850		191.455	-nan
2851		191.495	-nan
2852		191.535	-nan
2853		191.575	422.77069921345
2854		191.615	412.48328260736
2855		191.655	420.15166265466
2856		191.695	417.11010060239
2857		191.735	417.9802955219
2858		191.775	419.11919268915
2859		191.815	413.22087511172
2860		191.855	410.95768268319
2861		191.895	410.23847340634
2862		191.935	414.2941738118
2863		191.975	411.574549411
2864		192.015	-nan
2865		192.055	404.36922657632
2866		192.095	405.5363275157
2867		192.135	406.49862762072
2868		192.175	397.81267638115
2869		192.215	405.33145880372
2870		192.255	409.7335738656
2871		192.295	399.8968361899
2872		192.335	401.73139869824
2873		192.375	403.35092947028
2874		192.415	401.56634196023
2875		192.455	-nan
2876		192.495	-nan
2877		192.535	-nan
2878		192.575	-nan
2879		192.615	-nan
2880		192.655	-nan
2881		192.695	-nan
2882		192.735	-nan
2883		192.775	-nan
2884		192.815	-nan
2885		192.855	399.57710319381
2886		192.895	397.98231353369
2887		192.935	392.49716912014
2888		192.975	397.43891233253
2889		193.015	393.14518929136
2890		193.055	393.26114746713
2891		193.095	392.7616892983
2892		193.135	395.02684935133
2893		193.175	390.36385407341
2894		193.215	395.79812329812
2895		193.255	392.50285383887
2896		193.295	-nan
2897		193.335	392.07777286441
2898		193.375	389.49245840107
2899		193.415	385.17919165149
2900		193.455	390.59255205379
2901		193.495	387.43535316203
2902		193.535	384.14831613785
2903		193.575	387.5653130425
2904		193.615	384.42859153751
2905		193.655	385.74462832679
2906		193.695	388.39944219897
2907		193.735	-nan
2908		193.775	-nan
2909		193.815	-nan
2910		193.855	-nan
2911		193.895	-nan
2912		193.935	-nan
2913		193.975	-nan
2914		194.015	-nan
2915		194.055	-nan
2916		194.095	-nan
2917		194.135	379.56650743114
2918		194.175	374.8388070258
2919		194.215	373.79533969614
2920		194.255	373.3989299409
2921		194.295	375.10815551359
2922		194.335	369.85146863562
2923		194.375	369.27202388587
2924		194.415	367.59187317994
2925		194.455	317.61211337899
2926		194.495	333.60651198632
2927		194.535	351.50249768343
2928		194.575	-nan
2929		194.615	361.06011067557
2930		194.655	349.9379244525
2931		194.695	312.83872950993
2932		194.735	333.14770749395
2933		194.775	331.56015605365
2934		194.815	289.69906240963
2935		194.855	241.70785861211
2936		194.895	241.26954347681
2937		194.935	238.61051330827
2938		194.975	240.70608955377
2939		195.015	-nan
2940		195.055	-nan
2941		195.095	-nan
2942		195.135	-nan
2943		195.175	-nan
2944		195.215	-nan
2945		195.255	-nan
2946		195.295	-nan
2947		195.335	-nan
2948		195.375	-nan
2949		195.415	240.99981154499
2950		195.455	238.5373130495
2951		195.495	237.76106875283
2952		195.535	237.61899979402
2953		195.575	237.54187262197
2954		195.615	237.28346830322
2955		195.655	236.87576543554
2956		195.695	236.52151430878
2957		195.735	236.23755592611
2958		195.775	236.11962506931
2959		195.815	235.93258573873
2960		195.855	-nan
2961		195.895	235.41092253115
2962		195.935	235.15327221067
2963		195.975	234.97979224078
2964		196.015	234.87462459928
2965		196.055	234.87444318501
2966		196.095	234.7234816263
2967		196.135	234.45861634626
2968		196.175	234.11226884051
2969		196.215	234.28787176091
2970		196.255	235.70747038838
2971		196.295	-nan
2972		196.335	-nan
2973		196.375	-nan
2974		196.415	-nan
2975		196.455	-nan
2976		196.495	-nan
2977		196.535	-nan
2978		196.575	-nan
2979		196.615	-nan
2980		196.655	-nan
2981		196.695	234.76543280703
2982		196.735	232.57875903383
2983		196.775	231.91674392231
2984		196.815	231.91412308575
2985		196.855	231.97921440086
2986		196.895	231.89763191374
2987		196.935	231.67437364118
2988		196.975	231.45187217696
2989		197.015	231.30887841607
2990		197.055	231.18685212628
2991		197.095	231.02722130254
2992		197.135	-nan
2993		197.175	230.34622164027
2994		197.215	229.91003034156
2995		197.255	229.53195347008
2996		197.295	229.23498615855
2997		197.335	229.04630414669
2998		197.375	228.74810647462
2999		197.415	228.29223696622
3000		197.455	227.60315699116
3001		197.495	227.72432696623
3002		197.535	229.30234044976
3003		197.575	-nan
3004		197.615	-nan
3005		197.655	-nan
3006		197.695	-nan
3007		197.735	-nan
3008		197.775	-nan
3009		197.815	-nan
3010		197.855	-nan
3011		197.895	-nan
3012		197.935	-nan
3013		197.975	228.83366262116
3014		198.015	226.48654114531
3015		198.055	225.70122468138
3016		198.095	225.49649815068
3017		198.135	225.32914079437
3018		198.175	224.99652495941
3019		198.215	224.62958914941
3020		198.255	224.27011416837
3021		198.295	224.02268023051
3022		198.335	223.87779964508
3023		198.375	223.73048088348
3024		198.415	-nan
3025		198.455	223.23287110146
3026		198.495	222.93717679841
3027		198.535	222.69220136334
3028		198.575	222.52810719383
3029		198.615	222.34922993248
3030		198.655	222.10360567254
3031		198.695	221.64543376467
3032		198.735	221.13877934479
3033		198.775	220.4614822736
3034		198.815	221.98522788037
3035		198.855	-nan
3036		198.895	-nan
3037		198.935	-nan
3038		198.975	-nan
3039		199.015	-nan
3040		199.055	-nan
3041		199.095	-nan
3042		199.135	-nan
3043		199.175	-nan
3044		199.215	-nan
3045		199.255	220.37782286876
3046		199.295	218.36700193851
3047		199.335	217.63892642359
3048		199.375	217.50802078052
3049		199.415	217.41375833138
3050		199.455	217.18440302986
3051		199.495	216.81086548134
3052		199.535	216.42158185362
3053		199.575	216.08096184679
3054		199.615	215.74604524396
3055		199.655	215.39206782642
3056		199.695	-nan
3057		199.735	214.4014903525
3058		199.775	213.89099914275
3059		199.815	213.46597238291
3060		199.855	213.1136348669
3061		199.895	212.84177618838
3062		199.935	212.51704797229
3063		199.975	212.07502164344
3064		200.015	215.21194411293
3065		200.055	211.66248643612
3066		200.095	212.6882851218
3067		200.135	-nan
3068		200.175	-nan
3069		200.215	-nan
3070		200.255	-nan
3071		200.295	-nan
3072		200.335	-nan
3073		200.375	-nan
3074		200.415	-nan
3075		200.455	-nan
3076		200.495	-nan
3077		200.535	210.33194454664
3078		200.575	208.33124504664
3079		200.615	207.52740585464
3080		200.655	207.230129169
3081		200.695	207.00967610586
3082		200.735	206.71318977414
3083		200.775	206.34751966242
3084		200.815	205.9937041376
3085		200.855	205.73081161463
3086		200.895	205.53363365697
3087		200.935	205.367246159
3088		200.975	-nan
3089		201.015	204.66359668499
3090		201.055	204.29909826018
3091		201.095	203.93279205442
3092		201.135	203.6251663098
3093		201.175	203.32181720009
3094		201.215	202.88332584875
3095		201.255	202.33363368461
3096		201.295	201.77251163871
3097		201.335	201.53998603702
3098		201.375	202.10225391071
3099		201.415	-nan
3100		201.455	-nan
3101		201.495	-nan
3102		201.535	-nan
3103		201.575	-nan
3104		201.615	-nan
3105		201.655	-nan
3106		201.695	-nan
3107		201.735	-nan
3108		201.775	-nan
3109		201.815	199.88162267416
3110		201.855	198.30640680637
3111		201.895	197.7535286789
3112		201.935	197.50539459708
3113		201.975	197.25002848188
3114		202.015	196.87409013105
3115		202.055	196.43190129233
3116		202.095	195.97567109148
3117		202.135	195.61161746443
3118		202.175	195.28184713866
3119		202.215	195.04608511354
3120		202.255	-nan
3121		202.295	194.16925095399
3122		202.335	193.79979483721
3123		202.375	193.46416083392
3124		202.415	193.20610488396
3125		202.455	193.01230434066
3126		202.495	192.72532982917
3127		202.535	192.36335651225
3128		202.575	191.9693155906
3129		202.615	191.87253751292
3130		202.655	192.18951822394
3131		202.695	-nan
3132		202.735	-nan
3133		202.775	-nan
3134		202.815	-nan
3135		202.855	-nan
3136		202.895	-nan
3137		202.935	-nan
3138		202.975	-nan
3139		203.015	-nan
3140		203.055	-nan
3141		203.095	189.31068161011
3142		203.135	188.21281080057
3143		203.175	187.71906402758
3144		203.215	187.56964042744
3145		203.255	187.47976109292
3146		203.295	187.31490869102
3147		203.335	187.0133899181
3148		203.375	186.76850967514
3149		203.415	186.56744965584
3150		203.455	186.35455849816
3151		203.495	186.17587220085
3152		203.535	-nan
3153		203.575	185.49118709508
3154		203.615	185.09274527985
3155		203.655	184.71310374214
3156		203.695	184.41962929554
3157		203.735	184.121910418
3158		203.775	183.8015273387
3159		203.815	183.44357892071
3160		203.855	183.2192537581
3161		203.895	186.09338660222
3162		203.935	187.32807105743
3163		203.975	-nan
3164		204.015	-nan
3165		204.055	-nan
3166		204.095	-nan
3167		204.135	-nan
3168		204.175	-nan
3169		204.215	-nan
3170		204.255	-nan
3171		204.295	-nan
3172		204.335	-nan
3173		204.375	197.45639413021
3174		204.415	195.20567078554
3175		204.455	193.56698954071
3176		204.495	192.40913644293
3177		204.535	191.93271299821
3178		204.575	191.35147583062
3179		204.615	190.82136769058
3180		204.655	190.48094937047
3181		204.695	189.2413779569
3182		204.735	189.0688122143
3183		204.775	189.27202543478
3184		204.815	-nan
3185		204.855	188.55049544604
3186		204.895	188.11189521164
3187		204.935	187.93639681155
3188		204.975	187.91151283504
3189		205.015	187.66386625199
3190		205.055	186.71519903722
3191		205.095	185.53824842232
3192		205.135	184.87045163231
3193		205.175	184.10632103984
3194		205.215	184.28869101326
3195		205.255	-nan
3196		205.295	-nan
3197		205.335	-nan
3198		205.375	-nan
3199		205.415	-nan
3200		205.455	-nan
3201		205.495	-nan
3202		205.535	-nan
3203		205.575	-nan
3204		205.615	-nan
3205		205.655	179.93308460976
3206		205.695	178.70292375669
3207		205.735	178.54151000711
3208		205.775	178.83101741683
3209		205.815	179.32959791272
3210		205.855	179.62751062303
3211		205.895	179.46397317009
3212		205.935	179.20196081378
3213		205.975	178.62499722066
3214		206.015	178.26818355225
3215		206.055	177.99805786009
3216		206.095	-nan
3217		206.135	177.88319154593
3218		206.175	177.85049457226
3219		206.215	177.84180465348
3220		206.255	177.45756282584
3221		206.295	176.83216941578
3222		206.335	175.88851038504
3223		206.375	175.38291283554
3224		206.415	174.38652373796
3225		206.455	173.45172560351
3226		206.495	172.17059912613
3227		206.535	-nan
3228		206.575	-nan
3229		206.615	-nan
3230		206.655	-nan
3231		206.695	-nan
3232		206.735	-nan
3233		206.775	-nan
3234		206.815	-nan
3235		206.855	-nan
3236		206.895	-nan
3237		206.935	126.75233238853
3238		206.975	125.45862246266
3239		207.015	125.07928989843
3240		207.055	124.86770167368
3241		207.095	125.09031625646
3242		207.135	122.33873963336
3243		207.175	122.22378350494
3244		207.215	122.12070806321
3245		207.255	122.07751746506
3246		207.295	122.09361827644
3247		207.335	122.11789817703
3248		207.375	-nan
3249		207.415	121.99258988929
3250		207.455	121.90135211509
3251		207.495	121.82374150612
3252		207.535	121.80160411552
3253		207.575	121.79296055901
3254		207.615	121.72232315548
3255		207.655	121.54484596179
3256		207.695	121.33518195701
3257		207.735	121.42927644464
3258		207.775	122.34109992518
3259		207.815	-nan
3260		207.855	-nan
3261		207.895	-nan
3262		207.935	-nan
3263		207.975	-nan
3264		208.015	-nan
3265		208.055	-nan
3266		208.095	-nan
3267		208.135	-nan
3268		208.175	-nan
3269		208.215	122.36478760196
3270		208.255	120.92616886454
3271		208.295	120.49942664676
3272		208.335	120.71157913888
3273		208.375	120.49593973327
3274		208.415	120.42736838674
3275		208.455	120.26333108003
3276		208.495	120.09994493751
3277		208.535	120.00736062242
3278		208.575	119.97211577647
3279		208.615	119.93157820968
3280		208.655	-nan
3281		208.695	119.70229497571
3282		208.735	119.56302420287
3283		208.775	119.46751703558
3284		208.815	119.45713014378
3285		208.855	119.47955324755
3286		208.895	119.45543166068
3287		208.935	119.32569906868
3288		208.975	119.18395208895
3289		209.015	119.3651294021
3290		209.055	120.36100451541
3291		209.095	-nan
3292		209.135	-nan
3293		209.175	-nan
3294		209.215	-nan
3295		209.255	-nan
3296		209.295	-nan
3297		209.335	-nan
3298		209.375	-nan
3299		209.415	-nan
3300		209.455	-nan
3301		209.495	120.12334212659
3302		209.535	118.71371491762
3303		209.575	118.27141154923
3304		209.615	118.25656817069
3305		209.655	118.29580800594
3306		209.695	118.22810959555
3307		209.735	118.15127383463
3308		209.775	118.02218942036
3309		209.815	117.96872815139
3310		209.855	117.97865774156
3311		209.895	117.98170418336
3312		209.935	-nan
3313		209.975	117.78272308976
3314		210.015	117.64221170997
3315		210.055	117.54227493612
3316		210.095	117.48197682042
3317		210.135	117.45081941802
3318		210.175	117.36610770356
3319		210.215	117.16209590828
3320		210.255	116.98050335297
3321		210.295	116.96575488081
3322		210.335	117.95271301245
3323		210.375	-nan
3324		210.415	-nan
3325		210.455	-nan
3326		210.495	-nan
3327		210.535	-nan
3328		210.575	-nan
3329		210.615	-nan
3330		210.655	-nan
3331		210.695	-nan
3332		210.735	-nan
3333		210.775	117.88369443202
3334		210.815	116.52423590638
3335		210.855	116.04773506816
3336		210.895	115.94724658789
3337		210.935	115.90634324601
3338		210.975	115.78438375253
3339		211.015	115.61255550711
3340		211.055	115.43381281015
3341		211.095	115.28642131013
3342		211.135	115.24751676316
3343		211.175	115.18776831999
3344		211.215	-nan
3345		211.255	114.97139850089
3346		211.295	114.84365139293
3347		211.335	114.75804719219
3348		211.375	114.74083474791
3349		211.415	114.73621744023
3350		211.455	114.66389001029
3351		211.495	114.51508816289
3352		211.535	114.35537681294
3353		211.575	114.44700676891
3354		211.615	115.22621283741
3355		211.655	-nan
3356		211.695	-nan
3357		211.735	-nan
3358		211.775	-nan
3359		211.815	-nan
3360		211.855	-nan
3361		211.895	-nan
3362		211.935	-nan
3363		211.975	-nan
3364		212.015	-nan
3365		212.055	114.81067193122
3366		212.095	113.51760299616
3367		212.135	113.09971441778
3368		212.175	113.05295985413
3369		212.215	113.05499807518
3370		212.255	112.95576774822
3371		212.295	112.81572145353
3372		212.335	112.65990397952
3373		212.375	112.54740368995
3374		212.415	112.47622623628
3375		212.455	112.41246149948
3376		212.495	-nan
3377		212.535	112.09114367419
3378		212.575	111.89979140973
3379		212.615	111.75449167939
3380		212.655	111.67198077571
3381		212.695	111.57788522033
3382		212.735	111.46291771797
3383		212.775	111.27483500698
3384		212.815	111.05494312112
3385		212.855	111.09481023972
3386		212.895	111.92653880457
3387		212.935	-nan
3388		212.975	-nan
3389		213.015	-nan
3390		213.055	-nan
3391		213.095	-nan
3392		213.135	-nan
3393		213.175	-nan
3394		213.215	-nan
3395		213.255	-nan
3396		213.295	-nan
3397		213.335	111.55424126066
3398		213.375	110.2812419341
3399		213.415	109.80836441463
3400		213.455	109.68856522601
3401		213.495	109.61083357842
3402		213.535	109.45909880088
3403		213.575	109.27151969426
3404		213.615	109.08977362503
3405		213.655	108.97337474469
3406		213.695	108.92069801829
3407		213.735	108.87188911348
3408		213.775	-nan
3409		213.815	108.64738578468
3410		213.855	108.54068448927
3411		213.895	108.38993120972
3412		213.935	108.34064172135
3413		213.975	108.28721918187
3414		214.015	108.17266610003
3415		214.055	107.97676228002
3416		214.095	107.77002350045
3417		214.135	107.65893295283
3418		214.175	108.42983083686
3419		214.215	-nan
3420		214.255	-nan
3421		214.295	-nan
3422		214.335	-nan
3423		214.375	-nan
3424		214.415	-nan
3425		214.455	-nan
3426		214.495	-nan
3427		214.535	-nan
3428		214.575	-nan
3429		214.615	107.87449619037
3430		214.655	106.76263222949
3431		214.695	106.31311060597
3432		214.735	106.22493509494
3433		214.775	106.2285956183
3434		214.815	106.01914921382
3435		214.855	105.80798016024
3436		214.895	105.62616374128
3437		214.935	105.47294818119
3438		214.975	105.36397482446
3439		215.015	105.25840270422
3440		215.055	-nan
3441		215.095	104.88727775498
3442		215.135	104.71313889584
3443		215.175	104.56816722089
3444		215.215	104.48458137492
3445		215.255	104.43292530595
3446		215.295	104.31520472912
3447		215.335	104.18436740251
3448		215.375	104.02297601578
3449		215.415	104.11241631952
3450		215.455	104.63985391371
3451		215.495	-nan
3452		215.535	-nan
3453		215.575	-nan
3454		215.615	-nan
3455		215.655	-nan
3456		215.695	-nan
3457		215.735	-nan
3458		215.775	-nan
3459		215.815	-nan
3460		215.855	-nan
3461		215.895	104.1298370382
3462		215.935	103.07552313632
3463		215.975	102.64668305066
3464		216.015	102.61213859418
3465		216.055	102.61543820322
3466		216.095	102.50236689338
3467		216.135	102.34710825098
3468		216.175	102.93352370868
3469		216.215	104.10713834116
3470		216.255	103.95757217493
3471		216.295	105.594273678
3472		216.335	-nan
3473		216.375	105.11243994221
3474		216.415	106.43946226183
3475		216.455	106.28062010644
3476		216.495	106.45071480282
3477		216.535	106.68982877695
3478		216.575	106.9117819863
3479		216.615	106.69104977191
3480		216.655	106.61785983899
3481		216.695	106.59110104271
3482		216.735	107.02926841648
3483		216.775	-nan
3484		216.815	-nan
3485		216.855	-nan
3486		216.895	-nan
3487		216.935	-nan
3488		216.975	-nan
3489		217.015	-nan
3490		217.055	-nan
3491		217.095	-nan
3492		217.135	-nan
3493		217.175	107.03331574505
3494		217.215	106.17990975416
3495		217.255	106.0562402315
3496		217.295	105.97827972562
3497		217.335	105.69314313372
3498		217.375	105.42032815084
3499		217.415	105.3451214784
3500		217.455	105.04604893575
3501		217.495	104.65783674973
3502		217.535	104.6527270983
3503		217.575	104.27560050923
3504		217.615	-nan
3505		217.655	104.18873298899
3506		217.695	103.90837174373
3507		217.735	103.82856765816
3508		217.775	103.82767251375
3509		217.815	103.93540545958
3510		217.855	103.90835901223
3511		217.895	103.8528438072
3512		217.935	103.5785647724
3513		217.975	103.90357636839
3514		218.015	104.38737112855
3515		218.055	-nan
3516		218.095	-nan
3517		218.135	-nan
3518		218.175	-nan
3519		218.215	-nan
3520		218.255	-nan
3521		218.295	-nan
3522		218.335	-nan
3523		218.375	-nan
3524		218.415	-nan
3525		218.455	103.95761411859
3526		218.495	102.9843684594
3527		218.535	102.77820587965
3528		218.575	102.72179590378
3529		218.615	102.61145911116
3530		218.655	102.25251320811
3531		218.695	102.19125596589
3532		218.735	101.99188939489
3533		218.775	101.56017207642
3534		218.815	101.43279298464
3535		218.855	101.2940627071
3536		218.895	-nan
3537		218.935	100.9600996669
3538		218.975	100.42842581888
3539		219.015	100.52606561518
3540		219.055	100.2673981059
3541		219.095	100.15584969415
3542		219.135	100.16936299512
3543		219.175	99.924805372717
3544		219.215	99.731185310422
3545		219.255	99.690723047714
3546		219.295	100.19360612585
3547		219.335	-nan
3548		219.375	-nan
3549		219.415	-nan
3550		219.455	-nan
3551		219.495	-nan
3552		219.535	-nan
3553		219.575	-nan
3554		219.615	-nan
3555		219.655	-nan
3556		219.695	-nan
3557		219.735	99.830181417436
3558		219.775	99.013189577569
3559		219.815	98.590873679405
3560		219.855	98.509854092979
3561		219.895	98.414617078874
3562		219.935	98.453007459418
3563		219.975	98.15254837556
3564		220.015	98.144971744083
3565		220.055	97.88378331425
3566		220.095	97.826579590879
3567		220.135	97.685389530208
3568		220.175	-nan
3569		220.215	97.639642771314
3570		220.255	97.725820424594
3571		220.295	97.386054311444
3572		220.335	97.394175745624
3573		220.375	97.429131383499
3574		220.415	97.496727561632
3575		220.455	97.286176944005
3576		220.495	96.940882362577
3577		220.535	97.105503702374
3578		220.575	97.724142871041
3579		220.615	-nan
3580		220.655	-nan
3581		220.695	-nan
3582		220.735	-nan
3583		220.775	-nan
3584		220.815	-nan
3585		220.855	-nan
3586		220.895	-nan
3587		220.935	-nan
3588		220.975	-nan
3589		221.015	96.964366749909
3590		221.055	96.173915760498
3591		221.095	95.980392733547
3592		221.135	95.973784384904
3593		221.175	95.869922961472
3594		221.215	95.930097641749
3595		221.255	95.815192772684
3596		221.295	95.628581607347
3597		221.335	95.611525519085
3598		221.375	95.422907934727
3599		221.415	95.394833422509
3600		221.455	-nan
3601		221.495	95.224512642825
3602		221.535	94.997097226024
3603		221.575	95.033293832267
3604		221.615	95.005612392092
3605		221.655	95.019693110401
3606		221.695	95.017295412401
3607		221.735	94.789057185173
3608		221.775	94.775255841837
3609		221.815	94.677187377874
3610		221.855	95.26409063493
3611		221.895	-nan
3612		221.935	-nan
3613		221.975	-nan
3614		222.015	-nan
3615		222.055	-nan
3616		222.095	-nan
3617		222.135	-nan
3618		222.175	-nan
3619		222.215	-nan
3620		222.255	-nan
3621		222.295	94.602928649584
3622		222.335	93.70724688526
3623		222.375	93.281795550902
3624		222.415	93.237894946873
3625		222.455	93.208105922537
3626		222.495	93.073251529532
3627		222.535	92.78541779799
3628		222.575	92.597296740549
3629		222.615	92.53784481056
3630		222.655	92.323902658216
3631		222.695	92.0958317037
3632		222.735	-nan
3633		222.775	91.259523995122
3634		222.815	90.848497474828
3635		222.855	90.230790738787
3636		222.895	90.088686286593
3637		222.935	90.022449645539
3638		222.975	89.921206128355
3639		223.015	89.694894698064
3640		223.055	89.288769941111
3641		223.095	88.393741168494
3642		223.135	88.546528733032
3643		223.175	-nan
3644		223.215	-nan
3645		223.255	-nan
3646		223.295	-nan
3647		223.335	-nan
3648		223.375	-nan
3649		223.415	-nan
3650		223.455	-nan
3651		223.495	-nan
3652		223.535	-nan
3653		223.575	79.489256233033
3654		223.615	79.576369435183
3655		223.655	79.462554714513
3656		223.695	79.462675080687
3657		223.735	79.415735333082
3658		223.775	79.737379317535
3659		223.815	79.108025403178
3660		223.855	79.195749277546
3661		223.895	79.093214791263
3662		223.935	79.249946255346
3663		223.975	78.993449387536
3664		224.015	-nan
3665		224.055	79.022232320154
3666		224.095	79.053360393555
3667		224.135	79.144288181939
3668		224.175	78.563393397689
3669		224.215	78.929609394933
3670		224.255	79.10307921522
3671		224.295	79.053731576371
3672		224.335	78.692386510192
3673		224.375	78.494942379959
3674		224.415	79.155307309091
3675		224.455	-nan
3676		224.495	-nan
3677		224.535	-nan
3678		224.575	-nan
3679		224.615	-nan
3680		224.655	-nan
3681		224.695	-nan
3682		224.735	-nan
3683		224.775	-nan
3684		224.815	-nan
3685		224.855	79.064401031263
3686		224.895	78.3688424793
3687		224.935	78.050058785611
3688		224.975	78.064386211481
3689		225.015	78.278888154876
3690		225.055	77.44620517435
3691		225.095	77.738385494232
3692		225.135	76.947057635058
3693		225.175	77.093557217759
3694		225.215	76.776505250132
3695		225.255	77.002748068558
3696		225.295	-nan
3697		225.335	76.599191213236
3698		225.375	76.286522885585
3699		225.415	76.131633857368
3700		225.455	76.441038894279
3701		225.495	76.042515992098
3702		225.535	76.140641379852
3703		225.575	76.052273046418
3704		225.615	75.923093115403
3705		225.655	75.3484378639
3706		225.695	76.131423288023
3707		225.735	-nan
3708		225.775	-nan
3709		225.815	-nan
3710		225.855	-nan
3711		225.895	-nan
3712		225.935	-nan
3713		225.975	-nan
3714		226.015	-nan
3715		226.055	-nan
3716		226.095	-nan
3717		226.135	75.16594351391
3718		226.175	74.263319001827
3719		226.215	73.795681950842
3720		226.255	73.655297060602
3721		226.295	73.649230154591
3722		226.335	73.129759967348
3723		226.375	72.874903390963
3724		226.415	72.741845630851
3725		226.455	72.609379626687
3726		226.495	72.835160779338
3727		226.535	72.94987025905
3728		226.575	-nan
3729		226.615	72.237378327266
3730		226.655	72.594502333806
3731		226.695	72.458462645519
3732		226.735	72.319097232798
3733		226.775	72.524775873777
3734		226.815	72.206433797825
3735		226.855	72.02843006948
3736		226.895	72.039576034104
3737		226.935	72.20711715749
3738		226.975	72.442785993514
3739		227.015	-nan
3740		227.055	-nan
3741		227.095	-nan
3742		227.135	-nan
3743		227.175	-nan
3744		227.215	-nan
3745		227.255	-nan
3746		227.295	-nan
3747		227.335	-nan
3748		227.375	-nan
3749		227.415	72.272993200109
3750		227.455	71.440878137753
3751		227.495	70.693033912366
3752		227.535	70.831358989229
3753		227.575	71.099197961877
3754		227.615	71.025246206909
3755		227.655	70.299069920445
3756		227.695	70.458071752473
3757		227.735	70.393169441511
3758		227.775	70.330804951391
3759		227.815	70.228741276193
3760		227.855	-nan
3761		227.895	70.05409017274
3762		227.935	70.0055114343
3763		227.975	69.983920570257
3764		228.015	69.861505711019
3765		228.055	69.834772279687
3766		228.095	69.782290917589
3767		228.135	69.704714580961
3768		228.175	69.488189708048
3769		228.215	69.60465041151
3770		228.255	69.983936328597
3771		228.295	-nan
3772		228.335	-nan
3773		228.375	-nan
3774		228.415	-nan
3775		228.455	-nan
3776		228.495	-nan
3777		228.535	-nan
3778		228.575	-nan
3779		228.615	-nan
3780		228.655	-nan
3781		228.695	69.305891495253
3782		228.735	68.493702391055
3783		228.775	68.234197665167
3784		228.815	67.983730742708
3785		228.855	67.979616535795
3786		228.895	67.754595128229
3787		228.935	67.650203158947
3788		228.975	67.085941493016
3789		229.015	67.215285624123
3790		229.055	66.984781081142
3791		229.095	67.22318885157
3792		229.135	-nan
3793		229.175	66.642696972889
3794		229.215	66.454165144223
3795		229.255	66.351030649692
3796		229.295	66.324028551511
3797		229.335	66.243579833654
3798		229.375	65.535171994868
3799		229.415	65.332506757211
3800		229.455	64.753511970648
3801		229.495	63.421305827247
3802		229.535	63.941171743593
3803		229.575	-nan
3804		229.615	-nan
3805		229.655	-nan
3806		229.695	-nan
3807		229.735	-nan
3808		229.775	-nan
3809		229.815	-nan
3810		229.855	-nan
3811		229.895	-nan
3812		229.935	-nan
3813		229.975	59.766080761048
3814		230.015	59.144484755567
3815		230.055	58.930833573713
3816		230.095	58.905832112736
3817		230.135	58.876121673095
3818		230.175	58.797665098546
3819		230.215	58.674169891318
3820		230.255	58.561338263407
3821		230.295	58.528354698235
3822		230.335	58.389653909712
3823		230.375	58.320775068195
3824		230.415	-nan
3825		230.455	58.110131079053
3826		230.495	58.00779537446
3827		230.535	57.927419976691
3828		230.575	57.862383550891
3829		230.615	57.826824274348
3830		230.655	57.761038300261
3831		230.695	57.667571274174
3832		230.735	57.570806373192
3833		230.775	57.584795233893
3834		230.815	57.922232365291
3835		230.855	-nan
3836		230.895	-nan
3837		230.935	-nan
3838		230.975	-nan
3839		231.015	-nan
