0				131.215	-nan
1				131.255	-nan
2				131.295	-nan
3				131.335	-nan
4				131.375	-nan
5				131.415	595.65604070554
6				131.455	589.67260528471
7				131.495	588.08379881233
8				131.535	588.89106134716
9				131.575	590.17026552604
10			131.615	589.81190375883
11			131.655	589.97590781097
12			131.695	589.9869131837
13			131.735	590.32237710965
14			131.775	591.03116726906
15			131.815	591.65789573234
16			131.855	-nan
17			131.895	592.24405367926
18			131.935	592.2714413138
19			131.975	593.96199622508
20			132.015	594.44507808499
21			132.055	594.14332205585
22			132.095	594.70743665621
23			132.135	594.7486300063
24			132.175	594.8194653704
25			132.215	596.33516366648
26			132.255	601.44785035754
27			132.295	-nan
28			132.335	-nan
29			132.375	-nan
30			132.415	-nan
31			132.455	-nan
32			132.495	-nan
33			132.535	-nan
34			132.575	-nan
35			132.615	-nan
36			132.655	-nan
37			132.695	620.17994090357
38			132.735	614.94154634648
39			132.775	613.8438716334
40			132.815	614.65364025207
41			132.855	615.75785064352
42			132.895	616.36287536164
43			132.935	616.81006058612
44			132.975	617.14216486846
45			133.015	617.74311420436
46			133.055	618.55479594249
47			133.095	619.42658592344
48			133.135	-nan
49			133.175	620.64329988408
50			133.215	621.0178313989
51			133.255	621.55540322237
52			133.295	622.39758133773
53			133.335	623.26080009566
54			133.375	624.01655702699
55			133.415	624.37054988743
56			133.455	624.49638196851
57			133.495	626.45296191007
58			133.535	631.51056288556
59			133.575	-nan
60			133.615	-nan
61			133.655	-nan
62			133.695	-nan
63			133.735	-nan
64			133.775	-nan
65			133.815	-nan
66			133.855	-nan
67			133.895	-nan
68			133.935	-nan
69			133.975	649.69093311095
70			134.015	643.99698661907
71			134.055	643.02340785107
72			134.095	643.67224282797
73			134.135	645.0631986004
74			134.175	645.58365882434
75			134.215	645.73666915744
76			134.255	646.24412681266
77			134.295	646.75170217033
78			134.335	647.47520137071
79			134.375	648.36462387374
80			134.415	-nan
81			134.455	649.48723164282
82			134.495	650.00159298618
83			134.535	650.58452800215
84			134.575	651.24260239298
85			134.615	652.21877634907
86			134.655	652.86504085929
87			134.695	652.84013552826
88			134.735	653.13345786524
89			134.775	654.65286963963
90			134.815	660.37795181909
91			134.855	-nan
92			134.895	-nan
93			134.935	-nan
94			134.975	-nan
95			135.015	-nan
96			135.055	-nan
97			135.095	-nan
98			135.135	-nan
99			135.175	-nan
100			135.215	-nan
101			135.255	677.77479250483
102			135.295	671.95344343114
103			135.335	670.55979320811
104			135.375	671.14885127353
105			135.415	672.16506070229
106			135.455	672.55096268065
107			135.495	672.6695415059
108			135.535	672.84394368124
109			135.575	673.12774895562
110			135.615	674.0136651524
111			135.655	674.69066135202
112			135.695	-nan
113			135.735	675.36847390046
114			135.775	675.45008982001
115			135.815	675.64497486723
116			135.855	676.09181700939
117			135.895	676.62441006028
118			135.935	676.6240815553
119			135.975	675.99942654569
120			136.015	675.80409679148
121			136.055	677.00348943399
122			136.095	682.19246053726
123			136.135	-nan
124			136.175	-nan
125			136.215	-nan
126			136.255	-nan
127			136.295	-nan
128			136.335	-nan
129			136.375	-nan
130			136.415	-nan
131			136.455	-nan
132			136.495	-nan
133			136.535	698.51788188755
134			136.575	693.79842384997
135			136.615	693.07108990603
136			136.655	685.37391003906
137			136.695	686.72669484135
138			136.735	687.07387191557
139			136.775	690.19976354951
140			136.815	686.93426445635
141			136.855	684.9965914597
142			136.895	682.69512660616
143			136.935	686.71034570923
144			136.975	-nan
145			137.015	679.60059863156
146			137.055	686.60205061704
147			137.095	681.49333419333
148			137.135	684.5623869465
149			137.175	676.5479200383
150			137.215	902.82152105818
151			137.255	683.57220829793
152			137.295	683.01831518606
153			137.335	681.40205645043
154			137.375	686.65832238667
155			137.415	-nan
156			137.455	-nan
157			137.495	-nan
158			137.535	-nan
159			137.575	-nan
160			137.615	-nan
161			137.655	-nan
162			137.695	-nan
163			137.735	-nan
164			137.775	-nan
165			137.815	707.14356393601
166			137.855	699.27873782833
167			137.895	700.04709914323
168			137.935	698.99079593592
169			137.975	698.04810895648
170			138.015	698.3435430355
171			138.055	698.05135022043
172			138.095	697.70630169619
173			138.135	697.79843468309
174			138.175	697.89020594082
175			138.215	698.15335503497
176			138.255	-nan
177			138.295	697.50559382096
178			138.335	696.88660614321
179			138.375	696.55147529006
180			138.415	696.66256744842
181			138.455	696.66344608101
182			138.495	697.85645681272
183			138.535	695.71103889754
184			138.575	695.11239221565
185			138.615	695.60960830527
186			138.655	700.35499003144
187			138.695	-nan
188			138.735	-nan
189			138.775	-nan
190			138.815	-nan
191			138.855	-nan
192			138.895	-nan
193			138.935	-nan
194			138.975	-nan
195			139.015	-nan
196			139.055	-nan
197			139.095	704.72242725499
198			139.135	698.31492159212
199			139.175	696.18985242677
200			139.215	695.94080166674
201			139.255	695.67328661636
202			139.295	695.28775529338
203			139.335	694.40454837651
204			139.375	693.48414829482
205			139.415	693.19541111393
206			139.455	693.04955247224
207			139.495	692.72561642393
208			139.535	-nan
209			139.575	691.64587877728
210			139.615	690.96493301378
211			139.655	690.55152275321
212			139.695	690.38920444013
213			139.735	690.52733345885
214			139.775	690.24191561871
215			139.815	689.52155561052
216			139.855	688.71257186783
217			139.895	689.6298238843
218			139.935	693.6713722138
219			139.975	-nan
220			140.015	-nan
221			140.055	-nan
222			140.095	-nan
223			140.135	-nan
224			140.175	-nan
225			140.215	-nan
226			140.255	-nan
227			140.295	-nan
228			140.335	-nan
229			140.375	693.00324490714
230			140.415	687.03475551044
231			140.455	685.03733409157
232			140.495	684.78068018544
233			140.535	685.03177021885
234			140.575	684.75144410771
235			140.615	684.14879860055
236			140.655	683.65439743049
237			140.695	683.20775763357
238			140.735	683.37482607139
239			140.775	683.25564902397
240			140.815	-nan
241			140.855	682.01966910934
242			140.895	681.36659010894
243			140.935	680.93600394568
244			140.975	680.81033239608
245			141.015	680.75520564084
246			141.055	680.37018176555
247			141.095	679.63144408758
248			141.135	678.85807321625
249			141.175	679.5928628996
250			141.215	683.54723219425
251			141.255	-nan
252			141.295	-nan
253			141.335	-nan
254			141.375	-nan
255			141.415	-nan
256			141.455	-nan
257			141.495	-nan
258			141.535	-nan
259			141.575	-nan
260			141.615	-nan
261			141.655	687.56559058961
262			141.695	681.63210218195
263			141.735	679.81029860676
264			141.775	679.61488137648
265			141.815	679.77770723679
266			141.855	679.58150042242
267			141.895	679.12333964558
268			141.935	678.49018582201
269			141.975	678.18727209822
270			142.015	678.50705539465
271			142.055	678.37673024118
272			142.095	-nan
273			142.135	678.0902312317
274			142.175	678.00503786736
275			142.215	677.97532859602
276			142.255	678.26205877243
277			142.295	678.58796774456
278			142.335	678.48513020324
279			142.375	678.1944823906
280			142.415	677.93655870594
281			142.455	678.58855274264
282			142.495	682.57818906858
283			142.535	-nan
284			142.575	-nan
285			142.615	-nan
286			142.655	-nan
287			142.695	-nan
288			142.735	-nan
289			142.775	-nan
290			142.815	-nan
291			142.855	-nan
292			142.895	-nan
293			142.935	691.5119687038
294			142.975	686.57731809527
295			143.015	685.16454854509
296			143.055	685.55488246694
297			143.095	686.11326725529
298			143.135	686.22369551475
299			143.175	686.07097224263
300			143.215	685.96829955319
301			143.255	686.02232571473
302			143.295	686.24080975193
303			143.335	686.42336234166
304			143.375	-nan
305			143.415	686.59471136788
306			143.455	686.45650541878
307			143.495	686.47984617296
308			143.535	686.70704013233
309			143.575	687.33019641436
310			143.615	687.78455404005
311			143.655	687.71607788625
312			143.695	687.73260790693
313			143.735	689.2130607817
314			143.775	693.6162279932
315			143.815	-nan
316			143.855	-nan
317			143.895	-nan
318			143.935	-nan
319			143.975	-nan
320			144.015	-nan
321			144.055	-nan
322			144.095	-nan
323			144.135	-nan
324			144.175	-nan
325			144.215	704.98504960287
326			144.255	700.32129601767
327			144.295	699.26938838481
328			144.335	699.6864158405
329			144.375	700.67285180514
330			144.415	701.18997658894
331			144.455	701.61967368768
332			144.495	701.88855510488
333			144.535	702.44924125643
334			144.575	703.22221514035
335			144.615	704.05254383591
336			144.655	-nan
337			144.695	705.22797895646
338			144.735	705.39895652839
339			144.775	705.80942985776
340			144.815	706.69124605664
341			144.855	707.39584224233
342			144.895	707.94863297631
343			144.935	708.01458864347
344			144.975	707.86131171676
345			145.015	709.39552838495
346			145.055	713.93229492678
347			145.095	-nan
348			145.135	-nan
349			145.175	-nan
350			145.215	-nan
351			145.255	-nan
352			145.295	-nan
353			145.335	-nan
354			145.375	-nan
355			145.415	-nan
356			145.455	-nan
357			145.495	729.11037056133
358			145.535	724.5444646505
359			145.575	723.58115022607
360			145.615	724.27137239623
361			145.655	725.28243756533
362			145.695	725.68250300099
363			145.735	725.89905600029
364			145.775	725.54823690105
365			145.815	725.85617133689
366			145.855	727.02689122631
367			145.895	728.12781197744
368			145.935	-nan
369			145.975	729.30760565112
370			146.015	729.71203172527
371			146.055	730.23831378903
372			146.095	731.26512354067
373			146.135	732.30717447257
374			146.175	733.11111667086
375			146.215	733.41898498681
376			146.255	733.72154949768
377			146.295	735.48592134297
378			146.335	740.40047185755
379			146.375	-nan
380			146.415	-nan
381			146.455	-nan
382			146.495	-nan
383			146.535	-nan
384			146.575	-nan
385			146.615	-nan
386			146.655	-nan
387			146.695	-nan
388			146.735	-nan
389			146.775	758.70980370459
390			146.815	754.05326812146
391			146.855	753.22650104828
392			146.895	754.22212469347
393			146.935	755.7847925021
394			146.975	756.41487684038
395			147.015	756.70876792166
396			147.055	757.15817062274
397			147.095	757.93502920246
398			147.135	758.77950103274
399			147.175	759.56178079413
400			147.215	-nan
401			147.255	760.6518058896
402			147.295	760.87922220312
403			147.335	761.26854168002
404			147.375	761.7158636554
405			147.415	762.33837037916
406			147.455	762.95899875405
407			147.495	763.07117439124
408			147.535	763.25228866937
409			147.575	764.61355752211
410			147.615	769.35403858954
411			147.655	-nan
412			147.695	-nan
413			147.735	-nan
414			147.775	-nan
415			147.815	-nan
416			147.855	-nan
417			147.895	-nan
418			147.935	-nan
419			147.975	-nan
420			148.015	-nan
421			148.055	787.24338754432
422			148.095	782.20985938964
423			148.135	780.87263665284
424			148.175	781.29499456573
425			148.215	781.85818733177
426			148.255	782.17771970936
427			148.295	782.01550267847
428			148.335	782.05955120653
429			148.375	782.35308119945
430			148.415	782.81129434798
431			148.455	783.48243789051
432			148.495	-nan
433			148.535	784.25305265093
434			148.575	784.3880984346
435			148.615	784.70365322649
436			148.655	785.47527287026
437			148.695	786.11673089658
438			148.735	786.55459709647
439			148.775	786.44532291223
440			148.815	786.01323065308
441			148.855	787.35868958162
442			148.895	791.41097237145
443			148.935	-nan
444			148.975	-nan
445			149.015	-nan
446			149.055	-nan
447			149.095	-nan
448			149.135	-nan
449			149.175	-nan
450			149.215	-nan
451			149.255	-nan
452			149.295	-nan
453			149.335	801.77879477915
454			149.375	796.79674584712
455			149.415	795.40197901607
456			149.455	795.790733651
457			149.495	796.3081546518
458			149.535	796.34103513021
459			149.575	796.12400618364
460			149.615	795.86496760227
461			149.655	795.68291592217
462			149.695	795.74345846941
463			149.735	795.56944453611
464			149.775	-nan
465			149.815	794.7490504932
466			149.855	794.23147096036
467			149.895	793.8783140681
468			149.935	793.86600092104
469			149.975	793.76041108255
470			150.015	793.77250587977
471			150.055	793.47859860209
472			150.095	793.0897644674
473			150.135	793.90670033899
474			150.175	798.78434566896
475			150.215	-nan
476			150.255	-nan
477			150.295	-nan
478			150.335	-nan
479			150.375	-nan
480			150.415	-nan
481			150.455	-nan
482			150.495	-nan
483			150.535	-nan
484			150.575	-nan
485			150.615	799.31541078714
486			150.655	793.93180942442
487			150.695	791.94997754635
488			150.735	791.65043268031
489			150.775	791.44222555506
490			150.815	791.20273013158
491			150.855	790.48048487517
492			150.895	789.96664410339
493			150.935	789.61203221363
494			150.975	789.32869590629
495			151.015	789.21540195881
496			151.055	-nan
497			151.095	788.32917576911
498			151.135	787.64499624977
499			151.175	787.30058771901
500			151.215	786.82431072325
501			151.255	786.45245625215
502			151.295	785.6572862494
503			151.335	785.03155578719
504			151.375	783.63885079112
505			151.415	783.60185008922
506			151.455	786.4655700338
507			151.495	-nan
508			151.535	-nan
509			151.575	-nan
510			151.615	-nan
511			151.655	-nan
512			151.695	-nan
513			151.735	-nan
514			151.775	-nan
515			151.815	-nan
516			151.855	-nan
517			151.895	785.55105279101
518			151.935	780.52403117337
519			151.975	778.5685416698
520			152.015	778.02588378891
521			152.055	777.59441880862
522			152.095	776.82150448181
523			152.135	775.77785683205
524			152.175	774.66252706808
525			152.215	774.11103344155
526			152.255	773.45961429777
527			152.295	773.02651547663
528			152.335	-nan
529			152.375	771.17799785364
530			152.415	770.61716167101
531			152.455	769.92691433897
532			152.495	769.49697894489
533			152.535	769.1202600511
534			152.575	768.69004772386
535			152.615	767.98710912644
536			152.655	767.26240224247
537			152.695	767.65913653293
538			152.735	770.43404637127
539			152.775	-nan
540			152.815	-nan
541			152.855	-nan
542			152.895	-nan
543			152.935	-nan
544			152.975	-nan
545			153.015	-nan
546			153.055	-nan
547			153.095	-nan
548			153.135	-nan
549			153.175	764.92678636499
550			153.215	760.28954141912
551			153.255	758.43456497938
552			153.295	758.32930394351
553			153.335	758.45327096755
554			153.375	757.95242962256
555			153.415	757.62918971048
556			153.455	757.05051929716
557			153.495	756.74911444855
558			153.535	756.50499303428
559			153.575	756.1248676142
560			153.615	-nan
561			153.655	754.76989232093
562			153.695	753.92537430087
563			153.735	753.26058019011
564			153.775	752.55356701937
565			153.815	752.3833718219
566			153.855	751.75644171428
567			153.895	751.04082568993
568			153.935	750.20926327674
569			153.975	750.25290474453
570			154.015	753.01863289418
571			154.055	-nan
572			154.095	-nan
573			154.135	-nan
574			154.175	-nan
575			154.215	-nan
576			154.255	-nan
577			154.295	-nan
578			154.335	-nan
579			154.375	-nan
580			154.415	-nan
581			154.455	752.88571748468
582			154.495	748.44529329475
583			154.535	746.97601993746
584			154.575	746.67630478454
585			154.615	746.31029395971
586			154.655	745.82372330358
587			154.695	745.15220859517
588			154.735	744.59694571307
589			154.775	744.2524662138
590			154.815	744.16200039837
591			154.855	743.99886539664
592			154.895	-nan
593			154.935	743.69605753915
594			154.975	743.54005359032
595			155.015	743.53404809255
596			155.055	743.5842987481
597			155.095	743.73699459313
598			155.135	743.5060442439
599			155.175	742.94405316169
600			155.215	742.46362911102
601			155.255	742.81083085639
602			155.295	745.38686191315
603			155.335	-nan
604			155.375	-nan
605			155.415	-nan
606			155.455	-nan
607			155.495	-nan
608			155.535	-nan
609			155.575	-nan
610			155.615	-nan
611			155.655	-nan
612			155.695	-nan
613			155.735	745.39453394053
614			155.775	742.10026764431
615			155.815	741.24242635772
616			155.855	741.38338699785
617			155.895	742.02479983129
618			155.935	742.11087147764
619			155.975	742.04451957211
620			156.015	742.04921056492
621			156.055	741.91614902873
622			156.095	741.9668465649
623			156.135	742.11744994233
624			156.175	-nan
625			156.215	741.76016695199
626			156.255	741.57798123194
627			156.295	741.40014328917
628			156.335	741.5085598958
629			156.375	741.69655346514
630			156.415	742.06908466978
631			156.455	741.82095904408
632			156.495	741.92960870211
633			156.535	743.03919510469
634			156.575	746.35581507159
635			156.615	-nan
636			156.655	-nan
637			156.695	-nan
638			156.735	-nan
639			156.775	-nan
640			156.815	-nan
641			156.855	-nan
642			156.895	-nan
643			156.935	-nan
644			156.975	-nan
645			157.015	753.28150330519
646			157.055	749.71157429058
647			157.095	748.910487973
648			157.135	749.11982148247
649			157.175	749.66335528023
650			157.215	749.90931849306
651			157.255	750.05351720367
652			157.295	750.23908994737
653			157.335	750.70118685975
654			157.375	751.38779411002
655			157.415	752.08396183576
656			157.455	-nan
657			157.495	753.36282329274
658			157.535	753.72298180109
659			157.575	754.01643320243
660			157.615	754.35155121166
661			157.655	755.06065547235
662			157.695	755.43289634643
663			157.735	755.38459541939
664			157.775	754.99292801133
665			157.815	755.97323134389
666			157.855	758.99709684017
667			157.895	-nan
668			157.935	-nan
669			157.975	-nan
670			158.015	-nan
671			158.055	-nan
672			158.095	-nan
673			158.135	-nan
674			158.175	-nan
675			158.215	-nan
676			158.255	-nan
677			158.295	768.7305955203
678			158.335	765.93537920301
679			158.375	765.06109157216
680			158.415	765.73179502935
681			158.455	766.22686774902
682			158.495	766.63037259212
683			158.535	766.60292342187
684			158.575	766.84426672131
685			158.615	766.98464985502
686			158.655	767.34004567419
687			158.695	767.63940764606
688			158.735	-nan
689			158.775	768.37526196379
690			158.815	768.53785826275
691			158.855	768.86595827439
692			158.895	769.56021746648
693			158.935	770.25916468515
694			158.975	770.91017670738
695			159.015	771.22914501567
696			159.055	771.58967606108
697			159.095	772.70699163509
698			159.135	776.28369405377
699			159.175	-nan
700			159.215	-nan
701			159.255	-nan
702			159.295	-nan
703			159.335	-nan
704			159.375	-nan
705			159.415	-nan
706			159.455	-nan
707			159.495	-nan
708			159.535	-nan
709			159.575	784.86807489588
710			159.615	781.40899867043
711			159.655	780.84906195569
712			159.695	781.40087892265
713			159.735	782.06139706494
714			159.775	782.67003794519
715			159.815	783.01911616833
716			159.855	783.32615362828
717			159.895	783.93598325929
718			159.935	784.20661474512
719			159.975	784.82392150792
720			160.015	-nan
721			160.055	785.24892054755
722			160.095	785.43278344234
723			160.135	785.6135203037
724			160.175	785.80419190596
725			160.215	786.24909278854
726			160.255	786.695743704
727			160.295	786.00916325264
728			160.335	785.70852313336
729			160.375	786.69114350659
730			160.415	789.5566943545
731			160.455	-nan
732			160.495	-nan
733			160.535	-nan
734			160.575	-nan
735			160.615	-nan
736			160.655	-nan
737			160.695	-nan
738			160.735	-nan
739			160.775	-nan
740			160.815	-nan
741			160.855	797.53267596446
742			160.895	793.88933867178
743			160.935	792.69610261695
744			160.975	792.4804671485
745			161.015	792.5979412828
746			161.055	792.52779170899
747			161.095	792.03686098242
748			161.135	791.54789632796
749			161.175	791.68584444271
750			161.215	791.57360433593
751			161.255	791.55192114831
752			161.295	-nan
753			161.335	791.67084953155
754			161.375	791.74164225813
755			161.415	791.88680539436
756			161.455	791.83182448637
757			161.495	792.18021698583
758			161.535	792.20757342639
759			161.575	791.88650645838
760			161.615	791.52224180107
761			161.655	791.74647862782
762			161.695	794.50276714354
763			161.735	-nan
764			161.775	-nan
765			161.815	-nan
766			161.855	-nan
767			161.895	-nan
