0				72.335	-nan
1				72.375	-nan
2				72.415	-nan
3				72.455	-nan
4				72.495	-nan
5				72.535	171.2642232774
6				72.575	171.84158079194
7				72.615	172.90156778143
8				72.655	174.33596698076
9				72.695	174.78563595619
10			72.735	176.22305562464
11			72.775	177.34651636595
12			72.815	177.84693219813
13			72.855	179.59366027464
14			72.895	180.8246596378
15			72.935	182.18654273505
16			72.975	-nan
17			73.015	184.75212082376
18			73.055	186.12994414358
19			73.095	187.47042608925
20			73.135	188.66207022218
21			73.175	189.85335832491
22			73.215	190.32066813499
23			73.255	190.58602751175
24			73.295	191.55729876432
25			73.335	192.67974010695
26			73.375	193.44571638922
27			73.415	-nan
28			73.455	-nan
29			73.495	-nan
30			73.535	-nan
31			73.575	-nan
32			73.615	-nan
33			73.655	-nan
34			73.695	-nan
35			73.735	-nan
36			73.775	-nan
37			73.815	209.81973017283
38			73.855	209.8846386829
39			73.895	213.27313336873
40			73.935	214.99198927443
41			73.975	216.49182758446
42			74.015	218.26936245102
43			74.055	219.75131124826
44			74.095	221.28036111366
45			74.135	222.79957804197
46			74.175	224.51706165753
47			74.215	226.39773886378
48			74.255	-nan
49			74.295	229.99604875614
50			74.335	231.55415025805
51			74.375	232.38488047634
52			74.415	235.14009220084
53			74.455	237.09411648582
54			74.495	238.26228878392
55			74.535	240.96453545994
56			74.575	242.48032779505
57			74.615	244.59818099204
58			74.655	247.06294689271
59			74.695	-nan
60			74.735	-nan
61			74.775	-nan
62			74.815	-nan
63			74.855	-nan
64			74.895	-nan
65			74.935	-nan
66			74.975	-nan
67			75.015	-nan
68			75.055	-nan
69			75.095	267.88779169782
70			75.135	271.32962336478
71			75.175	273.94204886066
72			75.215	274.26257588204
73			75.255	279.02638033143
74			75.295	282.26528303539
75			75.335	283.36771355986
76			75.375	287.46261863849
77			75.415	290.10332043362
78			75.455	292.77895067668
79			75.495	295.79570105653
80			75.535	-nan
81			75.575	301.62994736277
82			75.615	304.18660761197
83			75.655	305.86264130528
84			75.695	309.57300016452
85			75.735	312.04906392197
86			75.775	313.81709669459
87			75.815	317.57398882527
88			75.855	319.93749777217
89			75.895	320.91915016879
90			75.935	324.61478234793
91			75.975	-nan
92			76.015	-nan
93			76.055	-nan
94			76.095	-nan
95			76.135	-nan
96			76.175	-nan
97			76.215	-nan
98			76.255	-nan
99			76.295	-nan
100			76.335	-nan
101			76.375	358.5823123718
102			76.415	360.18524805211
103			76.455	364.5750583671
104			76.495	367.8868557768
105			76.535	368.16395534709
106			76.575	373.54866337952
107			76.615	376.7738114275
108			76.655	376.07387521995
109			76.695	382.43739669567
110			76.735	385.85348195011
111			76.775	386.61011055811
112			76.815	-nan
113			76.855	397.11827722142
114			76.895	400.16682991942
115			76.935	403.86366405906
116			76.975	406.13746781271
117			77.015	410.9826674416
118			77.055	414.34502814872
119			77.095	411.94915729383
120			77.135	420.20855075093
121			77.175	421.98776154071
122			77.215	418.30723256816
123			77.255	-nan
124			77.295	-nan
125			77.335	-nan
126			77.375	-nan
127			77.415	-nan
128			77.455	-nan
129			77.495	-nan
130			77.535	-nan
131			77.575	-nan
132			77.615	-nan
133			77.655	455.89903868632
134			77.695	460.33909792894
135			77.735	459.36616604378
136			77.775	466.84789919987
137			77.815	469.83704072247
138			77.855	472.98775100259
139			77.895	475.60539183761
140			77.935	476.92870766898
141			77.975	480.95538498229
142			78.015	483.47253236649
143			78.055	483.20922500255
144			78.095	-nan
145			78.135	490.29876868293
146			78.175	491.18239057431
147			78.215	492.44801336855
148			78.255	496.33892360164
149			78.295	498.6800792268
150			78.335	499.39729133363
151			78.375	503.33625251426
152			78.415	504.82072631325
153			78.455	507.6744436638
154			78.495	500.82686753548
155			78.535	-nan
156			78.575	-nan
157			78.615	-nan
158			78.655	-nan
159			78.695	-nan
160			78.735	-nan
161			78.775	-nan
162			78.815	-nan
163			78.855	-nan
164			78.895	-nan
165			78.935	528.09934717834
166			78.975	529.06467754568
167			79.015	529.30923735963
168			79.055	530.19328738753
169			79.095	531.14910555129
170			79.135	532.03162330029
171			79.175	532.95801709658
172			79.215	534.01197336871
173			79.255	535.15984753835
174			79.295	536.38271913327
175			79.335	537.70424789094
176			79.375	-nan
177			79.415	539.71828676923
178			79.455	540.06988098596
179			79.495	540.12021653601
180			79.535	541.50503645299
181			79.575	542.1350226835
182			79.615	541.97570922535
183			79.655	542.25845888553
184			79.695	541.96346547697
185			79.735	541.99917912521
186			79.775	543.30617052423
187			79.815	-nan
188			79.855	-nan
189			79.895	-nan
190			79.935	-nan
191			79.975	-nan
192			80.015	-nan
193			80.055	-nan
194			80.095	-nan
195			80.135	-nan
196			80.175	-nan
197			80.215	544.95476489172
198			80.255	543.00804965294
199			80.295	542.09764628021
200			80.335	541.79034210302
201			80.375	541.55905882128
202			80.415	541.00229244009
203			80.455	540.47895720372
204			80.495	539.66837891941
205			80.535	538.78615415195
206			80.575	538.03418954844
207			80.615	537.27479267135
208			80.655	-nan
209			80.695	535.36375241871
210			80.735	534.94434645458
211			80.775	534.44740105383
212			80.815	534.23921054573
213			80.855	534.11093137303
214			80.895	533.98124463555
215			80.935	533.61395670743
216			80.975	533.26656353816
217			81.015	533.32550434493
218			81.055	534.5241632083
219			81.095	-nan
220			81.135	-nan
221			81.175	-nan
222			81.215	-nan
223			81.255	-nan
224			81.295	-nan
225			81.335	-nan
226			81.375	-nan
227			81.415	-nan
228			81.455	-nan
229			81.495	526.8412143751
230			81.535	524.04640251872
231			81.575	523.74945564238
232			81.615	523.40810365153
233			81.655	523.93521613884
234			81.695	523.81001195886
235			81.735	523.74069144485
236			81.775	523.65579936382
237			81.815	523.51834667564
238			81.855	523.35003235919
239			81.895	522.94793015414
240			81.935	-nan
241			81.975	522.15711489833
242			82.015	521.56094065589
243			82.055	521.07590416877
244			82.095	520.44295361257
245			82.135	519.76914490754
246			82.175	518.91071266212
247			82.215	517.88156426606
248			82.255	517.08018386681
249			82.295	517.04381938783
250			82.335	518.06559442599
251			82.375	-nan
252			82.415	-nan
253			82.455	-nan
254			82.495	-nan
255			82.535	-nan
256			82.575	-nan
257			82.615	-nan
258			82.655	-nan
259			82.695	-nan
260			82.735	-nan
261			82.775	521.06967983578
262			82.815	519.25446219243
263			82.855	518.4421959835
264			82.895	518.08856397042
265			82.935	517.90605934296
266			82.975	517.49041719502
267			83.015	516.40535613823
268			83.055	516.76234616916
269			83.095	516.95157766046
270			83.135	516.11975273066
271			83.175	517.84751247749
272			83.215	-nan
273			83.255	519.57284308482
274			83.295	520.692351928
275			83.335	521.5019602633
276			83.375	522.4420393004
277			83.415	523.30512144799
278			83.455	523.0653778463
279			83.495	524.58478972283
280			83.535	524.93194566608
281			83.575	525.60007749556
282			83.615	527.34095996104
283			83.655	-nan
284			83.695	-nan
285			83.735	-nan
286			83.775	-nan
287			83.815	-nan
288			83.855	-nan
289			83.895	-nan
290			83.935	-nan
291			83.975	-nan
292			84.015	-nan
293			84.055	533.58698333284
294			84.095	532.28618101823
295			84.135	533.92023400568
296			84.175	535.3116397243
297			84.215	536.71787631913
298			84.255	538.05327917656
299			84.295	539.04057969897
300			84.335	539.97363606873
301			84.375	540.65549894144
302			84.415	540.83405480356
303			84.455	542.17367148393
304			84.495	-nan
305			84.535	543.52211058391
306			84.575	543.86980883688
307			84.615	544.8735762763
308			84.655	545.97338614116
309			84.695	545.43723420498
310			84.735	547.98340065199
311			84.775	549.76997915234
312			84.815	549.87903223643
313			84.855	553.12088909221
314			84.895	556.39183406843
315			84.935	-nan
316			84.975	-nan
317			85.015	-nan
318			85.055	-nan
319			85.095	-nan
320			85.135	-nan
321			85.175	-nan
322			85.215	-nan
323			85.255	-nan
324			85.295	-nan
325			85.335	571.35250781809
326			85.375	570.10005178021
327			85.415	567.19215312684
328			85.455	570.62067531399
329			85.495	573.61911307726
330			85.535	572.62504290571
331			85.575	576.49288033493
332			85.615	578.36535571967
333			85.655	580.34484991849
334			85.695	582.51031720407
335			85.735	584.72372053964
336			85.775	-nan
337			85.815	589.27724064492
338			85.855	590.43061231394
339			85.895	592.84597458491
340			85.935	594.30448753186
341			85.975	594.84376963951
342			86.015	597.16311966827
343			86.055	598.11261426601
344			86.095	599.01152555191
345			86.135	599.96483573151
346			86.175	603.61701055976
347			86.215	-nan
348			86.255	-nan
349			86.295	-nan
350			86.335	-nan
351			86.375	-nan
352			86.415	-nan
353			86.455	-nan
354			86.495	-nan
355			86.535	-nan
356			86.575	-nan
357			86.615	623.68963871544
358			86.655	623.10852673781
359			86.695	623.98971307751
360			86.735	625.93069412423
361			86.775	627.58477138945
362			86.815	628.80825594983
363			86.855	629.87569513524
364			86.895	630.72434847633
365			86.935	631.70857083889
366			86.975	632.40761341197
367			87.015	634.17387540507
368			87.055	-nan
369			87.095	636.45343952956
370			87.135	638.48934441007
371			87.175	640.37683121098
372			87.215	642.15075590715
373			87.255	644.42068700794
374			87.295	646.47126413923
375			87.335	648.45770195116
376			87.375	650.20634384467
377			87.415	651.38619245176
378			87.455	656.05199262873
379			87.495	-nan
380			87.535	-nan
381			87.575	-nan
382			87.615	-nan
383			87.655	-nan
384			87.695	-nan
385			87.735	-nan
386			87.775	-nan
387			87.815	-nan
388			87.855	-nan
389			87.895	664.35885331657
390			87.935	658.04069301188
391			87.975	662.30859412599
392			88.015	665.42405442418
393			88.055	666.34371147983
394			88.095	668.91073532228
395			88.135	670.29380781518
396			88.175	671.54821035551
397			88.215	672.67398014333
398			88.255	673.68326925607
399			88.295	675.11101323032
400			88.335	-nan
401			88.375	675.75778000496
402			88.415	676.62025117519
403			88.455	676.68405494042
404			88.495	676.95876819892
405			88.535	676.91275417569
406			88.575	676.92941782029
407			88.615	676.2723141023
408			88.655	671.93721812641
409			88.695	675.37641444523
410			88.735	679.74312625622
411			88.775	-nan
412			88.815	-nan
413			88.855	-nan
414			88.895	-nan
415			88.935	-nan
416			88.975	-nan
417			89.015	-nan
418			89.055	-nan
419			89.095	-nan
420			89.135	-nan
421			89.175	683.54659504213
422			89.215	681.99826235811
423			89.255	681.00440152676
424			89.295	680.76732640622
425			89.335	680.18230539301
426			89.375	679.71303296108
427			89.415	678.77073884031
428			89.455	677.43093125733
429			89.495	677.59670490105
430			89.535	677.42057059436
431			89.575	677.23577391991
432			89.615	-nan
433			89.655	677.87816745945
434			89.695	675.33695282023
435			89.735	677.50250375661
436			89.775	678.30569892357
437			89.815	678.42810571376
438			89.855	678.24520509835
439			89.895	677.81543583604
440			89.935	676.92634592412
441			89.975	676.26827826964
442			90.015	676.88372465961
443			90.055	-nan
444			90.095	-nan
445			90.135	-nan
446			90.175	-nan
447			90.215	-nan
448			90.255	-nan
449			90.295	-nan
450			90.335	-nan
451			90.375	-nan
452			90.415	-nan
453			90.455	668.49071547631
454			90.495	665.73876219481
455			90.535	664.25486732079
456			90.575	664.5503995715
457			90.615	664.50795286663
458			90.655	663.71409894185
459			90.695	662.10149485495
460			90.735	661.16475930259
461			90.775	659.7669473778
462			90.815	658.33864069774
463			90.855	656.45331527099
464			90.895	-nan
465			90.935	652.59397713164
466			90.975	651.48168058561
467			91.015	649.16111155782
468			91.055	648.25940928384
469			91.095	646.81361149119
470			91.135	644.93943836923
471			91.175	644.46530144041
472			91.215	645.10768147584
473			91.255	644.80818220823
474			91.295	645.40418803459
475			91.335	-nan
476			91.375	-nan
477			91.415	-nan
478			91.455	-nan
479			91.495	-nan
480			91.535	-nan
481			91.575	-nan
482			91.615	-nan
483			91.655	-nan
484			91.695	-nan
485			91.735	633.96628096567
486			91.775	629.78150186785
487			91.815	626.54987336291
488			91.855	621.87233090188
489			91.895	624.48764117286
490			91.935	623.66712216319
491			91.975	622.40635652519
492			92.015	622.35604720685
493			92.055	626.90511241844
494			92.095	632.15105567264
495			92.135	628.39840581021
496			92.175	-nan
497			92.215	621.16631927056
498			92.255	620.53107282412
499			92.295	620.3396720817
500			92.335	619.24327206546
501			92.375	618.29360319152
502			92.415	616.91577746834
503			92.455	615.45431338428
504			92.495	614.46011982063
505			92.535	610.42767452481
506			92.575	609.63267424493
507			92.615	-nan
508			92.655	-nan
509			92.695	-nan
510			92.735	-nan
511			92.775	-nan
512			92.815	-nan
513			92.855	-nan
514			92.895	-nan
515			92.935	-nan
516			92.975	-nan
517			93.015	608.38730979795
518			93.055	606.17343966054
519			93.095	604.2731713849
520			93.135	604.0700400524
521			93.175	603.22646468495
522			93.215	602.13083602224
523			93.255	600.81549066549
524			93.295	600.35717366959
525			93.335	598.28522291226
526			93.375	596.60189358226
527			93.415	593.79172179948
528			93.455	-nan
529			93.495	592.00050655554
530			93.535	591.91273252668
531			93.575	591.73030886043
532			93.615	592.77995876731
533			93.655	600.28671167163
534			93.695	612.50497649672
535			93.735	603.7329577491
536			93.775	594.75535901431
537			93.815	593.15153218729
538			93.855	594.27091009279
539			93.895	-nan
540			93.935	-nan
541			93.975	-nan
542			94.015	-nan
543			94.055	-nan
544			94.095	-nan
545			94.135	-nan
546			94.175	-nan
547			94.215	-nan
548			94.255	-nan
549			94.295	584.95696905094
550			94.335	579.07869392888
551			94.375	582.03027308227
552			94.415	585.84946047996
553			94.455	594.31773230834
554			94.495	608.11851420271
555			94.535	599.28034118858
556			94.575	589.79055912706
557			94.615	590.39828345057
558			94.655	590.59518486791
559			94.695	590.31215830664
560			94.735	-nan
561			94.775	586.91096065185
562			94.815	578.61501155546
563			94.855	509.55854731665
564			94.895	336.42736405693
565			94.935	395.50246833097
566			94.975	571.2361552174
567			95.015	576.20821601979
568			95.055	577.62103869247
569			95.095	578.35596022697
570			95.135	579.51432911933
571			95.175	-nan
572			95.215	-nan
573			95.255	-nan
574			95.295	-nan
575			95.335	-nan
576			95.375	-nan
577			95.415	-nan
578			95.455	-nan
579			95.495	-nan
580			95.535	-nan
581			95.575	597.52963022611
582			95.615	595.98596901717
583			95.655	597.08882603762
584			95.695	595.68363215582
585			95.735	598.00980695089
586			95.775	593.192743665
587			95.815	592.82032755165
588			95.855	592.19970879883
589			95.895	593.70718856922
590			95.935	595.53646750123
591			95.975	595.54770018551
592			96.015	-nan
593			96.055	607.16295237742
594			96.095	623.33271197944
595			96.135	610.88925282594
596			96.175	599.02967789028
597			96.215	601.5488732572
598			96.255	601.94254924874
599			96.295	603.03825364272
600			96.335	588.39496903505
601			96.375	519.82502081461
602			96.415	418.45192988368
603			96.455	-nan
604			96.495	-nan
605			96.535	-nan
606			96.575	-nan
607			96.615	-nan
608			96.655	-nan
609			96.695	-nan
610			96.735	-nan
611			96.775	-nan
612			96.815	-nan
613			96.855	612.78404554688
614			96.895	653.13053726933
615			96.935	624.50723144036
616			96.975	616.87747303684
617			97.015	620.02933788378
618			97.055	621.74533032921
619			97.095	623.21756972114
620			97.135	622.97595385206
621			97.175	623.71314497233
622			97.215	623.90918789616
623			97.255	624.1406844769
624			97.295	-nan
625			97.335	624.46161585
626			97.375	624.27379554374
627			97.415	622.4901833273
628			97.455	623.9796663969
629			97.495	625.53866361513
630			97.535	623.29186451965
631			97.575	623.12703837562
632			97.615	617.11282768486
633			97.655	618.21668180473
634			97.695	647.52626238139
635			97.735	-nan
636			97.775	-nan
637			97.815	-nan
638			97.855	-nan
639			97.895	-nan
640			97.935	-nan
641			97.975	-nan
642			98.015	-nan
643			98.055	-nan
644			98.095	-nan
645			98.135	391.45708146583
646			98.175	447.19349263864
647			98.215	449.26956345747
648			98.255	605.98678858268
649			98.295	631.86655968456
650			98.335	630.62151200123
651			98.375	634.06463351628
652			98.415	636.66064894614
653			98.455	642.60425337767
654			98.495	649.82011592135
655			98.535	648.90152345051
656			98.575	-nan
657			98.615	650.46651031593
658			98.655	652.35472294976
659			98.695	653.38668849184
660			98.735	653.92172801706
661			98.775	649.70652990778
662			98.815	623.73742294676
663			98.855	435.51873850419
664			98.895	395.17082647
665			98.935	400.8104098992
666			98.975	624.65158305626
667			99.015	-nan
668			99.055	-nan
669			99.095	-nan
670			99.135	-nan
671			99.175	-nan
672			99.215	-nan
673			99.255	-nan
674			99.295	-nan
675			99.335	-nan
676			99.375	-nan
677			99.415	666.1542813402
678			99.455	664.26301643308
679			99.495	663.04137006639
680			99.535	659.40481020213
681			99.575	648.53522706927
682			99.615	615.80516807608
683			99.655	535.27434787934
684			99.695	397.85079673234
685			99.735	426.92918781944
686			99.775	613.26668280664
687			99.815	615.3495952615
688			99.855	-nan
689			99.895	557.47371788622
690			99.935	654.12969680059
691			99.975	652.74028509707
692			100.015	654.41815212363
693			100.055	655.97138342893
694			100.095	652.01960513539
695			100.135	658.62743617254
696			100.175	661.17446241957
697			100.215	662.48793673548
698			100.255	663.31003388528
699			100.295	-nan
700			100.335	-nan
701			100.375	-nan
702			100.415	-nan
703			100.455	-nan
704			100.495	-nan
705			100.535	-nan
706			100.575	-nan
707			100.615	-nan
708			100.655	-nan
709			100.695	655.06591314841
710			100.735	649.33409104973
711			100.775	653.10738563996
712			100.815	654.74444516457
713			100.855	657.2639205195
714			100.895	666.86697145757
715			100.935	661.66994025453
716			100.975	660.60815412076
717			101.015	657.95375719408
718			101.055	675.81566311607
719			101.095	566.22357418148
720			101.135	-nan
721			101.175	647.2640533629
722			101.215	624.81154177369
723			101.255	431.36397758863
724			101.295	384.3324452698
725			101.335	405.71670867244
726			101.375	622.60575806592
727			101.415	629.36734185595
728			101.455	636.35735882234
729			101.495	637.0802893611
730			101.535	640.10778485941
731			101.575	-nan
732			101.615	-nan
733			101.655	-nan
734			101.695	-nan
735			101.735	-nan
736			101.775	-nan
737			101.815	-nan
738			101.855	-nan
739			101.895	-nan
740			101.935	-nan
741			101.975	641.11050450635
742			102.015	640.10828585507
743			102.055	639.7383549816
744			102.095	642.06845076761
745			102.135	640.45797064642
746			102.175	637.31352542601
747			102.215	637.30448006413
748			102.255	635.00344562147
749			102.295	634.01115257564
750			102.335	634.64808079607
751			102.375	633.93483847183
752			102.415	-nan
753			102.455	633.58639976234
754			102.495	633.68309628471
755			102.535	633.46507523844
756			102.575	633.33449754728
757			102.615	632.81622415081
758			102.655	632.38607779684
759			102.695	631.69335128881
760			102.735	630.52715568164
761			102.775	629.69070065948
762			102.815	629.982980133
763			102.855	-nan
764			102.895	-nan
765			102.935	-nan
766			102.975	-nan
767			103.015	-nan
768			103.055	-nan
769			103.095	-nan
770			103.135	-nan
771			103.175	-nan
772			103.215	-nan
773			103.255	623.14696012662
774			103.295	620.63536240931
775			103.335	620.10569392458
776			103.375	620.17860421681
777			103.415	619.83007692051
778			103.455	619.04403506805
779			103.495	618.4588116902
780			103.535	616.19603724521
781			103.575	615.43358525292
782			103.615	614.95792246087
783			103.655	611.08540617762
784			103.695	-nan
785			103.735	606.08183185747
786			103.775	606.23807158275
787			103.815	604.58219921855
788			103.855	602.34640790714
789			103.895	600.04012129718
790			103.935	600.95173014984
791			103.975	600.17380605068
792			104.015	599.85464599223
793			104.055	602.87093684192
794			104.095	604.85977680475
795			104.135	-nan
796			104.175	-nan
797			104.215	-nan
798			104.255	-nan
799			104.295	-nan
800			104.335	-nan
801			104.375	-nan
802			104.415	-nan
803			104.455	-nan
804			104.495	-nan
805			104.535	594.705630487
806			104.575	587.37305690337
807			104.615	588.05272487362
808			104.655	586.36421148088
809			104.695	591.76336711462
810			104.735	588.6529562424
811			104.775	590.78078228817
812			104.815	592.77873547036
813			104.855	594.28844656389
814			104.895	595.11785835296
815			104.935	595.47759456543
816			104.975	-nan
817			105.015	595.75784616065
818			105.055	595.51287398831
819			105.095	595.19415428805
820			105.135	594.68860984247
821			105.175	593.8188042654
822			105.215	592.80013667644
823			105.255	591.02866124816
824			105.295	588.58668920763
825			105.335	581.45843929024
826			105.375	582.28502936428
827			105.415	-nan
828			105.455	-nan
829			105.495	-nan
830			105.535	-nan
831			105.575	-nan
832			105.615	-nan
833			105.655	-nan
834			105.695	-nan
835			105.735	-nan
836			105.775	-nan
837			105.815	594.38155452324
838			105.855	592.76470482497
839			105.895	592.37870482698
840			105.935	592.52922486406
841			105.975	592.09181029032
842			106.015	591.68191149461
843			106.055	590.43305677937
844			106.095	589.34468838778
845			106.135	586.45789682465
846			106.175	584.45998509459
847			106.215	582.77864742787
848			106.255	-nan
849			106.295	515.37765948144
850			106.335	585.43185494346
851			106.375	584.38646943102
852			106.415	584.91558363219
853			106.455	588.56713798017
854			106.495	590.89140683607
855			106.535	591.77575967722
856			106.575	592.77098550458
857			106.615	593.39313076757
858			106.655	595.22902075456
859			106.695	-nan
860			106.735	-nan
861			106.775	-nan
862			106.815	-nan
863			106.855	-nan
864			106.895	-nan
865			106.935	-nan
866			106.975	-nan
867			107.015	-nan
868			107.055	-nan
869			107.095	586.42811412559
870			107.135	583.21526592187
871			107.175	585.27971287773
872			107.215	591.03842603374
873			107.255	593.9329338902
874			107.295	598.2695746255
875			107.335	599.52911558552
876			107.375	600.98854360393
877			107.415	602.1334887637
878			107.455	602.60471231383
879			107.495	604.83696783272
880			107.535	-nan
881			107.575	603.89323515741
882			107.615	604.10674750771
883			107.655	603.7913734357
884			107.695	600.84197938804
885			107.735	600.9527664109
886			107.775	599.58422364572
887			107.815	599.71268065248
888			107.855	591.99010052515
889			107.895	593.96898024314
890			107.935	601.12907061263
891			107.975	-nan
892			108.015	-nan
893			108.055	-nan
894			108.095	-nan
895			108.135	-nan
896			108.175	-nan
897			108.215	-nan
898			108.255	-nan
899			108.295	-nan
900			108.335	-nan
901			108.375	615.56089403074
902			108.415	616.88626846351
903			108.455	619.1655181841
904			108.495	618.82098221855
905			108.535	619.08122395091
906			108.575	618.23498286145
907			108.615	617.32603889415
908			108.655	618.09311111345
909			108.695	616.81482954416
910			108.735	620.88428667754
911			108.775	622.86006829598
912			108.815	-nan
913			108.855	625.93865670751
914			108.895	627.76811039524
915			108.935	629.24935585885
916			108.975	630.847284623
917			109.015	631.66693017611
918			109.055	633.71020559992
919			109.095	634.30330420759
920			109.135	634.73878871586
921			109.175	634.71847727315
922			109.215	636.35006434767
923			109.255	-nan
924			109.295	-nan
925			109.335	-nan
926			109.375	-nan
927			109.415	-nan
928			109.455	-nan
929			109.495	-nan
930			109.535	-nan
931			109.575	-nan
932			109.615	-nan
933			109.655	643.85354036345
934			109.695	643.80687006578
935			109.735	646.65420411593
936			109.775	648.80968430874
937			109.815	650.46746124769
938			109.855	651.13039723266
939			109.895	651.85813721566
940			109.935	652.21042753836
941			109.975	652.44962124391
942			110.015	653.31769788747
943			110.055	653.65726506295
944			110.095	-nan
945			110.135	653.32580080944
946			110.175	653.07022431841
947			110.215	653.11286478757
948			110.255	651.78164404822
949			110.295	653.50182221295
950			110.335	655.28839207699
951			110.375	652.17561704987
952			110.415	656.46469003019
953			110.455	659.0746845614
954			110.495	661.15020305942
955			110.535	-nan
956			110.575	-nan
957			110.615	-nan
958			110.655	-nan
959			110.695	-nan
960			110.735	-nan
961			110.775	-nan
962			110.815	-nan
963			110.855	-nan
964			110.895	-nan
965			110.935	664.02353996485
966			110.975	659.88645817129
967			111.015	658.37627705459
968			111.055	660.00135109873
969			111.095	662.67201130699
970			111.135	665.88124940656
971			111.175	668.00325527151
972			111.215	669.84414815804
973			111.255	671.39952619616
974			111.295	672.9928847519
975			111.335	674.47656093074
976			111.375	-nan
977			111.415	676.03283366875
978			111.455	676.79098060076
979			111.495	677.3234988966
980			111.535	677.4080254703
981			111.575	677.8695518498
982			111.615	677.71300400552
983			111.655	676.73527537249
984			111.695	670.47966044598
985			111.735	669.31032822639
986			111.775	671.50950286704
987			111.815	-nan
988			111.855	-nan
989			111.895	-nan
990			111.935	-nan
991			111.975	-nan
992			112.015	-nan
993			112.055	-nan
994			112.095	-nan
995			112.135	-nan
996			112.175	-nan
997			112.215	680.81643333836
998			112.255	679.76208827973
999			112.295	681.00257015779
1000		112.335	681.1920616643
1001		112.375	681.0421287867
1002		112.415	680.42485515171
1003		112.455	679.51514992539
1004		112.495	678.3734433299
1005		112.535	677.91738593981
1006		112.575	676.24560672913
1007		112.615	675.78080466232
1008		112.655	-nan
1009		112.695	674.10119652683
1010		112.735	674.51020726337
1011		112.775	674.97806084308
1012		112.815	675.79395510575
1013		112.855	676.59525462395
1014		112.895	677.25281510409
1015		112.935	677.59540644477
1016		112.975	677.63701379602
1017		113.015	676.28149902533
1018		113.055	678.23142186574
1019		113.095	-nan
1020		113.135	-nan
1021		113.175	-nan
1022		113.215	-nan
1023		113.255	-nan
1024		113.295	-nan
1025		113.335	-nan
1026		113.375	-nan
1027		113.415	-nan
1028		113.455	-nan
1029		113.495	668.70689916815
1030		113.535	662.67882083455
1031		113.575	659.2228130708
1032		113.615	669.01288783397
1033		113.655	669.54770187497
1034		113.695	671.09951165765
1035		113.735	671.064599701
1036		113.775	671.29948750397
1037		113.815	671.43603342598
1038		113.855	671.44153262189
1039		113.895	671.23393835668
1040		113.935	-nan
1041		113.975	669.24506575355
1042		114.015	668.1908342926
1043		114.055	666.85332043681
1044		114.095	666.02310176872
1045		114.135	663.63285186145
1046		114.175	661.94804661249
1047		114.215	657.72278403025
1048		114.255	654.52856533707
1049		114.295	654.49665064148
1050		114.335	653.22574845438
1051		114.375	-nan
1052		114.415	-nan
1053		114.455	-nan
1054		114.495	-nan
1055		114.535	-nan
1056		114.575	-nan
1057		114.615	-nan
1058		114.655	-nan
1059		114.695	-nan
1060		114.735	-nan
1061		114.775	657.02935106724
1062		114.815	654.58999943119
1063		114.855	655.26820034561
1064		114.895	654.13631235787
1065		114.935	653.41652080393
1066		114.975	651.52881232859
1067		115.015	649.4037019928
1068		115.055	649.63854882038
1069		115.095	648.41216946756
1070		115.135	648.03295346784
1071		115.175	648.8883492838
1072		115.215	-nan
1073		115.255	648.42648852368
1074		115.295	648.71131787493
1075		115.335	648.64479171541
1076		115.375	648.98661139774
1077		115.415	649.14480039263
1078		115.455	648.97308535165
1079		115.495	648.26176251012
1080		115.535	647.402260653
1081		115.575	647.02898120135
1082		115.615	648.05241622269
1083		115.655	-nan
1084		115.695	-nan
1085		115.735	-nan
1086		115.775	-nan
1087		115.815	-nan
1088		115.855	-nan
1089		115.895	-nan
1090		115.935	-nan
1091		115.975	-nan
1092		116.015	-nan
1093		116.055	639.79789637393
1094		116.095	635.07343908773
1095		116.135	639.24155284355
1096		116.175	639.52812613647
1097		116.215	639.79777956333
1098		116.255	639.73252401399
1099		116.295	639.42089802583
1100		116.335	638.90777901533
1101		116.375	638.23809193855
1102		116.415	637.48702951364
1103		116.455	636.67209151808
1104		116.495	-nan
1105		116.535	634.40522204031
1106		116.575	633.23571328537
1107		116.615	632.03165720992
1108		116.655	630.2306354616
1109		116.695	630.63359015592
1110		116.735	627.78287806136
1111		116.775	626.76953899597
1112		116.815	629.28259287431
1113		116.855	626.59427905475
1114		116.895	631.84065767046
1115		116.935	-nan
1116		116.975	-nan
1117		117.015	-nan
1118		117.055	-nan
1119		117.095	-nan
1120		117.135	-nan
1121		117.175	-nan
1122		117.215	-nan
1123		117.255	-nan
1124		117.295	-nan
1125		117.335	630.83847957692
1126		117.375	623.54563165978
1127		117.415	619.3722719956
1128		117.455	624.50438426783
1129		117.495	625.27686581285
1130		117.535	626.00161576285
1131		117.575	628.47789549693
1132		117.615	629.11874042022
1133		117.655	629.78134815776
1134		117.695	630.44924146251
1135		117.735	631.17626344357
1136		117.775	-nan
1137		117.815	632.04627920094
1138		117.855	632.2440650331
1139		117.895	632.40155523202
1140		117.935	632.5771378256
1141		117.975	632.46601624779
1142		118.015	632.05452626163
1143		118.055	630.30693373793
1144		118.095	628.55550218448
1145		118.135	625.60553325313
1146		118.175	623.67693729628
1147		118.215	-nan
1148		118.255	-nan
1149		118.295	-nan
1150		118.335	-nan
1151		118.375	-nan
1152		118.415	-nan
1153		118.455	-nan
1154		118.495	-nan
1155		118.535	-nan
1156		118.575	-nan
1157		118.615	638.25356521045
1158		118.655	636.16370931807
1159		118.695	636.36505920722
1160		118.735	636.84240273536
1161		118.775	637.27878921867
1162		118.815	637.49245985758
1163		118.855	637.41597393922
1164		118.895	637.28393989798
1165		118.935	637.11106033331
1166		118.975	637.24121603246
1167		119.015	636.71377807346
1168		119.055	-nan
1169		119.095	638.10344932095
1170		119.135	638.21590434681
1171		119.175	639.49090458043
1172		119.215	640.50549730483
1173		119.255	641.35553516734
1174		119.295	642.71779300424
1175		119.335	643.45218386489
1176		119.375	644.33391069557
1177		119.415	644.86511574779
1178		119.455	647.70118139431
1179		119.495	-nan
1180		119.535	-nan
1181		119.575	-nan
1182		119.615	-nan
1183		119.655	-nan
1184		119.695	-nan
1185		119.735	-nan
1186		119.775	-nan
1187		119.815	-nan
1188		119.855	-nan
1189		119.895	651.58061979976
1190		119.935	647.6304481506
1191		119.975	649.23369669582
1192		120.015	652.92556788665
1193		120.055	654.51087823319
1194		120.095	656.05766779213
1195		120.135	657.30421209794
1196		120.175	658.50035908098
1197		120.215	659.62863321829
1198		120.255	660.94419264011
1199		120.295	661.97527675804
1200		120.335	-nan
1201		120.375	663.75080846577
1202		120.415	664.13436379036
1203		120.455	664.67030828392
1204		120.495	665.1712217264
1205		120.535	665.62787887954
1206		120.575	665.66223491766
1207		120.615	666.48682548084
1208		120.655	666.70282132557
1209		120.695	661.68995372642
1210		120.735	666.97045453877
1211		120.775	-nan
1212		120.815	-nan
1213		120.855	-nan
1214		120.895	-nan
1215		120.935	-nan
1216		120.975	-nan
1217		121.015	-nan
1218		121.055	-nan
1219		121.095	-nan
1220		121.135	-nan
1221		121.175	679.46892211859
1222		121.215	679.71792674531
1223		121.255	681.74322037063
1224		121.295	682.75478872852
1225		121.335	683.96556803897
1226		121.375	684.6808889309
1227		121.415	684.94103806638
1228		121.455	685.84910874411
1229		121.495	686.72711705458
1230		121.535	687.66271523346
1231		121.575	689.33147939703
1232		121.615	-nan
1233		121.655	692.02855678114
1234		121.695	693.32768835654
1235		121.735	694.76501083279
1236		121.775	696.19267623073
1237		121.815	697.69229459914
1238		121.855	698.75003238658
1239		121.895	699.63137210733
1240		121.935	700.16433518943
1241		121.975	700.35683703359
1242		122.015	699.04814379566
1243		122.055	-nan
1244		122.095	-nan
1245		122.135	-nan
1246		122.175	-nan
1247		122.215	-nan
1248		122.255	-nan
1249		122.295	-nan
1250		122.335	-nan
1251		122.375	-nan
1252		122.415	-nan
1253		122.455	707.91276197683
1254		122.495	710.33568113118
1255		122.535	711.30331324676
1256		122.575	713.10155139304
1257		122.615	714.90802411149
1258		122.655	715.67129194145
1259		122.695	716.37766824986
1260		122.735	717.08557671332
1261		122.775	717.67594323895
1262		122.815	718.28809145691
1263		122.855	719.00214938219
1264		122.895	-nan
1265		122.935	719.86037138787
1266		122.975	720.03968150694
1267		123.015	720.48405619847
1268		123.055	721.05393955814
1269		123.095	721.71065595945
1270		123.135	722.53380873691
1271		123.175	723.04537205905
1272		123.215	723.20846706282
1273		123.255	718.17831115455
1274		123.295	710.80623051439
1275		123.335	-nan
1276		123.375	-nan
1277		123.415	-nan
1278		123.455	-nan
1279		123.495	-nan
1280		123.535	-nan
1281		123.575	-nan
1282		123.615	-nan
1283		123.655	-nan
1284		123.695	-nan
1285		123.735	716.53786521272
1286		123.775	724.36196159352
1287		123.815	730.27375323882
1288		123.855	731.31516641328
1289		123.895	732.09999537396
1290		123.935	732.61497685517
1291		123.975	732.96729829124
1292		124.015	733.31512974414
1293		124.055	733.87572492141
1294		124.095	734.78522534744
1295		124.135	735.59794682301
1296		124.175	-nan
1297		124.215	736.86700197712
1298		124.255	737.08525833001
1299		124.295	737.28201898285
1300		124.335	737.55330457817
1301		124.375	737.94405821378
1302		124.415	738.04898414919
1303		124.455	737.68430095413
1304		124.495	737.051013057
1305		124.535	734.51633859184
1306		124.575	725.62912998256
1307		124.615	-nan
1308		124.655	-nan
1309		124.695	-nan
1310		124.735	-nan
1311		124.775	-nan
1312		124.815	-nan
1313		124.855	-nan
1314		124.895	-nan
1315		124.935	-nan
1316		124.975	-nan
1317		125.015	728.71311809466
1318		125.055	731.81561099041
1319		125.095	738.14549366091
1320		125.135	738.75112488376
1321		125.175	738.95045834709
1322		125.215	738.30697628638
1323		125.255	738.21362174554
1324		125.295	737.6568008057
1325		125.335	737.34120971555
1326		125.375	737.22653958846
1327		125.415	737.0755419769
1328		125.455	-nan
1329		125.495	736.51421445701
1330		125.535	736.06293279325
1331		125.575	735.89519577715
1332		125.615	736.06267176134
1333		125.655	736.3080095374
1334		125.695	736.00632688066
1335		125.735	736.08388220742
1336		125.775	735.76829002797
1337		125.815	735.56474206586
1338		125.855	721.73113686283
1339		125.895	-nan
1340		125.935	-nan
1341		125.975	-nan
1342		126.015	-nan
1343		126.055	-nan
1344		126.095	-nan
1345		126.135	-nan
1346		126.175	-nan
1347		126.215	-nan
1348		126.255	-nan
1349		126.295	717.99368751378
1350		126.335	728.92905332993
1351		126.375	729.83175526945
1352		126.415	729.99507176949
1353		126.455	730.07596651653
1354		126.495	730.19326144499
1355		126.535	730.63325599296
1356		126.575	729.25817386748
1357		126.615	729.00337603339
1358		126.655	728.92493175035
1359		126.695	728.85117642626
1360		126.735	-nan
1361		126.775	727.41039242535
1362		126.815	726.77354517534
1363		126.855	725.88065407252
1364		126.895	725.24304692074
1365		126.935	724.70130217817
1366		126.975	724.13864279052
1367		127.015	723.18409301974
1368		127.055	722.50864511846
1369		127.095	721.03151439404
1370		127.135	709.52678581084
1371		127.175	-nan
1372		127.215	-nan
1373		127.255	-nan
1374		127.295	-nan
1375		127.335	-nan
1376		127.375	-nan
1377		127.415	-nan
1378		127.455	-nan
1379		127.495	-nan
1380		127.535	-nan
1381		127.575	705.74339650134
1382		127.615	707.90305968406
1383		127.655	716.00720338631
1384		127.695	715.73763729195
1385		127.735	715.16577419805
1386		127.775	714.50757549771
1387		127.815	713.5679222508
1388		127.855	712.80410226441
1389		127.895	712.28070183842
1390		127.935	712.01607655011
1391		127.975	711.79502772413
1392		128.015	-nan
1393		128.055	711.04283253054
1394		128.095	710.6250916507
1395		128.135	710.30492004447
1396		128.175	710.26910187555
1397		128.215	710.16630552736
1398		128.255	709.98020803322
1399		128.295	709.31224923156
1400		128.335	708.61297123861
1401		128.375	706.86860496982
1402		128.415	695.97043641355
1403		128.455	-nan
1404		128.495	-nan
1405		128.535	-nan
1406		128.575	-nan
1407		128.615	-nan
1408		128.655	-nan
1409		128.695	-nan
1410		128.735	-nan
1411		128.775	-nan
1412		128.815	-nan
1413		128.855	693.28501577281
1414		128.895	698.82616144586
1415		128.935	703.01265207017
1416		128.975	703.39508469527
1417		129.015	703.50587460663
1418		129.055	703.27399046923
1419		129.095	702.79618450246
1420		129.135	702.36219663183
1421		129.175	702.17494929722
1422		129.215	701.98212424047
1423		129.255	701.84844421689
1424		129.295	-nan
1425		129.335	701.05688519237
1426		129.375	700.47294719409
1427		129.415	700.14390084319
1428		129.455	700.023681409
1429		129.495	700.10638060144
1430		129.535	699.78790131325
1431		129.575	699.23768469442
1432		129.615	699.03162762548
1433		129.655	699.120011987
1434		129.695	685.90157438993
1435		129.735	-nan
1436		129.775	-nan
1437		129.815	-nan
1438		129.855	-nan
1439		129.895	-nan
1440		129.935	-nan
1441		129.975	-nan
1442		130.015	-nan
1443		130.055	-nan
1444		130.095	-nan
1445		130.135	686.36295538374
1446		130.175	698.32915507822
1447		130.215	698.1717384047
1448		130.255	698.81017257123
1449		130.295	699.64198652986
1450		130.335	699.84593576064
1451		130.375	699.5564737103
1452		130.415	699.26168629481
1453		130.455	699.52693428885
1454		130.495	700.03817940087
1455		130.535	700.48674138142
1456		130.575	-nan
1457		130.615	700.9689002982
1458		130.655	701.05599944355
1459		130.695	701.26541711176
1460		130.735	701.54988836897
1461		130.775	702.03107340114
1462		130.815	702.38118277136
1463		130.855	702.44094874923
1464		130.895	702.43496174912
1465		130.935	701.55208983793
1466		130.975	689.08417564166
1467		131.015	-nan
1468		131.055	-nan
1469		131.095	-nan
1470		131.135	-nan
1471		131.175	-nan
1472		131.215	-nan
1473		131.255	-nan
1474		131.295	-nan
1475		131.335	-nan
1476		131.375	-nan
1477		131.415	694.45606881929
1478		131.455	705.65278678245
1479		131.495	707.87212340741
1480		131.535	710.4854411526
1481		131.575	710.31435687288
1482		131.615	710.4639203697
1483		131.655	710.40693003682
1484		131.695	710.44142532881
1485		131.735	710.97165393457
1486		131.775	711.60114696261
1487		131.815	712.2376795517
1488		131.855	-nan
1489		131.895	713.58856354624
1490		131.935	714.24604000824
1491		131.975	715.29358595416
1492		132.015	718.23626354673
1493		132.055	717.19612735477
1494		132.095	717.81790805549
1495		132.135	718.5683581344
1496		132.175	719.46842520328
1497		132.215	712.19421967385
1498		132.255	709.37902813957
1499		132.295	-nan
1500		132.335	-nan
1501		132.375	-nan
1502		132.415	-nan
1503		132.455	-nan
1504		132.495	-nan
1505		132.535	-nan
1506		132.575	-nan
1507		132.615	-nan
1508		132.655	-nan
1509		132.695	715.48618094077
1510		132.735	722.60495981652
1511		132.775	727.97826243449
1512		132.815	729.41494377446
1513		132.855	731.57324402998
1514		132.895	732.90712330922
1515		132.935	733.96153025607
1516		132.975	735.24822154397
1517		133.015	736.95353585215
1518		133.055	736.99807831699
1519		133.095	737.72809462856
1520		133.135	-nan
1521		133.175	738.88924873768
1522		133.215	738.97535006479
1523		133.255	739.58228708907
1524		133.295	740.55744330009
1525		133.335	741.77922825631
1526		133.375	742.58212457245
1527		133.415	743.60274710171
1528		133.455	744.0782799533
1529		133.495	745.79100871609
1530		133.535	740.20464604241
1531		133.575	-nan
1532		133.615	-nan
1533		133.655	-nan
1534		133.695	-nan
1535		133.735	-nan
1536		138.895	-nan
1537		138.935	-nan
1538		138.975	-nan
1539		139.015	-nan
1540		139.055	-nan
1541		139.095	791.8284322185
1542		139.135	801.18328347428
1543		139.175	799.61649374952
1544		139.215	799.43140504828
1545		139.255	799.39939294887
1546		139.295	799.25467571928
1547		139.335	797.75487867391
1548		139.375	796.65963124542
1549		139.415	795.88581832489
1550		139.455	795.16381249087
1551		139.495	794.47330519236
1552		139.535	-nan
1553		139.575	792.88936852652
1554		139.615	791.86515742697
1555		139.655	791.27102208955
1556		139.695	790.7617241287
1557		139.735	790.52752749988
1558		139.775	790.28560771894
1559		139.815	789.49709783977
1560		139.855	788.03534916895
1561		139.895	788.36332180286
1562		139.935	773.19101946734
1563		139.975	-nan
1564		140.015	-nan
1565		140.055	-nan
1566		140.095	-nan
1567		140.135	-nan
1568		140.175	-nan
1569		140.215	-nan
1570		140.255	-nan
1571		140.295	-nan
1572		140.335	-nan
1573		140.375	766.85870632888
1574		140.415	772.72655098527
1575		140.455	781.08845459429
1576		140.495	781.51596485853
1577		140.535	781.99016472396
1578		140.575	782.02626903099
1579		140.615	781.72410980379
1580		140.655	781.63401100694
1581		140.695	781.48883661856
1582		140.735	781.06322295794
1583		140.775	780.33934909691
1584		140.815	-nan
1585		140.855	778.48771642694
1586		140.895	777.05145001437
1587		140.935	776.16696422397
1588		140.975	775.23195919979
1589		141.015	774.42133351619
1590		141.055	773.40460894193
1591		141.095	772.46312221226
1592		141.135	771.71704052334
1593		141.175	768.72851743542
1594		141.215	757.34261770718
1595		141.255	-nan
1596		141.295	-nan
1597		141.335	-nan
1598		141.375	-nan
1599		141.415	-nan
1600		141.455	-nan
1601		141.495	-nan
1602		141.535	-nan
1603		141.575	-nan
1604		141.615	-nan
1605		141.655	756.20187902965
1606		141.695	761.39350443893
1607		141.735	766.09663771755
1608		141.775	766.81169770611
1609		141.815	767.01377871951
1610		141.855	766.65224553434
1611		141.895	766.03540900278
1612		141.935	765.94352606529
1613		141.975	766.42329219835
1614		142.015	766.50580439975
1615		142.055	767.03258079835
1616		142.095	-nan
1617		142.135	766.60168652893
1618		142.175	765.76940753837
1619		142.215	765.28744049592
1620		142.255	764.61130507461
1621		142.295	764.52717341946
1622		142.335	764.52406784225
1623		142.375	764.0873793257
1624		142.415	763.26546117578
1625		142.455	762.65448573336
1626		142.495	745.55380712563
1627		142.535	-nan
1628		142.575	-nan
1629		142.615	-nan
1630		142.655	-nan
1631		142.695	-nan
1632		142.735	-nan
1633		142.775	-nan
1634		142.815	-nan
1635		142.855	-nan
1636		142.895	-nan
1637		142.935	747.44513445796
1638		142.975	762.79652876071
1639		143.015	761.68445056863
1640		143.055	762.11021139133
1641		143.095	762.67531971844
1642		143.135	762.93241026755
1643		143.175	762.89079645508
1644		143.215	762.96397582897
1645		143.255	763.1780479861
1646		143.295	763.50209210623
1647		143.335	763.97655977068
1648		143.375	-nan
1649		143.415	765.69355023861
1650		143.455	765.75707608689
1651		143.495	766.38121770236
1652		143.535	765.74340961657
1653		143.575	765.51941374666
1654		143.615	765.49153370312
1655		143.655	764.56612554169
1656		143.695	762.59713415536
1657		143.735	763.25523833992
1658		143.775	763.59919644251
1659		143.815	-nan
1660		143.855	-nan
1661		143.895	-nan
1662		143.935	-nan
1663		143.975	-nan
1664		144.015	-nan
1665		144.055	-nan
1666		144.095	-nan
1667		144.135	-nan
1668		144.175	-nan
1669		144.215	766.63497905185
1670		144.255	761.53492638446
1671		144.295	765.89979298081
1672		144.335	766.61459608299
1673		144.375	767.57139906844
1674		144.415	768.08401798902
1675		144.455	768.43295596437
1676		144.495	768.85324573342
1677		144.535	769.60463123276
1678		144.575	770.35033394209
1679		144.615	771.3591928818
1680		144.655	-nan
1681		144.695	772.79259983056
1682		144.735	773.14023751451
1683		144.775	773.68574863014
1684		144.815	774.46608035057
1685		144.855	775.25401906754
1686		144.895	777.00941690887
1687		144.935	775.62332907935
1688		144.975	775.5579531649
1689		145.015	770.68914397646
1690		145.055	773.39565234969
1691		145.095	-nan
1692		145.135	-nan
1693		145.175	-nan
1694		145.215	-nan
1695		145.255	-nan
1696		145.295	-nan
1697		145.335	-nan
1698		145.375	-nan
1699		145.415	-nan
1700		145.455	-nan
1701		145.495	782.12035049136
1702		145.535	779.39768868755
1703		145.575	784.13962581926
1704		145.615	784.98819436071
1705		145.655	785.91849038718
1706		145.695	786.50604854011
1707		145.735	786.77411383914
1708		145.775	786.97808542123
1709		145.815	791.38069117996
1710		145.855	790.46688210674
1711		145.895	789.29360788665
1712		145.935	-nan
1713		145.975	791.06191732434
1714		146.015	790.84166842851
1715		146.055	791.67907677022
1716		146.095	792.69953862804
1717		146.135	794.05510661616
1718		146.175	795.04237189919
1719		146.215	795.2771847414
1720		146.255	796.03807584178
1721		146.295	794.25038585368
1722		146.335	798.12267089964
1723		146.375	-nan
1724		146.415	-nan
1725		146.455	-nan
1726		146.495	-nan
1727		146.535	-nan
1728		146.575	-nan
1729		146.615	-nan
1730		146.655	-nan
1731		146.695	-nan
1732		146.735	-nan
1733		146.775	805.2367143724
1734		146.815	804.02737176884
1735		146.855	803.74992925452
1736		146.895	805.3159745811
1737		146.935	807.15912397875
1738		146.975	808.204737675
1739		147.015	808.94376444898
1740		147.055	809.65921595964
1741		147.095	810.6302870214
1742		147.135	811.77037354394
1743		147.175	812.75798512336
1744		147.215	-nan
1745		147.255	814.07703995551
1746		147.295	814.36381626722
1747		147.335	814.72654583649
1748		147.375	815.34825857657
1749		147.415	816.17482220946
1750		147.455	816.63581712828
1751		147.495	816.6853596513
1752		147.535	816.82579503589
1753		147.575	812.44962381987
1754		147.615	808.04358618608
1755		147.655	-nan
1756		147.695	-nan
1757		147.735	-nan
1758		147.775	-nan
1759		147.815	-nan
1760		147.855	-nan
1761		147.895	-nan
1762		147.935	-nan
1763		147.975	-nan
1764		148.015	-nan
1765		148.055	815.35868256976
1766		148.095	811.18774125722
1767		148.135	824.59140336807
1768		148.175	825.40214285991
1769		148.215	825.96162595745
1770		148.255	826.27996626587
1771		148.295	826.2612251593
1772		148.335	826.31179114007
1773		148.375	826.81811478203
1774		148.415	827.39215019545
1775		148.455	828.17797089398
1776		148.495	-nan
1777		148.535	829.35642036435
1778		148.575	829.75327309184
1779		148.615	833.87126443657
1780		148.655	834.46158679126
1781		148.695	832.22827753537
1782		148.735	833.00466414524
1783		148.775	833.0373646021
1784		148.815	832.7897213313
1785		148.855	824.08305581523
1786		148.895	826.39581032356
1787		148.935	-nan
1788		148.975	-nan
1789		149.015	-nan
1790		149.055	-nan
1791		149.095	-nan
1792		149.135	-nan
1793		149.175	-nan
1794		149.215	-nan
1795		149.255	-nan
1796		149.295	-nan
1797		149.335	829.29872267218
1798		149.375	825.90167993824
1799		149.415	834.24562665187
1800		149.455	835.26115808944
1801		149.495	836.00989105497
1802		149.535	836.40087439727
1803		149.575	836.20658584412
1804		149.615	835.98821098827
1805		149.655	835.93223179261
1806		149.695	835.99184702837
1807		149.735	836.0159263509
1808		149.775	-nan
1809		149.815	835.28142413679
1810		149.855	834.84559118502
1811		149.895	834.83989608654
1812		149.935	836.57985585817
1813		149.975	839.73968714152
1814		150.015	832.98050419672
1815		150.055	833.63140743905
1816		150.095	833.43628073404
1817		150.135	832.1890136119
1818		150.175	828.5259447325
1819		150.215	-nan
1820		150.255	-nan
1821		150.295	-nan
1822		150.335	-nan
1823		150.375	-nan
1824		150.415	-nan
1825		150.455	-nan
1826		150.495	-nan
1827		150.535	-nan
1828		150.575	-nan
1829		150.615	831.38627415438
1830		150.655	822.15807659206
1831		150.695	829.4390158534
1832		150.735	829.49897109163
1833		150.775	829.55017459785
1834		150.815	829.21976102375
1835		150.855	828.58973533012
1836		150.895	827.8915392073
1837		150.935	827.51986452475
1838		150.975	827.51435606079
1839		151.015	827.60666537856
1840		151.055	-nan
1841		151.095	826.81134919757
1842		151.135	826.29181628167
1843		151.175	825.86975029749
1844		151.215	825.43147896018
1845		151.255	824.50446075587
1846		151.295	823.55856703977
1847		151.335	773.18405864711
1848		151.375	785.40713131005
1849		151.415	817.03987837388
1850		151.455	810.42942694861
1851		151.495	-nan
1852		151.535	-nan
1853		151.575	-nan
1854		151.615	-nan
1855		151.655	-nan
1856		151.695	-nan
1857		151.735	-nan
1858		151.775	-nan
1859		151.815	-nan
1860		151.855	-nan
1861		151.895	804.6250866466
1862		151.935	802.48289960618
1863		151.975	813.80399784221
1864		152.015	813.78500079541
1865		152.055	813.47884090122
1866		152.095	812.71819046512
1867		152.135	811.45241203589
1868		152.175	810.27685627351
1869		152.215	809.28259878657
1870		152.255	808.56902025029
1871		152.295	808.03102284491
1872		152.335	-nan
1873		152.375	806.03776337319
1874		152.415	805.05344007913
1875		152.455	804.39519877715
1876		152.495	804.00407582635
1877		152.535	803.67071133684
1878		152.575	803.29024235119
1879		152.615	802.40925530517
1880		152.655	801.47127624913
1881		152.695	796.72751618503
1882		152.735	794.59926574129
1883		152.775	-nan
1884		152.815	-nan
1885		152.855	-nan
1886		152.895	-nan
1887		152.935	-nan
1888		152.975	-nan
1889		153.015	-nan
1890		153.055	-nan
1891		153.095	-nan
1892		153.135	-nan
1893		153.175	788.20229754368
1894		153.215	783.54485118223
1895		153.255	790.50552055797
1896		153.295	791.21444094126
1897		153.335	791.23461110904
1898		153.375	790.90541381372
1899		153.415	790.23981387302
1900		153.455	789.68675728845
1901		153.495	789.35263780612
1902		153.535	789.0721557114
1903		153.575	788.76025749492
1904		153.615	-nan
1905		153.655	787.10399983846
1906		153.695	786.12182112319
1907		153.735	785.15181928558
1908		153.775	784.515966191
1909		153.815	783.83458748849
1910		153.855	782.99271782931
1911		153.895	781.92537664935
1912		153.935	780.79477560514
1913		153.975	779.65855792786
1914		154.015	773.20236299831
1915		154.055	-nan
1916		154.095	-nan
1917		154.135	-nan
1918		154.175	-nan
1919		154.215	-nan
1920		154.255	-nan
1921		154.295	-nan
1922		154.335	-nan
1923		154.375	-nan
1924		154.415	-nan
1925		154.455	771.76918468359
1926		154.495	766.79548356981
1927		154.535	774.7678438794
1928		154.575	774.33981908067
1929		154.615	774.05929343243
1930		154.655	773.39452011872
1931		154.695	772.41079639635
1932		154.735	771.52447044842
1933		154.775	771.03909806567
1934		154.815	770.69050858768
1935		154.855	770.64121207793
1936		154.895	-nan
1937		154.935	769.99085012329
1938		154.975	769.65712055598
1939		155.015	769.52190354727
1940		155.055	769.55583394288
1941		155.095	769.7112781655
1942		155.135	769.49834173371
1943		155.175	769.0342394971
1944		155.215	767.70615184739
1945		155.255	767.48831459325
1946		155.295	765.91203184251
1947		155.335	-nan
1948		155.375	-nan
1949		155.415	-nan
1950		155.455	-nan
1951		155.495	-nan
1952		155.535	-nan
1953		155.575	-nan
1954		155.615	-nan
1955		155.655	-nan
1956		155.695	-nan
1957		155.735	764.07623733657
1958		155.775	759.61974315859
1959		155.815	764.36846097838
1960		155.855	764.62372197304
1961		155.895	765.4825290984
1962		155.935	765.50468889986
1963		155.975	765.41249035441
1964		156.015	765.2201000594
1965		156.055	765.1874912675
1966		156.095	765.17620018179
1967		156.135	765.228096513
1968		156.175	-nan
1969		156.215	764.45477466157
1970		156.255	763.89565619859
1971		156.295	763.58024616528
1972		156.335	763.53453563705
1973		156.375	763.66174179504
1974		156.415	763.35935685045
1975		156.455	763.34479572452
1976		156.495	762.84858092819
1977		156.535	757.66864117908
1978		156.575	757.78738066159
1979		156.615	-nan
1980		156.655	-nan
1981		156.695	-nan
1982		156.735	-nan
1983		156.775	-nan
1984		156.815	-nan
1985		156.855	-nan
1986		156.895	-nan
1987		156.935	-nan
1988		156.975	-nan
1989		157.015	761.07612070961
1990		157.055	757.9515548492
1991		157.095	763.24699127528
1992		157.135	765.11593872394
1993		157.175	765.73287763543
1994		157.215	765.94791941973
1995		157.255	765.8733256791
1996		157.295	765.98094743857
1997		157.335	766.43459676726
1998		157.375	767.15375604829
1999		157.415	768.02377650786
2000		157.455	-nan
2001		157.495	769.20419252517
2002		157.535	769.36798247012
2003		157.575	769.79301272977
2004		157.615	770.49805032124
2005		157.655	771.06744147685
2006		157.695	771.34706565938
2007		157.735	770.80431927924
2008		157.775	770.73215662834
2009		157.815	770.18520235073
2010		157.855	760.34815314453
2011		157.895	-nan
2012		157.935	-nan
2013		157.975	-nan
2014		158.015	-nan
2015		158.055	-nan
2016		158.095	-nan
2017		158.135	-nan
2018		158.175	-nan
2019		158.215	-nan
2020		158.255	-nan
2021		158.295	766.79724938129
2022		158.335	774.87695933289
2023		158.375	776.15123994782
2024		158.415	776.76877254468
2025		158.455	777.72974336465
2026		158.495	778.18934415027
2027		158.535	778.22102187279
2028		158.575	778.17574395614
2029		158.615	778.48346470134
2030		158.655	778.91047286352
2031		158.695	779.27829373579
2032		158.735	-nan
2033		158.775	779.75117505128
2034		158.815	779.75704172116
2035		158.855	780.16450704246
2036		158.895	780.91331262029
2037		158.935	781.83203832674
2038		158.975	782.58946448828
2039		159.015	783.01442660555
2040		159.055	782.96393311076
2041		159.095	778.60554718798
2042		159.135	764.86789936542
2043		159.175	-nan
2044		159.215	-nan
2045		159.255	-nan
2046		159.295	-nan
2047		159.335	-nan
2048		159.375	-nan
2049		159.415	-nan
2050		159.455	-nan
2051		159.495	-nan
2052		159.535	-nan
2053		159.575	768.99072216526
2054		159.615	781.63559198935
2055		159.655	786.82382608833
2056		159.695	787.93414184715
2057		159.735	789.00446840215
2058		159.775	789.65761332578
2059		159.815	789.98484198242
2060		159.855	790.57196264109
2061		159.895	791.17702079273
2062		159.935	792.03168742344
2063		159.975	792.85347728706
2064		160.015	-nan
2065		160.055	793.4745433866
2066		160.095	793.40014393487
2067		160.135	793.56886384112
2068		160.175	793.92244201873
2069		160.215	794.26059290857
2070		160.255	794.54677845078
2071		160.295	794.1332458409
2072		160.335	793.5273580768
2073		160.375	787.64109246513
2074		160.415	776.23674086714
2075		160.455	-nan
2076		160.495	-nan
2077		160.535	-nan
2078		160.575	-nan
2079		160.615	-nan
2080		160.655	-nan
2081		160.695	-nan
2082		160.735	-nan
2083		160.775	-nan
2084		160.815	-nan
2085		160.855	781.5242918879
2086		160.895	785.21400490191
2087		160.935	797.22430741885
2088		160.975	797.88090123063
2089		161.015	798.14734969194
2090		161.055	797.99859088964
2091		161.095	797.41611297753
2092		161.135	797.02625910258
2093		161.175	796.92170915864
2094		161.215	797.02918489435
2095		161.255	797.469538736
2096		161.295	-nan
2097		161.335	797.40056097163
2098		161.375	797.52622086516
2099		161.415	797.65704659606
2100		161.455	798.12561359909
2101		161.495	798.58830058174
2102		161.535	798.78546864456
2103		161.575	798.61901238843
2104		161.615	798.021271729
2105		161.655	796.80780636239
2106		161.695	778.61172127526
2107		161.735	-nan
2108		161.775	-nan
2109		161.815	-nan
2110		161.855	-nan
2111		161.895	-nan
2112		161.935	-nan
2113		161.975	-nan
2114		162.015	-nan
2115		162.055	-nan
2116		162.095	-nan
2117		162.135	776.69238219022
2118		162.175	791.42596438349
2119		162.215	793.65476510185
2120		162.255	794.15755079793
2121		162.295	794.5506328609
2122		162.335	795.53190970359
2123		162.375	794.06701648761
2124		162.415	793.61947499718
2125		162.455	793.23810244579
2126		162.495	792.98708222396
2127		162.535	792.55880756852
2128		162.575	-nan
2129		162.615	790.87869308019
2130		162.655	789.7631920954
2131		162.695	788.90625225728
2132		162.735	788.35783163308
2133		162.775	787.83520452009
2134		162.815	787.42314808624
2135		162.855	786.5573903393
2136		162.895	784.96987553241
2137		162.935	784.51731800573
2138		162.975	767.25683567914
2139		163.015	-nan
2140		163.055	-nan
2141		163.095	-nan
2142		163.135	-nan
2143		163.175	-nan
2144		163.215	-nan
2145		163.255	-nan
2146		163.295	-nan
2147		163.335	-nan
2148		163.375	-nan
2149		163.415	763.57104867677
2150		163.455	764.61958892414
2151		163.495	778.28775344608
2152		163.535	777.83762953879
2153		163.575	777.30561045405
2154		163.615	776.38345731531
2155		163.655	775.35586952495
2156		163.695	774.51908796784
2157		163.735	773.68579875921
2158		163.775	773.37790658777
2159		163.815	773.20163431609
2160		163.855	-nan
2161		163.895	771.72759246982
2162		163.935	770.94340376404
2163		163.975	770.28309455372
2164		164.015	769.87162380903
2165		164.055	769.29695747696
2166		164.095	768.45721743202
2167		164.135	767.07448568098
2168		164.175	765.43604756332
2169		164.215	762.94600021522
2170		164.255	750.23715786662
2171		164.295	-nan
2172		164.335	-nan
2173		164.375	-nan
2174		164.415	-nan
2175		164.455	-nan
2176		164.495	-nan
2177		164.535	-nan
2178		164.575	-nan
2179		164.615	-nan
2180		164.655	-nan
2181		164.695	742.10518878487
2182		164.735	744.79473321792
2183		164.775	751.44362254596
2184		164.815	751.47824176279
2185		164.855	750.92449026551
2186		164.895	750.04113061914
2187		164.935	748.74972177164
2188		164.975	747.49315313254
2189		165.015	746.33299386684
2190		165.055	745.22924763106
2191		165.095	744.19070440144
2192		165.135	-nan
2193		165.175	741.4092778744
2194		165.215	740.0234053422
2195		165.255	738.88270625098
2196		165.295	738.10006859047
2197		165.335	737.5706504427
2198		165.375	736.8228147481
2199		165.415	735.77425636006
2200		165.455	734.64437527777
2201		165.495	734.24868410461
2202		165.535	718.91872683133
2203		165.575	-nan
2204		165.615	-nan
2205		165.655	-nan
2206		165.695	-nan
2207		165.735	-nan
2208		165.775	-nan
2209		165.815	-nan
2210		165.855	-nan
2211		165.895	-nan
2212		165.935	-nan
2213		165.975	709.50090656706
2214		166.015	717.62220941656
2215		166.055	720.03467239909
2216		166.095	719.86000187286
2217		166.135	720.35588993042
2218		166.175	719.73415789094
2219		166.215	718.96360869533
2220		166.255	718.11298054881
2221		166.295	717.59799428213
2222		166.335	717.21695728616
2223		166.375	716.75388136668
2224		166.415	-nan
2225		166.455	715.19857568301
2226		166.495	714.2013912041
2227		166.535	713.32579435005
2228		166.575	712.67137859797
2229		166.615	711.84253984426
2230		166.655	710.79273314981
2231		166.695	709.03564700307
2232		166.735	705.95330017172
2233		166.775	705.6198997372
2234		166.815	695.52827506445
2235		166.855	-nan
2236		166.895	-nan
2237		166.935	-nan
2238		166.975	-nan
2239		167.015	-nan
2240		167.055	-nan
2241		167.095	-nan
2242		167.135	-nan
2243		167.175	-nan
2244		167.215	-nan
2245		167.255	690.8020295729
2246		167.295	691.56127159135
2247		167.335	699.48058841385
2248		167.375	698.8675876103
2249		167.415	698.21468701308
2250		167.455	697.26936711907
2251		167.495	696.24853167027
2252		167.535	695.20134537685
2253		167.575	694.42166336906
2254		167.615	693.92720028398
2255		167.655	693.46249085853
2256		167.695	-nan
2257		167.735	692.41225272794
2258		167.775	691.95083021327
2259		167.815	691.57298221901
2260		167.855	691.57405508988
2261		167.895	691.61987772431
2262		167.935	691.30435358458
2263		167.975	691.0079488239
2264		168.015	690.3931313828
2265		168.055	689.09056793505
2266		168.095	679.793792228
2267		168.135	-nan
2268		168.175	-nan
2269		168.215	-nan
2270		168.255	-nan
2271		168.295	-nan
2272		168.335	-nan
2273		168.375	-nan
2274		168.415	-nan
2275		168.455	-nan
2276		168.495	-nan
2277		168.535	674.72245134952
2278		168.575	682.63375586321
2279		168.615	682.06875321047
2280		168.655	683.62300555596
2281		168.695	683.97499265644
2282		168.735	684.09415859974
2283		168.775	683.96975208236
2284		168.815	683.74950373785
2285		168.855	683.65520209852
2286		168.895	683.50286967609
2287		168.935	683.30169785763
2288		168.975	-nan
2289		169.015	682.28685301751
2290		169.055	681.5790565461
2291		169.095	680.97933396644
2292		169.135	680.76805664468
2293		169.175	680.69087329955
2294		169.215	680.30057254051
2295		169.255	679.91396888252
2296		169.295	679.32454290764
2297		169.335	679.84167387218
2298		169.375	681.40591735684
2299		169.415	-nan
2300		169.455	-nan
2301		169.495	-nan
2302		169.535	-nan
2303		169.575	-nan
2304		169.615	-nan
2305		169.655	-nan
2306		169.695	-nan
2307		169.735	-nan
2308		169.775	-nan
2309		169.815	674.27616721557
2310		169.855	682.14922752967
2311		169.895	681.26642226835
2312		169.935	680.97155538478
2313		169.975	680.85615011789
2314		170.015	680.54981689198
2315		170.055	680.09849124018
2316		170.095	679.79181534725
2317		170.135	679.7456686293
2318		170.175	680.04522314158
2319		170.215	680.50467971931
2320		170.255	-nan
2321		170.295	681.0383190701
2322		170.335	681.28835325147
2323		170.375	681.5923970162
2324		170.415	681.82825596008
2325		170.455	682.15395317572
2326		170.495	682.10104472698
2327		170.535	681.72854795913
2328		170.575	680.54468206839
2329		170.615	677.90332847026
2330		170.655	666.94786050402
2331		170.695	-nan
2332		170.735	-nan
2333		170.775	-nan
2334		170.815	-nan
2335		170.855	-nan
2336		170.895	-nan
2337		170.935	-nan
2338		170.975	-nan
2339		171.015	-nan
2340		171.055	-nan
2341		171.095	667.37463276749
2342		171.135	672.7402310848
2343		171.175	680.41751204065
2344		171.215	681.24779600805
2345		171.255	681.73056868742
2346		171.295	681.72880083918
2347		171.335	681.42084699219
2348		171.375	681.17305615718
2349		171.415	680.78378401016
2350		171.455	680.67710310529
2351		171.495	680.56115744034
2352		171.535	-nan
2353		171.575	679.87547466392
2354		171.615	679.45211440678
2355		171.655	679.18953487138
2356		171.695	679.21944336147
2357		171.735	679.57649274423
2358		171.775	679.80043882882
2359		171.815	679.88662662801
2360		171.855	679.6019713178
2361		171.895	670.54278818168
2362		171.935	663.75190914251
2363		171.975	-nan
2364		172.015	-nan
2365		172.055	-nan
2366		172.095	-nan
2367		172.135	-nan
2368		172.175	-nan
2369		172.215	-nan
2370		172.255	-nan
2371		172.295	-nan
2372		172.335	-nan
2373		172.375	663.60377549591
2374		172.415	667.2118750847
2375		172.455	677.47328181976
2376		172.495	678.09466624928
2377		172.535	678.35707909502
2378		172.575	678.44809857978
2379		172.615	678.23934671605
2380		172.655	678.12180886
2381		172.695	678.37335251434
2382		172.735	678.61243981922
2383		172.775	679.09824585328
2384		172.815	-nan
2385		172.855	678.98526319305
2386		172.895	678.66015415997
2387		172.935	678.44154823422
2388		172.975	678.21558264279
2389		173.015	677.95560427239
2390		173.055	677.28209224461
2391		173.095	676.00056191945
2392		173.135	674.71953151507
2393		173.175	674.18502566132
2394		173.215	661.30451394849
2395		173.255	-nan
2396		173.295	-nan
2397		173.335	-nan
2398		173.375	-nan
2399		173.415	-nan
2400		173.455	-nan
2401		173.495	-nan
2402		173.535	-nan
2403		173.575	-nan
2404		173.615	-nan
2405		173.655	659.87312459061
2406		173.695	666.93388398261
2407		173.735	671.88706650928
2408		173.775	672.19498932802
2409		173.815	671.73106527331
2410		173.855	671.27976254715
2411		173.895	670.62503427338
2412		173.935	670.30251597752
2413		173.975	669.88049244357
2414		174.015	669.66242339598
2415		174.055	673.80576456403
2416		174.095	-nan
2417		174.135	676.04077428598
2418		174.175	682.10476346124
2419		174.215	682.20339542868
2420		174.255	682.87771714136
2421		174.295	706.4955477076
2422		174.335	707.84815296421
2423		174.375	692.11798066604
2424		174.415	724.34416273905
2425		174.455	759.55980854705
2426		174.495	762.55209284739
2427		174.535	-nan
2428		174.575	-nan
2429		174.615	-nan
2430		174.655	-nan
2431		174.695	-nan
2432		174.735	-nan
2433		174.775	-nan
2434		174.815	-nan
2435		174.855	-nan
2436		174.895	-nan
2437		174.935	892.13185151837
2438		174.975	899.52203788046
2439		175.015	923.06142038148
2440		175.055	935.040215654
2441		175.095	923.57196185435
2442		175.135	936.39670814067
2443		175.175	930.14569923381
2444		175.215	936.07699968081
2445		175.255	938.1143061048
2446		175.295	931.37528369774
2447		175.335	937.18175146636
2448		175.375	-nan
2449		175.415	937.90566439856
2450		175.455	930.11794087358
2451		175.495	894.60142056505
2452		175.535	928.05099933415
2453		175.575	905.58454763178
2454		175.615	919.01070254664
2455		175.655	907.15574864924
2456		175.695	884.23480077208
2457		175.735	851.29487283238
2458		175.775	863.83252494401
2459		175.815	-nan
2460		175.855	-nan
2461		175.895	-nan
2462		175.935	-nan
2463		175.975	-nan
2464		176.015	-nan
2465		176.055	-nan
2466		176.095	-nan
2467		176.135	-nan
2468		176.175	-nan
2469		176.215	913.34512448592
2470		176.255	912.75715907452
2471		176.295	873.91791142197
2472		176.335	892.3525144179
2473		176.375	923.12470558329
2474		176.415	930.53795689972
2475		176.455	928.94676616912
2476		176.495	853.76333707705
2477		176.535	906.10593323122
2478		176.575	918.72202142467
2479		176.615	906.29016053638
2480		176.655	-nan
2481		176.695	927.21909795121
2482		176.735	915.9445780962
2483		176.775	920.29390430515
2484		176.815	922.5269525584
2485		176.855	925.62458555741
2486		176.895	922.35871922389
2487		176.935	852.23627072707
2488		176.975	911.37110972726
2489		177.015	916.03384631644
2490		177.055	890.33253630851
2491		177.095	-nan
2492		177.135	-nan
2493		177.175	-nan
2494		177.215	-nan
2495		177.255	-nan
2496		177.295	-nan
2497		177.335	-nan
2498		177.375	-nan
2499		177.415	-nan
2500		177.455	-nan
2501		177.495	797.70075637429
2502		177.535	796.33681915738
2503		177.575	887.9976492434
2504		177.615	902.93997832525
2505		177.655	912.96538017549
2506		177.695	917.50111101744
2507		177.735	905.3426609257
2508		177.775	920.09697151794
2509		177.815	914.98971559953
2510		177.855	914.05751231487
2511		177.895	913.64089435549
2512		177.935	-nan
2513		177.975	911.34190287976
2514		178.015	850.96248058731
2515		178.055	908.81515384641
2516		178.095	912.89237887106
2517		178.135	911.87501245973
2518		178.175	907.32256763294
2519		178.215	908.67201064249
2520		178.255	851.43341803438
2521		178.295	876.01640603813
2522		178.335	872.15625673277
2523		178.375	-nan
2524		178.415	-nan
2525		178.455	-nan
2526		178.495	-nan
2527		178.535	-nan
2528		178.575	-nan
2529		178.615	-nan
2530		178.655	-nan
2531		178.695	-nan
2532		178.735	-nan
2533		178.775	863.82267205601
2534		178.815	858.03322088773
2535		178.855	875.26359146361
2536		178.895	874.69259011107
2537		178.935	880.58775128384
2538		178.975	893.79622498671
2539		179.015	871.16256942616
2540		179.055	878.87449729053
2541		179.095	886.78293728427
2542		179.135	873.98150507153
2543		179.175	862.22242456937
2544		179.215	-nan
2545		179.255	795.63951816956
2546		179.295	850.2238825919
2547		179.335	864.04583204053
2548		179.375	862.81519751341
2549		179.415	828.38874655936
2550		179.455	881.68181596942
2551		179.495	864.32775704156
2552		179.535	814.62158440097
2553		179.575	868.29092309937
2554		179.615	857.96825986344
2555		179.655	-nan
2556		179.695	-nan
2557		179.735	-nan
2558		179.775	-nan
2559		179.815	-nan
2560		179.855	-nan
2561		179.895	-nan
2562		179.935	-nan
2563		179.975	-nan
2564		180.015	-nan
2565		180.055	830.25597238642
2566		180.095	841.26903005978
2567		180.135	810.8019112521
2568		180.175	812.57290605873
2569		180.215	787.22782608438
2570		180.255	649.9550990761
2571		180.295	657.62451862783
2572		180.335	738.13302945198
2573		180.375	745.28007935845
2574		180.415	726.28312468594
2575		180.455	696.99276430984
2576		180.495	-nan
2577		180.535	643.67169046299
2578		180.575	611.22308987963
2579		180.615	588.57484689145
2580		180.655	570.43005692006
2581		180.695	561.26305856731
2582		180.735	546.39876625617
2583		180.775	542.06067027282
2584		180.815	540.33560557416
2585		180.855	539.10569273212
2586		180.895	539.8746979467
2587		180.935	-nan
2588		180.975	-nan
2589		181.015	-nan
2590		181.055	-nan
2591		181.095	-nan
2592		181.135	-nan
2593		181.175	-nan
2594		181.215	-nan
2595		181.255	-nan
2596		181.295	-nan
2597		181.335	581.49394799849
2598		181.375	606.30962590803
2599		181.415	625.44086389645
2600		181.455	644.59781655602
2601		181.495	656.44841428464
2602		181.535	665.05934122033
2603		181.575	676.70171023316
2604		181.615	680.54993846467
2605		181.655	684.20060885293
2606		181.695	684.98025871082
2607		181.735	689.24420347998
2608		181.775	-nan
2609		181.815	687.00273196576
2610		181.855	689.29630463375
2611		181.895	688.06529831076
2612		181.935	686.97047849453
2613		181.975	688.82144970198
2614		182.015	683.92718730946
2615		182.055	687.73409119279
2616		182.095	687.64514863655
2617		182.135	687.03351860565
2618		182.175	683.34175847397
2619		182.215	-nan
2620		182.255	-nan
2621		182.295	-nan
2622		182.335	-nan
2623		182.375	-nan
2624		182.415	-nan
2625		182.455	-nan
2626		182.495	-nan
2627		182.535	-nan
2628		182.575	-nan
2629		182.615	681.94885274881
2630		182.655	682.67357572468
2631		182.695	680.54867870553
2632		182.735	686.57480241305
2633		182.775	687.07332897261
2634		182.815	686.70205887472
2635		182.855	690.10335672835
2636		182.895	686.54597579008
2637		182.935	685.63093874455
2638		182.975	679.02281277593
2639		183.015	686.09891999957
2640		183.055	-nan
2641		183.095	660.89039304417
2642		183.135	686.34823417872
2643		183.175	689.58081103971
2644		183.215	688.5916096679
2645		183.255	687.19607691454
2646		183.295	684.85003227338
2647		183.335	686.77314639547
2648		183.375	679.52532124384
2649		183.415	676.17813337564
2650		183.455	679.38881891305
2651		183.495	-nan
2652		183.535	-nan
2653		183.575	-nan
2654		183.615	-nan
2655		183.655	-nan
2656		183.695	-nan
2657		183.735	-nan
2658		183.775	-nan
2659		183.815	-nan
2660		183.855	-nan
2661		183.895	662.95223530092
2662		183.935	602.0192646269
2663		183.975	673.9123740726
2664		184.015	673.93675015124
2665		184.055	681.18893794916
2666		184.095	684.31142604283
2667		184.135	684.17518868633
2668		184.175	682.22096753945
2669		184.215	679.28300645218
2670		184.255	680.32667621503
2671		184.295	685.62491750422
2672		184.335	-nan
2673		184.375	682.8113574225
2674		184.415	683.65625349861
2675		184.455	680.60356831349
2676		184.495	665.21632743186
2677		184.535	667.77865265211
2678		184.575	674.99022329088
2679		184.615	671.29222621686
2680		184.655	672.04961686805
2681		184.695	670.25406984196
2682		184.735	670.06648844242
2683		184.775	-nan
2684		184.815	-nan
2685		184.855	-nan
2686		184.895	-nan
2687		184.935	-nan
2688		184.975	-nan
2689		185.015	-nan
2690		185.055	-nan
2691		185.095	-nan
2692		185.135	-nan
2693		185.175	668.91407111641
2694		185.215	663.19233927168
2695		185.255	629.12478415697
2696		185.295	662.22691646184
2697		185.335	661.98984763793
2698		185.375	664.40979983745
2699		185.415	666.42797528165
2700		185.455	665.50749511003
2701		185.495	659.86402193696
2702		185.535	665.64634682342
2703		185.575	645.54271764779
2704		185.615	-nan
2705		185.655	658.5820539519
2706		185.695	658.00709117604
2707		185.735	660.32008977827
2708		185.775	657.25142031202
2709		185.815	653.23497671616
2710		185.855	657.0472799162
2711		185.895	653.47266535981
2712		185.935	654.84586948485
2713		185.975	650.6738351289
2714		186.015	647.64141481145
2715		186.055	-nan
2716		186.095	-nan
2717		186.135	-nan
2718		186.175	-nan
2719		186.215	-nan
2720		186.255	-nan
2721		186.295	-nan
2722		186.335	-nan
2723		186.375	-nan
2724		186.415	-nan
2725		186.455	625.5157642609
2726		186.495	640.00135177651
2727		186.535	637.52255115035
2728		186.575	630.20744059877
2729		186.615	631.57433749585
2730		186.655	621.63026647401
2731		186.695	609.47143796335
2732		186.735	634.7122550379
2733		186.775	628.61591242507
2734		186.815	636.04982672588
2735		186.855	634.09808127719
2736		186.895	-nan
2737		186.935	628.58841967392
2738		186.975	597.19222553169
2739		187.015	616.84344161987
2740		187.055	609.16378292293
2741		187.095	589.64414603117
2742		187.135	579.59044027612
2743		187.175	562.56550072775
2744		187.215	533.44453929777
2745		187.255	503.67413506834
2746		187.295	489.42191841272
2747		187.335	-nan
2748		187.375	-nan
2749		187.415	-nan
2750		187.455	-nan
2751		187.495	-nan
2752		187.535	-nan
2753		187.575	-nan
2754		187.615	-nan
2755		187.655	-nan
2756		187.695	-nan
2757		187.735	282.23498683165
2758		187.775	270.58792220908
2759		187.815	265.8293146803
2760		187.855	274.35755641607
2761		187.895	280.39646049836
2762		187.935	282.54862396655
2763		187.975	287.30347856
2764		188.015	288.46646666247
2765		188.055	288.38864753331
2766		188.095	288.19299295176
2767		188.135	287.91852525546
2768		188.175	-nan
2769		188.215	287.62689389955
2770		188.255	287.59834984752
2771		188.295	291.43962994076
2772		188.335	294.66779253936
2773		188.375	298.3953371152
2774		188.415	303.7636453825
2775		188.455	330.80803692462
2776		188.495	359.9174899121
2777		188.535	385.03211468465
2778		188.575	411.45706697683
2779		188.615	-nan
2780		188.655	-nan
2781		188.695	-nan
2782		188.735	-nan
2783		188.775	-nan
2784		188.815	-nan
2785		188.855	-nan
2786		188.895	-nan
2787		188.935	-nan
2788		188.975	-nan
2789		189.015	440.64357072365
2790		189.055	443.17774510945
2791		189.095	451.05957111337
2792		189.135	455.81187912209
2793		189.175	451.80486829371
2794		189.215	448.916878005
2795		189.255	446.28632559589
2796		189.295	453.60434757038
2797		189.335	456.71573945041
2798		189.375	439.40335935264
2799		189.415	453.6065115537
2800		189.455	-nan
2801		189.495	441.54994862813
2802		189.535	448.94069340501
2803		189.575	444.43061637727
2804		189.615	448.9173839965
2805		189.655	443.75006219521
2806		189.695	434.23682225482
2807		189.735	441.0008859416
2808		189.775	423.9408469169
2809		189.815	433.43229012779
2810		189.855	433.96446119942
2811		189.895	-nan
2812		189.935	-nan
2813		189.975	-nan
2814		190.015	-nan
2815		190.055	-nan
2816		190.095	-nan
2817		190.135	-nan
2818		190.175	-nan
2819		190.215	-nan
2820		190.255	-nan
2821		190.295	422.05561830435
2822		190.335	419.70703248272
2823		190.375	417.6600628983
2824		190.415	425.2227366124
2825		190.455	426.72467570843
2826		190.495	428.84899558372
2827		190.535	434.48239840594
2828		190.575	427.46047164584
2829		190.615	431.84004802282
2830		190.655	429.20565077687
2831		190.695	430.4672674516
2832		190.735	-nan
2833		190.775	429.69991919325
2834		190.815	427.80139577762
2835		190.855	424.85308632979
2836		190.895	424.1811350722
2837		190.935	406.9126712694
2838		190.975	411.38183278775
2839		191.015	419.53360749278
2840		191.055	404.44729186623
2841		191.095	406.31614055044
2842		191.135	417.57607059497
2843		191.175	-nan
2844		191.215	-nan
2845		191.255	-nan
2846		191.295	-nan
2847		191.335	-nan
2848		191.375	-nan
2849		191.415	-nan
2850		191.455	-nan
2851		191.495	-nan
2852		191.535	-nan
2853		191.575	402.74328183024
2854		191.615	390.0530252054
2855		191.655	395.14974753038
2856		191.695	406.44422698805
2857		191.735	410.88707235436
2858		191.775	412.29235252594
2859		191.815	407.61198996488
2860		191.855	402.52585127371
2861		191.895	400.96041502274
2862		191.935	405.151065979
2863		191.975	406.27954084181
2864		192.015	-nan
2865		192.055	391.6094188407
2866		192.095	395.59234855002
2867		192.135	400.92479084661
2868		192.175	369.98126428586
2869		192.215	399.04085964919
2870		192.255	392.93096574484
2871		192.295	385.25081862598
2872		192.335	390.72341124261
2873		192.375	394.20404017845
2874		192.415	388.72511391115
2875		192.455	-nan
2876		192.495	-nan
2877		192.535	-nan
2878		192.575	-nan
2879		192.615	-nan
2880		192.655	-nan
2881		192.695	-nan
2882		192.735	-nan
2883		192.775	-nan
2884		192.815	-nan
2885		192.855	388.60113529374
2886		192.895	387.67562938576
2887		192.935	379.17128064541
2888		192.975	388.247670523
2889		193.015	386.14197066499
2890		193.055	387.40930218253
2891		193.095	385.27452198288
2892		193.135	388.73233926957
2893		193.175	377.35850952474
2894		193.215	388.21068795627
2895		193.255	388.08600259804
2896		193.295	-nan
2897		193.335	386.30770802807
2898		193.375	382.7379484879
2899		193.415	369.66757299333
2900		193.455	375.66927283373
2901		193.495	382.93336593744
2902		193.535	375.69253035336
2903		193.575	382.71242763334
2904		193.615	378.27776138195
2905		193.655	379.56429357381
2906		193.695	378.49783783665
2907		193.735	-nan
2908		193.775	-nan
2909		193.815	-nan
2910		193.855	-nan
2911		193.895	-nan
2912		193.935	-nan
2913		193.975	-nan
2914		194.015	-nan
2915		194.055	-nan
2916		194.095	-nan
2917		194.135	360.4948809387
2918		194.175	361.40708398565
2919		194.215	366.51050881017
2920		194.255	347.48417652903
2921		194.295	360.60211885683
2922		194.335	361.79411593741
2923		194.375	359.01357785848
2924		194.415	346.68398302515
2925		194.455	326.14132149632
2926		194.495	325.29593941706
2927		194.535	310.5170287222
2928		194.575	-nan
2929		194.615	273.71053872945
2930		194.655	253.31929667973
2931		194.695	245.82595045638
2932		194.735	245.97238181298
2933		194.775	245.06224435751
2934		194.815	240.96165176358
2935		194.855	238.84125187669
2936		194.895	238.18594722974
2937		194.935	236.02107679942
2938		194.975	238.34708816918
2939		195.015	-nan
2940		195.055	-nan
2941		195.095	-nan
2942		195.135	-nan
2943		195.175	-nan
2944		195.215	-nan
2945		195.255	-nan
2946		195.295	-nan
2947		195.335	-nan
2948		195.375	-nan
2949		195.415	239.25255264802
2950		195.455	235.46328554922
2951		195.495	234.13192123684
2952		195.535	236.75553904051
2953		195.575	236.73011728226
2954		195.615	236.18774469203
2955		195.655	236.10250446426
2956		195.695	235.75598427748
2957		195.735	235.47068472802
2958		195.775	235.35661275564
2959		195.815	235.17111836687
2960		195.855	-nan
2961		195.895	234.66076742817
2962		195.935	234.40502022923
2963		195.975	234.22833369008
2964		196.015	234.05874513048
2965		196.055	234.07006349892
2966		196.095	232.36113277172
2967		196.135	231.34684879973
2968		196.175	230.96020447618
2969		196.215	230.98501175121
2970		196.255	231.09467743898
2971		196.295	-nan
2972		196.335	-nan
2973		196.375	-nan
2974		196.415	-nan
2975		196.455	-nan
2976		196.495	-nan
2977		196.535	-nan
2978		196.575	-nan
2979		196.615	-nan
2980		196.655	-nan
2981		196.695	230.39790123416
2982		196.735	229.05821873345
2983		196.775	228.57929045118
2984		196.815	228.71206017995
2985		196.855	229.77604215431
2986		196.895	231.12783725494
2987		196.935	230.92552208032
2988		196.975	230.73144827537
2989		197.015	230.59116321602
2990		197.055	230.4680122804
2991		197.095	230.30981083838
2992		197.135	-nan
2993		197.175	229.63734016688
2994		197.215	229.19685248667
2995		197.255	228.5858400201
2996		197.295	227.93262054291
2997		197.335	227.52027812416
2998		197.375	226.4871793314
2999		197.415	225.85953526268
3000		197.455	223.69588957922
3001		197.495	223.69184078595
3002		197.535	225.89990898446
3003		197.575	-nan
3004		197.615	-nan
3005		197.655	-nan
3006		197.695	-nan
3007		197.735	-nan
3008		197.775	-nan
3009		197.815	-nan
3010		197.855	-nan
3011		197.895	-nan
3012		197.935	-nan
3013		197.975	226.28585472411
3014		198.015	222.60338752474
3015		198.055	223.65032336162
3016		198.095	223.49536429287
3017		198.135	223.04028511451
3018		198.175	223.81680773157
3019		198.215	223.87710604442
3020		198.255	223.55302684509
3021		198.295	223.32784253772
3022		198.335	223.18392158556
3023		198.375	223.04126241481
3024		198.415	-nan
3025		198.455	222.55388235201
3026		198.495	222.25943012902
3027		198.535	222.01327046978
3028		198.575	221.65420071234
3029		198.615	220.95614116428
3030		198.655	219.89861991873
3031		198.695	219.16377417001
3032		198.735	218.48692503291
3033		198.775	216.81386388499
3034		198.815	218.03315457022
3035		198.855	-nan
3036		198.895	-nan
3037		198.935	-nan
3038		198.975	-nan
3039		199.015	-nan
3040		199.055	-nan
3041		199.095	-nan
3042		199.135	-nan
3043		199.175	-nan
3044		199.215	-nan
3045		199.255	218.60062671099
3046		199.295	215.14327058213
3047		199.335	214.0278051703
3048		199.375	216.82616599101
3049		199.415	216.73406608896
3050		199.455	216.41927173613
3051		199.495	216.139865577
3052		199.535	215.75727716497
3053		199.575	215.41922542526
3054		199.615	215.08171247411
3055		199.655	214.72727040662
3056		199.695	-nan
3057		199.735	213.75242877025
3058		199.775	213.24451102326
3059		199.815	212.81598047063
3060		199.855	212.46406184704
3061		199.895	212.19261597051
3062		199.935	211.68644164592
3063		199.975	210.72025439184
3064		200.015	214.53541261385
3065		200.055	209.91384272273
3066		200.095	209.64120296541
3067		200.135	-nan
3068		200.175	-nan
3069		200.215	-nan
3070		200.255	-nan
3071		200.295	-nan
3072		200.335	-nan
3073		200.375	-nan
3074		200.415	-nan
3075		200.455	-nan
3076		200.495	-nan
3077		200.535	205.99757675047
3078		200.575	207.53968415763
3079		200.615	207.22408708159
3080		200.655	206.99755669325
3081		200.695	206.79826760121
3082		200.735	206.52540603694
3083		200.775	206.17560949414
3084		200.815	205.81794940034
3085		200.855	205.57787719676
3086		200.895	205.37322223201
3087		200.935	205.22742766446
3088		200.975	-nan
3089		201.015	204.53700984456
3090		201.055	204.18647990771
3091		201.095	203.83185382641
3092		201.135	203.52164418833
3093		201.175	203.12402620476
3094		201.215	202.69322031734
3095		201.255	202.00826432031
3096		201.295	201.26497146285
3097		201.335	200.677451343
3098		201.375	199.48109015233
3099		201.415	-nan
3100		201.455	-nan
3101		201.495	-nan
3102		201.535	-nan
3103		201.575	-nan
3104		201.615	-nan
3105		201.655	-nan
3106		201.695	-nan
3107		201.735	-nan
3108		201.775	-nan
3109		201.815	195.61126974292
3110		201.855	195.23245978673
3111		201.895	197.37542372051
3112		201.935	197.55132304726
3113		201.975	197.33006945689
3114		202.015	196.96463321746
3115		202.055	196.52765348641
3116		202.095	196.09092191998
3117		202.135	195.72643469119
3118		202.175	195.40325994221
3119		202.215	195.17689759197
3120		202.255	-nan
3121		202.295	194.31380123296
3122		202.335	193.9347942175
3123		202.375	193.60857571107
3124		202.415	193.34721954527
3125		202.455	193.14630748286
3126		202.495	192.87626978892
3127		202.535	192.5132805447
3128		202.575	192.11167550548
3129		202.615	191.57939949219
3130		202.655	189.33926232709
3131		202.695	-nan
3132		202.735	-nan
3133		202.775	-nan
3134		202.815	-nan
3135		202.855	-nan
3136		202.895	-nan
3137		202.935	-nan
3138		202.975	-nan
3139		203.015	-nan
3140		203.055	-nan
3141		203.095	186.33810346681
3142		203.135	186.23083923767
3143		203.175	187.92229159651
3144		203.215	187.94911538327
3145		203.255	187.92325819663
3146		203.295	187.80067854208
3147		203.335	187.51857284884
3148		203.375	187.33175996826
3149		203.415	187.18184848555
3150		203.455	187.00257959451
3151		203.495	186.85230857847
3152		203.535	-nan
3153		203.575	186.28939766749
3154		203.615	185.90559126998
3155		203.655	185.53123982124
3156		203.695	185.20652669176
3157		203.735	184.88306408496
3158		203.775	184.45537020648
3159		203.815	183.9063881251
3160		203.855	183.32247459847
3161		203.895	184.24012054768
3162		203.935	182.33580860258
3163		203.975	-nan
3164		204.015	-nan
3165		204.055	-nan
3166		204.095	-nan
3167		204.135	-nan
3168		204.175	-nan
3169		204.215	-nan
3170		204.255	-nan
3171		204.295	-nan
3172		204.335	-nan
3173		204.375	190.31856178039
3174		204.415	190.44176027865
3175		204.455	191.14201293567
3176		204.495	190.23720768821
3177		204.535	188.14737081474
3178		204.575	186.89304284515
3179		204.615	185.57748477095
3180		204.655	183.48674794763
3181		204.695	184.10077082949
3182		204.735	184.02308694811
3183		204.775	184.11478782646
3184		204.815	-nan
3185		204.855	183.48158162326
3186		204.895	183.13871183318
3187		204.935	182.9564708508
3188		204.975	182.8616369059
3189		205.015	182.68825178618
3190		205.055	182.32145828424
3191		205.095	181.72320250148
3192		205.135	180.96008096106
3193		205.175	180.52123342145
3194		205.215	179.5866502129
3195		205.255	-nan
3196		205.295	-nan
3197		205.335	-nan
3198		205.375	-nan
3199		205.415	-nan
3200		205.455	-nan
3201		205.495	-nan
3202		205.535	-nan
3203		205.575	-nan
3204		205.615	-nan
3205		205.655	174.427149185
3206		205.695	173.81645938002
3207		205.735	175.18267183883
3208		205.775	175.23607702581
3209		205.815	175.38018895081
3210		205.855	175.42861948103
3211		205.895	175.25608034162
3212		205.935	175.03097996804
3213		205.975	174.79656344474
3214		206.015	174.57972069416
3215		206.055	174.36770787316
3216		206.095	-nan
3217		206.135	173.98092413317
3218		206.175	174.06880680068
3219		206.215	174.69355041103
3220		206.255	175.02857556548
3221		206.295	175.20123541685
3222		206.335	174.92842357467
3223		206.375	174.61956201328
3224		206.415	172.74196356054
3225		206.455	172.20511578386
3226		206.495	170.56606677638
3227		206.535	-nan
3228		206.575	-nan
3229		206.615	-nan
3230		206.655	-nan
3231		206.695	-nan
3232		206.735	-nan
3233		206.775	-nan
3234		206.815	-nan
3235		206.855	-nan
3236		206.895	-nan
3237		206.935	123.44152298946
3238		206.975	121.86964570728
3239		207.015	121.26273522728
3240		207.055	122.10761533395
3241		207.095	122.49548008397
3242		207.135	121.76148147916
3243		207.175	122.18218053048
3244		207.215	122.17158442804
3245		207.255	122.17222363238
3246		207.295	122.26870687396
3247		207.335	122.30791645763
3248		207.375	-nan
3249		207.415	122.19724006778
3250		207.455	122.10289874284
3251		207.495	122.03538218865
3252		207.535	122.00767915363
3253		207.575	121.99536180945
3254		207.615	121.91559235184
3255		207.655	121.70800258918
3256		207.695	121.50749416388
3257		207.735	121.58045681386
3258		207.775	122.33535718516
3259		207.815	-nan
3260		207.855	-nan
3261		207.895	-nan
3262		207.935	-nan
3263		207.975	-nan
3264		208.015	-nan
3265		208.055	-nan
3266		208.095	-nan
3267		208.135	-nan
3268		208.175	-nan
3269		208.215	122.2586767672
3270		208.255	120.8547173517
3271		208.295	120.58580519909
3272		208.335	120.81021936406
3273		208.375	120.58584974523
3274		208.415	120.52645656795
3275		208.455	120.36132858367
3276		208.495	120.19708516268
3277		208.535	120.10644818011
3278		208.575	120.07014365952
3279		208.615	120.02924263765
3280		208.655	-nan
3281		208.695	119.80556513748
3282		208.735	119.66333018566
3283		208.775	119.56626114638
3284		208.815	119.5545681558
3285		208.855	119.57635512125
3286		208.895	119.55158368974
3287		208.935	119.41781212366
3288		208.975	119.28340362026
3289		209.015	119.44805414357
3290		209.055	120.2054996199
3291		209.095	-nan
3292		209.135	-nan
3293		209.175	-nan
3294		209.215	-nan
3295		209.255	-nan
3296		209.295	-nan
3297		209.335	-nan
3298		209.375	-nan
3299		209.415	-nan
3300		209.455	-nan
3301		209.495	119.91844000328
3302		209.535	118.55775135282
3303		209.575	118.35242201955
3304		209.615	118.3425492081
3305		209.655	118.36500125988
3306		209.695	118.32108645306
3307		209.735	118.24367984454
3308		209.775	118.11701136762
3309		209.815	118.06370223014
3310		209.855	118.07351831543
3311		209.895	118.06664962459
3312		209.935	-nan
3313		209.975	117.88125986771
3314		210.015	117.74052247268
3315		210.055	117.63746202522
3316		210.095	117.57786654752
3317		210.135	117.5484470099
3318		210.175	117.45863949784
3319		210.215	117.25580837708
3320		210.255	117.0513835009
3321		210.295	117.00307428014
3322		210.335	117.72784150303
3323		210.375	-nan
3324		210.415	-nan
3325		210.455	-nan
3326		210.495	-nan
3327		210.535	-nan
3328		210.575	-nan
3329		210.615	-nan
3330		210.655	-nan
3331		210.695	-nan
3332		210.735	-nan
3333		210.775	117.65639444537
3334		210.815	116.30870963045
3335		210.855	116.12557364073
3336		210.895	116.0378584957
3337		210.935	115.99862578243
3338		210.975	115.87616415391
3339		211.015	115.70803561985
3340		211.055	115.51993897095
3341		211.095	115.37999479929
3342		211.135	115.34391788483
3343		211.175	115.28491382412
3344		211.215	-nan
3345		211.255	115.07015458699
3346		211.295	114.94226842041
3347		211.335	114.85647918361
3348		211.375	114.83671621357
3349		211.415	114.83251786065
3350		211.455	114.7582636539
3351		211.495	114.60280166321
3352		211.535	114.44496558397
3353		211.575	114.50656861917
3354		211.615	115.17697796163
3355		211.655	-nan
3356		211.695	-nan
3357		211.735	-nan
3358		211.775	-nan
3359		211.815	-nan
3360		211.855	-nan
3361		211.895	-nan
3362		211.935	-nan
3363		211.975	-nan
3364		212.015	-nan
3365		212.055	114.71443978038
3366		212.095	113.45041944044
3367		212.135	113.17204417654
3368		212.175	113.1439748033
3369		212.215	113.15133185901
3370		212.255	113.04973322468
3371		212.295	112.90920714119
3372		212.335	112.75559112805
3373		212.375	112.644006656
3374		212.415	112.57376877984
3375		212.455	112.49469900724
3376		212.495	-nan
3377		212.535	112.19092079937
3378		212.575	111.99850344077
3379		212.615	111.85135317129
3380		212.655	111.76917800879
3381		212.695	111.67527776253
3382		212.735	111.55685507099
3383		212.775	111.37318948537
3384		212.815	111.16589896418
3385		212.855	111.23248646404
3386		212.895	111.45774386431
3387		212.935	-nan
3388		212.975	-nan
3389		213.015	-nan
3390		213.055	-nan
3391		213.095	-nan
3392		213.135	-nan
3393		213.175	-nan
3394		213.215	-nan
3395		213.255	-nan
3396		213.295	-nan
3397		213.335	110.95420929885
3398		213.375	109.7885527952
3399		213.415	109.89464600392
3400		213.455	109.77203265396
3401		213.495	109.69884460229
3402		213.535	109.55339121447
3403		213.575	109.36695498661
3404		213.615	109.18503965535
3405		213.655	109.06989220689
3406		213.695	109.01688821689
3407		213.735	108.96878670876
3408		213.775	-nan
3409		213.815	108.74775565319
3410		213.855	108.6156882135
3411		213.895	108.4901345263
3412		213.935	108.43892079366
3413		213.975	108.38528509498
3414		214.015	108.26755761811
3415		214.055	108.06872990905
3416		214.095	107.79808522869
3417		214.135	107.54800533637
3418		214.175	108.30752927845
3419		214.215	-nan
3420		214.255	-nan
3421		214.295	-nan
3422		214.335	-nan
3423		214.375	-nan
3424		214.415	-nan
3425		214.455	-nan
3426		214.495	-nan
3427		214.535	-nan
3428		214.575	-nan
3429		214.615	107.81689036161
3430		214.655	106.70572473521
3431		214.695	106.35381013234
3432		214.735	106.3178437982
3433		214.775	106.32912056405
3434		214.815	106.11336627134
3435		214.855	105.90422512988
3436		214.895	105.72080320117
3437		214.935	105.56472581306
3438		214.975	105.45966538165
3439		215.015	105.35746103296
3440		215.055	-nan
3441		215.095	104.98883793938
3442		215.135	104.81219079782
3443		215.175	104.66347529466
3444		215.215	104.57765885441
3445		215.255	104.52988659892
3446		215.295	104.41181418444
3447		215.335	104.2762677576
3448		215.375	104.1110686395
3449		215.415	104.1324231247
3450		215.455	104.5053338495
3451		215.495	-nan
3452		215.535	-nan
3453		215.575	-nan
3454		215.615	-nan
3455		215.655	-nan
3456		215.695	-nan
3457		215.735	-nan
3458		215.775	-nan
3459		215.815	-nan
3460		215.855	-nan
3461		215.895	103.96685075078
3462		215.935	102.99425489984
3463		215.975	102.75491092364
3464		216.015	102.76210559813
3465		216.055	102.78887126577
3466		216.095	102.66072205267
3467		216.135	102.53249376634
3468		216.175	102.52920295585
3469		216.215	102.92427545849
3470		216.255	103.01266296936
3471		216.295	103.73653353087
3472		216.335	-nan
3473		216.375	104.20416239478
3474		216.415	105.53260358528
3475		216.455	105.54960205399
3476		216.495	106.03681218063
3477		216.535	106.31743823549
3478		216.575	106.67953413043
3479		216.615	106.51013051313
3480		216.655	106.43004847823
3481		216.695	106.45441455529
3482		216.735	106.46608687555
3483		216.775	-nan
3484		216.815	-nan
3485		216.855	-nan
3486		216.895	-nan
3487		216.935	-nan
3488		216.975	-nan
3489		217.015	-nan
3490		217.055	-nan
3491		217.095	-nan
3492		217.135	-nan
3493		217.175	106.3066910311
3494		217.215	105.44957585167
3495		217.255	105.5677161462
3496		217.295	105.39879521814
3497		217.335	105.49078881028
3498		217.375	105.24786141277
3499		217.415	105.17063226474
3500		217.455	104.90713897195
3501		217.495	104.53398767437
3502		217.535	104.54830460579
3503		217.575	104.16090044334
3504		217.615	-nan
3505		217.655	104.11997181294
3506		217.695	103.82874438806
3507		217.735	103.76489581058
3508		217.775	103.76512753531
3509		217.815	103.86871353095
3510		217.855	103.81535169604
3511		217.895	103.74778729003
3512		217.935	103.47554390808
3513		217.975	103.46073446138
3514		218.015	104.11552088744
3515		218.055	-nan
3516		218.095	-nan
3517		218.135	-nan
3518		218.175	-nan
3519		218.215	-nan
3520		218.255	-nan
3521		218.295	-nan
3522		218.335	-nan
3523		218.375	-nan
3524		218.415	-nan
3525		218.455	103.18827598558
3526		218.495	102.58925976796
3527		218.535	102.24917666703
3528		218.575	102.04432599917
3529		218.615	102.19462778101
3530		218.655	102.00479531861
3531		218.695	101.65146495127
3532		218.735	101.72389197227
3533		218.775	101.41281356785
3534		218.815	101.29726116311
3535		218.855	101.17444859465
3536		218.895	-nan
3537		218.935	100.81776722013
3538		218.975	100.29277634625
3539		219.015	100.44734610369
3540		219.055	100.18947011757
3541		219.095	100.08687522754
3542		219.135	100.10532746741
3543		219.175	99.837614329941
3544		219.215	99.64429972876
3545		219.255	99.548312562453
3546		219.295	99.759129864927
3547		219.335	-nan
3548		219.375	-nan
3549		219.415	-nan
3550		219.455	-nan
3551		219.495	-nan
3552		219.535	-nan
3553		219.575	-nan
3554		219.615	-nan
3555		219.655	-nan
3556		219.695	-nan
3557		219.735	99.393018410245
3558		219.775	98.756555571731
3559		219.815	98.526150458057
3560		219.855	98.433499557809
3561		219.895	98.35894404915
3562		219.935	98.345672718823
3563		219.975	98.106238090964
3564		220.015	98.029121438855
3565		220.055	97.834281698354
3566		220.095	97.791623952566
3567		220.135	97.654609522444
3568		220.175	-nan
3569		220.215	97.588602172861
3570		220.255	97.574912062425
3571		220.295	97.35068333271
3572		220.335	97.3517295623
3573		220.375	97.366365488021
3574		220.415	97.388605593234
3575		220.455	97.198500628701
3576		220.495	96.892817877844
3577		220.535	97.01623970036
3578		220.575	97.063998498341
3579		220.615	-nan
3580		220.655	-nan
3581		220.695	-nan
3582		220.735	-nan
3583		220.775	-nan
3584		220.815	-nan
3585		220.855	-nan
3586		220.895	-nan
3587		220.935	-nan
3588		220.975	-nan
3589		221.015	96.321335175199
3590		221.055	95.788547800883
3591		221.095	95.903991486308
3592		221.135	95.906036211631
3593		221.175	95.82266424706
3594		221.215	95.838630057069
3595		221.255	95.736604601869
3596		221.295	95.570850228351
3597		221.335	95.573354956505
3598		221.375	95.389710061448
3599		221.415	95.35927147551
3600		221.455	-nan
3601		221.495	95.173131672196
3602		221.535	94.954041192822
3603		221.575	94.970645866457
3604		221.615	94.931863700642
3605		221.655	94.932922774723
3606		221.695	94.905224823643
3607		221.735	94.691806705907
3608		221.775	94.638294083332
3609		221.815	94.38300129579
3610		221.855	94.767770268122
3611		221.895	-nan
3612		221.935	-nan
3613		221.975	-nan
3614		222.015	-nan
3615		222.055	-nan
3616		222.095	-nan
3617		222.135	-nan
3618		222.175	-nan
3619		222.215	-nan
3620		222.255	-nan
3621		222.295	94.01924401724
3622		222.335	93.548371856308
3623		222.375	93.085681448026
3624		222.415	93.155088448529
3625		222.455	93.114039401364
3626		222.495	92.960721173597
3627		222.535	92.651673344358
3628		222.575	92.383022557988
3629		222.615	92.176391094188
3630		222.655	91.840988797858
3631		222.695	91.457582955965
3632		222.735	-nan
3633		222.775	90.754120723823
3634		222.815	90.515484775555
3635		222.855	90.382214281493
3636		222.895	90.243831852113
3637		222.935	90.165373784852
3638		222.975	90.06771552991
3639		223.015	89.054077988193
3640		223.055	88.339714321274
3641		223.095	87.161742142686
3642		223.135	87.21105026206
3643		223.175	-nan
3644		223.215	-nan
3645		223.255	-nan
3646		223.295	-nan
3647		223.335	-nan
3648		223.375	-nan
3649		223.415	-nan
3650		223.455	-nan
3651		223.495	-nan
3652		223.535	-nan
3653		223.575	74.695130995321
3654		223.615	75.922236369893
3655		223.655	76.472659657579
3656		223.695	76.943266104741
3657		223.735	77.502426713603
3658		223.775	78.032548205799
3659		223.815	77.740731913746
3660		223.855	78.091855278448
3661		223.895	78.138604212752
3662		223.935	78.334395640255
3663		223.975	78.142510655392
3664		224.015	-nan
3665		224.055	78.226050757982
3666		224.095	78.23312737318
3667		224.135	78.271932911277
3668		224.175	77.659842597559
3669		224.215	78.087507924153
3670		224.255	77.934259196732
3671		224.295	77.817687837546
3672		224.335	77.447879475622
3673		224.375	77.254305328379
3674		224.415	78.017095743285
3675		224.455	-nan
3676		224.495	-nan
3677		224.535	-nan
3678		224.575	-nan
3679		224.615	-nan
3680		224.655	-nan
3681		224.695	-nan
3682		224.735	-nan
3683		224.775	-nan
3684		224.815	-nan
3685		224.855	77.760582980489
3686		224.895	76.74735822639
3687		224.935	76.807699635925
3688		224.975	76.818252017031
3689		225.015	77.259426676552
3690		225.055	76.561257398596
3691		225.095	76.722510284456
3692		225.135	76.037877766554
3693		225.175	76.350160033278
3694		225.215	75.985646960222
3695		225.255	76.25912900297
3696		225.295	-nan
3697		225.335	75.924136626232
3698		225.375	75.601054745282
3699		225.415	75.448264827806
3700		225.455	75.600993729203
3701		225.495	75.255493154988
3702		225.535	75.057759976876
3703		225.575	74.881635398822
3704		225.615	74.839918961278
3705		225.655	74.060090683266
3706		225.695	75.010843409829
3707		225.735	-nan
3708		225.775	-nan
3709		225.815	-nan
3710		225.855	-nan
3711		225.895	-nan
3712		225.935	-nan
3713		225.975	-nan
3714		226.015	-nan
3715		226.055	-nan
3716		226.095	-nan
3717		226.135	74.28620883885
3718		226.175	73.441385882594
3719		226.215	72.85378258132
3720		226.255	73.009969290069
3721		226.295	72.970359081503
3722		226.335	72.453493864146
3723		226.375	72.218170775684
3724		226.415	72.125086493809
3725		226.455	71.937690616971
3726		226.495	72.202920995736
3727		226.535	72.29114413301
3728		226.575	-nan
3729		226.615	71.583178917435
3730		226.655	71.979312552728
3731		226.695	71.849502558561
3732		226.735	71.736443270276
3733		226.775	71.691005025404
3734		226.815	71.39076803709
3735		226.855	71.12336374819
3736		226.895	71.068047881803
3737		226.935	71.194476999148
3738		226.975	71.323785766384
3739		227.015	-nan
3740		227.055	-nan
3741		227.095	-nan
3742		227.135	-nan
3743		227.175	-nan
3744		227.215	-nan
3745		227.255	-nan
3746		227.295	-nan
3747		227.335	-nan
3748		227.375	-nan
3749		227.415	71.413280456662
3750		227.455	70.635153608211
3751		227.495	69.714217605312
3752		227.535	70.03979382191
3753		227.575	70.390414448207
3754		227.615	70.34542059069
3755		227.655	69.499454110685
3756		227.695	69.876414880584
3757		227.735	69.792210873994
3758		227.775	69.732976382902
3759		227.815	69.605154314148
3760		227.855	-nan
3761		227.895	69.431489062328
3762		227.935	69.388030579493
3763		227.975	69.323595043334
3764		228.015	69.202675839327
3765		228.055	69.144579311017
3766		228.095	69.05625765
3767		228.135	68.786632391572
3768		228.175	68.385717341634
3769		228.215	68.473295501854
3770		228.255	68.859431925105
3771		228.295	-nan
3772		228.335	-nan
3773		228.375	-nan
3774		228.415	-nan
3775		228.455	-nan
3776		228.495	-nan
3777		228.535	-nan
3778		228.575	-nan
3779		228.615	-nan
3780		228.655	-nan
3781		228.695	67.835965042287
3782		228.735	67.175943526197
3783		228.775	67.264549950147
3784		228.815	67.261046522231
3785		228.855	67.273305219838
3786		228.895	67.167506374651
3787		228.935	67.059411830932
3788		228.975	66.35589268421
3789		229.015	66.623561203726
3790		229.055	66.354322832289
3791		229.095	66.574300007516
3792		229.135	-nan
3793		229.175	65.933913377973
3794		229.215	65.566916372118
3795		229.255	65.408478226928
3796		229.295	65.16146055903
3797		229.335	65.180452849719
3798		229.375	64.364661814855
3799		229.415	64.00205793469
3800		229.455	63.326100526453
3801		229.495	61.767924583645
3802		229.535	62.268745502303
3803		229.575	-nan
3804		229.615	-nan
3805		229.655	-nan
3806		229.695	-nan
3807		229.735	-nan
3808		229.775	-nan
3809		229.815	-nan
3810		229.855	-nan
3811		229.895	-nan
3812		229.935	-nan
3813		229.975	59.644974340586
3814		230.015	58.920041919756
3815		230.055	58.558739953807
3816		230.095	58.872394047769
3817		230.135	58.861166624437
3818		230.175	58.804857848764
3819		230.215	58.71512442547
3820		230.255	58.606653911592
3821		230.295	58.584349299466
3822		230.335	58.440019011137
3823		230.375	58.372805442921
3824		230.415	-nan
3825		230.455	58.164847271675
3826		230.495	58.062619829759
3827		230.535	57.982281658944
3828		230.575	57.916791568657
3829		230.615	57.880341974661
3830		230.655	57.814025044552
3831		230.695	57.703790721243
3832		230.735	57.608062482781
3833		230.775	57.605341098382
3834		230.815	57.800911228204
3835		230.855	-nan
3836		230.895	-nan
3837		230.935	-nan
3838		230.975	-nan
3839		231.015	-nan
