0				72.335	-nan
1				72.375	-nan
2				72.415	-nan
3				72.455	-nan
4				72.495	-nan
5				72.535	285.73457979914
6				72.575	285.18695170503
7				72.615	287.71592040043
8				72.655	289.91677119497
9				72.695	290.25086198041
10			72.735	292.88518122209
11			72.775	294.71350358761
12			72.815	295.63579357496
13			72.855	298.19122528021
14			72.895	300.35887523334
15			72.935	302.24057938186
16			72.975	-nan
17			73.015	307.12576438781
18			73.055	309.2681974915
19			73.095	311.35128075661
20			73.135	313.31177907806
21			73.175	315.08411158988
22			73.215	316.62755998937
23			73.255	318.34985206582
24			73.295	319.71313878816
25			73.335	321.8378087249
26			73.375	324.10641197315
27			73.415	-nan
28			73.455	-nan
29			73.495	-nan
30			73.535	-nan
31			73.575	-nan
32			73.615	-nan
33			73.655	-nan
34			73.695	-nan
35			73.735	-nan
36			73.775	-nan
37			73.815	352.09183964369
38			73.855	353.7966366617
39			73.895	356.25648124723
40			73.935	359.06292408415
41			73.975	362.07070599783
42			74.015	364.81187759596
43			74.055	367.39656822497
44			74.095	370.07793391855
45			74.135	372.80286940835
46			74.175	375.60939358564
47			74.215	378.44209464677
48			74.255	-nan
49			74.295	384.50951968372
50			74.335	387.33405306685
51			74.375	390.08407309096
52			74.415	393.56150138494
53			74.455	397.06766067725
54			74.495	399.81067562375
55			74.535	403.96905350451
56			74.575	407.36659502508
57			74.615	410.95809014021
58			74.655	414.0378815341
59			74.695	-nan
60			74.735	-nan
61			74.775	-nan
62			74.815	-nan
63			74.855	-nan
64			74.895	-nan
65			74.935	-nan
66			74.975	-nan
67			75.015	-nan
68			75.055	-nan
69			75.095	451.88967993883
70			75.135	455.55676012799
71			75.175	459.23003492553
72			75.215	464.26096336019
73			75.255	469.26802496034
74			75.295	474.1362319768
75			75.335	478.68523479428
76			75.375	483.11644109624
77			75.415	487.53537758611
78			75.455	492.28896290555
79			75.495	497.02637831292
80			75.535	-nan
81			75.575	506.60937068481
82			75.615	510.84894508941
83			75.655	514.92945703034
84			75.695	519.23292462287
85			75.735	523.28657244215
86			75.775	527.23286649927
87			75.815	530.54227519619
88			75.855	534.88858524517
89			75.895	539.19208591089
90			75.935	545.44925847542
91			75.975	-nan
92			76.015	-nan
93			76.055	-nan
94			76.095	-nan
95			76.135	-nan
96			76.175	-nan
97			76.215	-nan
98			76.255	-nan
99			76.295	-nan
100			76.335	-nan
101			76.375	588.97836624877
102			76.415	591.44729738249
103			76.455	595.381052175
104			76.495	600.18229477979
105			76.535	605.07459883082
106			76.575	609.63485732462
107			76.615	614.05106349258
108			76.655	618.60306566929
109			76.695	623.59471686926
110			76.735	628.68749695426
111			76.775	633.84994221088
112			76.815	-nan
113			76.855	645.10550822763
114			76.895	650.45164510586
115			76.935	655.81238163005
116			76.975	661.02799058756
117			77.015	666.64133502739
118			77.055	671.80412256376
119			77.095	675.36631882001
120			77.135	681.18162388988
121			77.175	686.36385191305
122			77.215	688.39709805564
123			77.255	-nan
124			77.295	-nan
125			77.335	-nan
126			77.375	-nan
127			77.415	-nan
128			77.455	-nan
129			77.495	-nan
130			77.535	-nan
131			77.575	-nan
132			77.615	-nan
133			77.655	740.20889748866
134			77.695	740.85252648515
135			77.735	744.69737192382
136			77.775	750.63281081557
137			77.815	755.61947945171
138			77.855	762.00429326144
139			77.895	765.98178666379
140			77.935	769.40015160847
141			77.975	773.30493543776
142			78.015	776.89858879811
143			78.055	779.96460684244
144			78.095	-nan
145			78.135	786.13924069859
146			78.175	787.98759363962
147			78.215	789.69027144373
148			78.255	793.47091603635
149			78.295	796.69547355024
150			78.335	796.44477400445
151			78.375	801.59935007597
152			78.415	804.67359776035
153			78.455	808.96255060814
154			78.495	816.18372791877
155			78.535	-nan
156			78.575	-nan
157			78.615	-nan
158			78.655	-nan
159			78.695	-nan
160			78.735	-nan
161			78.775	-nan
162			78.815	-nan
163			78.855	-nan
164			78.895	-nan
165			78.935	840.53906983913
166			78.975	836.06771119394
167			79.015	835.48534326699
168			79.055	836.65400961086
169			79.095	838.34951393049
170			79.135	839.85678704358
171			79.175	841.41655955764
172			79.215	842.84481723509
173			79.255	844.51101448423
174			79.295	846.33287724414
175			79.335	848.07896669383
176			79.375	-nan
177			79.415	850.55827089942
178			79.455	851.10306560087
179			79.495	851.74619007638
180			79.535	852.31136649985
181			79.575	852.86516533328
182			79.615	852.55076212797
183			79.655	851.23576347207
184			79.695	850.2096636962
185			79.735	850.28603198695
186			79.775	853.87604207005
187			79.815	-nan
188			79.855	-nan
189			79.895	-nan
190			79.935	-nan
191			79.975	-nan
192			80.015	-nan
193			80.055	-nan
194			80.095	-nan
195			80.135	-nan
196			80.175	-nan
197			80.215	854.29924448778
198			80.255	848.53762585713
199			80.295	846.73652089696
200			80.335	846.65974878806
201			80.375	846.1981741159
202			80.415	845.63915733287
203			80.455	844.55256314543
204			80.495	843.4416226277
205			80.535	842.74831229883
206			80.575	841.60516840546
207			80.615	840.67462427334
208			80.655	-nan
209			80.695	838.25488510208
210			80.735	837.66899633875
211			80.775	837.16377787107
212			80.815	837.10434683153
213			80.855	837.40887914499
214			80.895	837.41879704066
215			80.935	836.99925034596
216			80.975	836.31479425178
217			81.015	837.13225435145
218			81.055	840.85201223025
219			81.095	-nan
220			81.135	-nan
221			81.175	-nan
222			81.215	-nan
223			81.255	-nan
224			81.295	-nan
225			81.335	-nan
226			81.375	-nan
227			81.415	-nan
228			81.455	-nan
229			81.495	844.65636578559
230			81.535	838.02622829667
231			81.575	837.6135759793
232			81.615	837.90167901245
233			81.655	838.65128412024
234			81.695	838.79532810153
235			81.735	838.61564592176
236			81.775	838.56907003709
237			81.815	838.51803344942
238			81.855	838.53849709756
239			81.895	838.2101961677
240			81.935	-nan
241			81.975	836.81364503246
242			82.015	835.63812686644
243			82.055	834.43374383922
244			82.095	833.36195994559
245			82.135	832.03011660832
246			82.175	829.24944160316
247			82.215	827.29903096299
248			82.255	825.83595653169
249			82.295	825.67067287863
250			82.335	830.4971436229
251			82.375	-nan
252			82.415	-nan
253			82.455	-nan
254			82.495	-nan
255			82.535	-nan
256			82.575	-nan
257			82.615	-nan
258			82.655	-nan
259			82.695	-nan
260			82.735	-nan
261			82.775	830.16707895302
262			82.815	824.11371359185
263			82.855	822.0545715966
264			82.895	821.63836006822
265			82.935	821.60189984223
266			82.975	821.3098259834
267			83.015	821.20215400017
268			83.055	821.0443124173
269			83.095	821.56072847069
270			83.135	822.57975496668
271			83.175	823.82831256777
272			83.215	-nan
273			83.255	826.7713283711
274			83.295	828.17199193638
275			83.335	829.64307955304
276			83.375	831.26260999686
277			83.415	832.87072157968
278			83.455	834.10189713883
279			83.495	834.96990967078
280			83.535	835.35791143673
281			83.575	836.66650632887
282			83.615	840.82335885793
283			83.655	-nan
284			83.695	-nan
285			83.735	-nan
286			83.775	-nan
287			83.815	-nan
288			83.855	-nan
289			83.895	-nan
290			83.935	-nan
291			83.975	-nan
292			84.015	-nan
293			84.055	857.18661559911
294			84.095	854.02467486673
295			84.135	854.92047608438
296			84.175	857.57964599659
297			84.215	859.96695012741
298			84.255	861.96871524523
299			84.295	863.19249268894
300			84.335	863.96961074147
301			84.375	864.88198056212
302			84.415	865.80329799354
303			84.455	866.82384545863
304			84.495	-nan
305			84.535	868.77169137109
306			84.575	869.39269171286
307			84.615	871.02844813164
308			84.655	872.73402023914
309			84.695	874.1419468216
310			84.735	876.61477726164
311			84.775	878.97697377202
312			84.815	879.6319696451
313			84.855	884.62331292195
314			84.895	892.88508150821
315			84.935	-nan
316			84.975	-nan
317			85.015	-nan
318			85.055	-nan
319			85.095	-nan
320			85.135	-nan
321			85.175	-nan
322			85.215	-nan
323			85.255	-nan
324			85.295	-nan
325			85.335	913.6370067754
326			85.375	908.54102238388
327			85.415	906.83726499353
328			85.455	911.05060776468
329			85.495	913.76560903217
330			85.535	916.50497854096
331			85.575	919.32626770908
332			85.615	921.84081335525
333			85.655	925.2637984948
334			85.695	928.74856384943
335			85.735	932.45295813005
336			85.775	-nan
337			85.815	938.59271847128
338			85.855	940.83008890632
339			85.895	943.06162495195
340			85.935	945.16929556098
341			85.975	947.11335557151
342			86.015	948.93731575654
343			86.055	950.5104368933
344			86.095	951.33467016845
345			86.135	951.14371676237
346			86.175	960.64966065221
347			86.215	-nan
348			86.255	-nan
349			86.295	-nan
350			86.335	-nan
351			86.375	-nan
352			86.415	-nan
353			86.455	-nan
354			86.495	-nan
355			86.535	-nan
356			86.575	-nan
357			86.615	989.46349760663
358			86.655	983.85835503377
359			86.695	984.77938073302
360			86.735	987.13746804818
361			86.775	989.33853384283
362			86.815	991.01756491045
363			86.855	992.46340168285
364			86.895	993.45593769829
365			86.935	994.66503545547
366			86.975	996.46346051574
367			87.015	998.47234621899
368			87.055	-nan
369			87.095	1002.6056316091
370			87.135	1004.4962892736
371			87.175	1006.9283694441
372			87.215	1010.0527658067
373			87.255	1013.3442258071
374			87.295	1016.6453536821
375			87.335	1019.2301947081
376			87.375	1021.4019342824
377			87.415	1024.9246639
378			87.455	1033.0913760873
379			87.495	-nan
380			87.535	-nan
381			87.575	-nan
382			87.615	-nan
383			87.655	-nan
384			87.695	-nan
385			87.735	-nan
386			87.775	-nan
387			87.815	-nan
388			87.855	-nan
389			87.895	1008.9040592828
390			87.935	1002.6832939122
391			87.975	1003.2641844531
392			88.015	1008.9944916479
393			88.055	1018.2639335907
394			88.095	1023.9786989402
395			88.135	1026.1081875872
396			88.175	1027.357006141
397			88.215	1029.0166896381
398			88.255	1030.6338651502
399			88.295	1031.8022187347
400			88.335	-nan
401			88.375	1031.8206021127
402			88.415	1030.9409298292
403			88.455	1030.7845737128
404			88.495	1029.6164829298
405			88.535	1031.4156068858
406			88.575	1030.2889576987
407			88.615	1029.716282298
408			88.655	1026.900914277
409			88.695	1029.9339603856
410			88.735	1037.5655473859
411			88.775	-nan
412			88.815	-nan
413			88.855	-nan
414			88.895	-nan
415			88.935	-nan
416			88.975	-nan
417			89.015	-nan
418			89.055	-nan
419			89.095	-nan
420			89.135	-nan
421			89.175	1033.479153496
422			89.215	1023.7953952476
423			89.255	1022.8039998913
424			89.295	1021.80385556
425			89.335	1021.002896334
426			89.375	1019.5890598174
427			89.415	1018.228084072
428			89.455	1017.0789683438
429			89.495	1016.8699896824
430			89.535	1017.042296654
431			89.575	1017.5353183717
432			89.615	-nan
433			89.655	1018.1049538386
434			89.695	1018.4310705956
435			89.735	1018.3451581056
436			89.775	1018.3271318644
437			89.815	1018.5757373214
438			89.855	1018.0633950207
439			89.895	1016.517700248
440			89.935	1014.3588400262
441			89.975	1013.9655980291
442			90.015	1017.8967326835
443			90.055	-nan
444			90.095	-nan
445			90.135	-nan
446			90.175	-nan
447			90.215	-nan
448			90.255	-nan
449			90.295	-nan
450			90.335	-nan
451			90.375	-nan
452			90.415	-nan
453			90.455	1009.7901926074
454			90.495	1002.6172638736
455			90.535	999.78834296443
456			90.575	999.59963791283
457			90.615	999.07205594524
458			90.655	997.73290816385
459			90.695	995.58086434506
460			90.735	993.120336282
461			90.775	990.92717498818
462			90.815	988.68604282185
463			90.855	986.81386412655
464			90.895	-nan
465			90.935	981.26852637379
466			90.975	978.12907032451
467			91.015	976.03302469988
468			91.055	974.64621321795
469			91.095	973.76349853655
470			91.135	973.14513342508
471			91.175	972.0521140666
472			91.215	971.13987926995
473			91.255	971.79411170862
474			91.295	972.38507005108
475			91.335	-nan
476			91.375	-nan
477			91.415	-nan
478			91.455	-nan
479			91.495	-nan
480			91.535	-nan
481			91.575	-nan
482			91.615	-nan
483			91.655	-nan
484			91.695	-nan
485			91.735	957.96998632415
486			91.775	953.36602171435
487			91.815	948.74249056394
488			91.855	947.41535995802
489			91.895	946.98123729275
490			91.935	947.01483388672
491			91.975	945.32482005409
492			92.015	944.69149961857
493			92.055	945.21739620453
494			92.095	948.63036883762
495			92.135	945.91700430375
496			92.175	-nan
497			92.215	943.11950125156
498			92.255	941.46981350857
499			92.295	939.89275078128
500			92.335	938.4254024127
501			92.375	936.79253891861
502			92.415	934.723748171
503			92.455	932.1888771721
504			92.495	930.63187799101
505			92.535	926.84723345648
506			92.575	930.29789707822
507			92.615	-nan
508			92.655	-nan
509			92.695	-nan
510			92.735	-nan
511			92.775	-nan
512			92.815	-nan
513			92.855	-nan
514			92.895	-nan
515			92.935	-nan
516			92.975	-nan
517			93.015	941.23365953115
518			93.055	933.54077176474
519			93.095	930.78849849197
520			93.135	929.56112087134
521			93.175	928.32023862069
522			93.215	926.46516597091
523			93.255	924.31574442695
524			93.295	923.37202959307
525			93.335	920.6253269369
526			93.375	919.13279812451
527			93.415	917.94555022827
528			93.455	-nan
529			93.495	916.08365412365
530			93.535	916.08852806444
531			93.575	916.31612048108
532			93.615	917.27927617821
533			93.655	918.77881416081
534			93.695	921.7499128568
535			93.735	919.9031570195
536			93.775	919.13347207921
537			93.815	919.91961470639
538			93.855	924.63386729003
539			93.895	-nan
540			93.935	-nan
541			93.975	-nan
542			94.015	-nan
543			94.055	-nan
544			94.095	-nan
545			94.135	-nan
546			94.175	-nan
547			94.215	-nan
548			94.255	-nan
549			94.295	915.84607546176
550			94.335	908.22725468413
551			94.375	907.07608574985
552			94.415	910.58213172549
553			94.455	912.30626805791
554			94.495	918.1611064066
555			94.535	914.76383190001
556			94.575	914.3813243111
557			94.615	914.81985342401
558			94.655	915.17922007127
559			94.695	915.23249292206
560			94.735	-nan
561			94.775	913.89956399436
562			94.815	912.80010058191
563			94.855	911.084423111
564			94.895	950.18617507839
565			94.935	911.41172515137
566			94.975	910.10013664161
567			95.015	907.19900505686
568			95.055	906.71865743598
569			95.095	910.30642378828
570			95.135	913.61869065839
571			95.175	-nan
572			95.215	-nan
573			95.255	-nan
574			95.295	-nan
575			95.335	-nan
576			95.375	-nan
577			95.415	-nan
578			95.455	-nan
579			95.495	-nan
580			95.535	-nan
581			95.575	918.9449012249
582			95.615	912.88932306912
583			95.655	912.05740045934
584			95.695	921.12588667934
585			95.735	912.39214295253
586			95.775	910.83614870156
587			95.815	910.30059529982
588			95.855	910.79705983338
589			95.895	911.85476130599
590			95.935	913.42634101545
591			95.975	915.13152734554
592			96.015	-nan
593			96.055	919.01932653706
594			96.095	922.58529759334
595			96.135	922.7487952992
596			96.175	924.29487978002
597			96.215	926.07943118544
598			96.255	927.42565720745
599			96.295	929.18403836559
600			96.335	926.608772065
601			96.375	924.95102226042
602			96.415	925.22609375136
603			96.455	-nan
604			96.495	-nan
605			96.535	-nan
606			96.575	-nan
607			96.615	-nan
608			96.655	-nan
609			96.695	-nan
610			96.735	-nan
611			96.775	-nan
612			96.815	-nan
613			96.855	944.0902392221
614			96.895	944.78716492124
615			96.935	940.10230908999
616			96.975	941.48194340534
617			97.015	943.50790156752
618			97.055	944.54291164416
619			97.095	945.91262530552
620			97.135	945.02772168554
621			97.175	944.93549008183
622			97.215	944.95866243773
623			97.255	944.99777129179
624			97.295	-nan
625			97.335	944.84519103123
626			97.375	944.65434259567
627			97.415	945.34599141489
628			97.455	946.93979014871
629			97.495	948.64891678526
630			97.535	950.09510496744
631			97.575	951.99055712644
632			97.615	953.48734822524
633			97.655	955.22032388498
634			97.695	962.01849704996
635			97.735	-nan
636			97.775	-nan
637			97.815	-nan
638			97.855	-nan
639			97.895	-nan
640			97.935	-nan
641			97.975	-nan
642			98.015	-nan
643			98.055	-nan
644			98.095	-nan
645			98.135	1000.1068379506
646			98.175	971.25714945392
647			98.215	972.65576430955
648			98.255	978.68183491922
649			98.295	983.96137940415
650			98.335	984.07641317814
651			98.375	985.21800052645
652			98.415	986.78758232802
653			98.455	988.79611628324
654			98.495	991.47736504253
655			98.535	992.91623597305
656			98.575	-nan
657			98.615	995.58202168049
658			98.655	996.39328863832
659			98.695	997.27676105017
660			98.735	996.94668379645
661			98.775	996.62865865042
662			98.815	994.99447845289
663			98.855	993.5478210678
664			98.895	989.72556457433
665			98.935	997.05539040138
666			98.975	992.834051272
667			99.015	-nan
668			99.055	-nan
669			99.095	-nan
670			99.135	-nan
671			99.175	-nan
672			99.215	-nan
673			99.255	-nan
674			99.295	-nan
675			99.335	-nan
676			99.375	-nan
677			99.415	1001.7815556358
678			99.455	995.76494011776
679			99.495	994.07268249488
680			99.535	993.8929776687
681			99.575	993.68425181556
682			99.615	992.27864022456
683			99.655	990.40837270347
684			99.695	986.38995166907
685			99.735	988.12948847404
686			99.775	987.09570520467
687			99.815	986.89813746082
688			99.855	-nan
689			99.895	999.12144137513
690			99.935	988.11422464817
691			99.975	989.03380355455
692			100.015	990.46220973069
693			100.055	993.20319883219
694			100.095	1010.9275561146
695			100.135	995.28730806597
696			100.175	994.04536367521
697			100.215	992.75292003643
698			100.255	996.48171622556
699			100.295	-nan
700			100.335	-nan
701			100.375	-nan
702			100.415	-nan
703			100.455	-nan
704			100.495	-nan
705			100.535	-nan
706			100.575	-nan
707			100.615	-nan
708			100.655	-nan
709			100.695	987.95728151895
710			100.735	981.95410126
711			100.775	983.45250583045
712			100.815	984.58975582691
713			100.855	986.16166851841
714			100.895	987.08025407679
715			100.935	986.58138595285
716			100.975	985.59064285587
717			101.015	985.08048146795
718			101.055	985.31472058799
719			101.095	985.1246186668
720			101.135	-nan
721			101.175	980.40246457018
722			101.215	977.56843266944
723			101.255	976.50015330246
724			101.295	981.606052128
725			101.335	975.53948537463
726			101.375	970.28059241775
727			101.415	968.80649948875
728			101.455	967.52759864254
729			101.495	976.42637830027
730			101.535	965.39946514713
731			101.575	-nan
732			101.615	-nan
733			101.655	-nan
734			101.695	-nan
735			101.735	-nan
736			101.775	-nan
737			101.815	-nan
738			101.855	-nan
739			101.895	-nan
740			101.935	-nan
741			101.975	956.15586584268
742			102.015	950.37308722032
743			102.055	951.51882725312
744			102.095	952.18273065787
745			102.135	949.44947231534
746			102.175	947.55556673009
747			102.215	945.46633690722
748			102.255	944.07098201725
749			102.295	944.15626999832
750			102.335	943.05855663633
751			102.375	942.80201487374
752			102.415	-nan
753			102.455	942.51287806888
754			102.495	941.9654817258
755			102.535	942.09879275845
756			102.575	941.26227811135
757			102.615	940.86064432746
758			102.655	939.85723436892
759			102.695	938.21206144187
760			102.735	935.76475100983
761			102.775	934.6861936704
762			102.815	937.83891522461
763			102.855	-nan
764			102.895	-nan
765			102.935	-nan
766			102.975	-nan
767			103.015	-nan
768			103.055	-nan
769			103.095	-nan
770			103.135	-nan
771			103.175	-nan
772			103.215	-nan
773			103.255	937.98198633931
774			103.295	931.09491425133
775			103.335	929.00706541149
776			103.375	929.2261912692
777			103.415	928.96133615554
778			103.455	927.87901836281
779			103.495	925.98419886175
780			103.535	923.52301031685
781			103.575	921.41883330848
782			103.615	919.41208686769
783			103.655	917.61529999551
784			103.695	-nan
785			103.735	913.03134881157
786			103.775	911.00618942656
787			103.815	909.41170613253
788			103.855	908.70619679875
789			103.895	908.73078815427
790			103.935	908.49599196036
791			103.975	908.15314381187
792			104.015	907.30850788598
793			104.055	909.65351633483
794			104.095	916.2937203801
795			104.135	-nan
796			104.175	-nan
797			104.215	-nan
798			104.255	-nan
799			104.295	-nan
800			104.335	-nan
801			104.375	-nan
802			104.415	-nan
803			104.455	-nan
804			104.495	-nan
805			104.535	964.00915549919
806			104.575	885.85641188692
807			104.615	893.33732911105
808			104.655	892.11759949133
809			104.695	893.92109770494
810			104.735	895.06543625246
811			104.775	894.92910507332
812			104.815	895.24944156097
813			104.855	895.97428377727
814			104.895	897.16506486206
815			104.935	898.08151415588
816			104.975	-nan
817			105.015	898.08948332246
818			105.055	897.19827065078
819			105.095	896.51037759547
820			105.135	895.27791936248
821			105.175	894.26904870429
822			105.215	892.98395507848
823			105.255	890.54105894031
824			105.295	889.57237150911
825			105.335	876.97875083707
826			105.375	886.12585152798
827			105.415	-nan
828			105.455	-nan
829			105.495	-nan
830			105.535	-nan
831			105.575	-nan
832			105.615	-nan
833			105.655	-nan
834			105.695	-nan
835			105.735	-nan
836			105.775	-nan
837			105.815	912.36486202546
838			105.855	905.77443186289
839			105.895	904.508315444
840			105.935	903.21241134237
841			105.975	902.53014080338
842			106.015	901.59664240826
843			106.055	905.55257543655
844			106.095	1017.7136802327
845			106.135	914.4828837901
846			106.175	897.581035519
847			106.215	897.20774855507
848			106.255	-nan
849			106.295	968.83360340651
850			106.335	901.63062227968
851			106.375	898.85446417589
852			106.415	900.54601041409
853			106.455	902.36613433122
854			106.495	904.59619459492
855			106.535	905.0140309804
856			106.575	905.43035139416
857			106.615	907.22031439525
858			106.655	912.45872741973
859			106.695	-nan
860			106.735	-nan
861			106.775	-nan
862			106.815	-nan
863			106.855	-nan
864			106.895	-nan
865			106.935	-nan
866			106.975	-nan
867			107.015	-nan
868			107.055	-nan
869			107.095	899.85536406967
870			107.135	898.3177289442
871			107.175	897.90267426641
872			107.215	902.56249204386
873			107.255	906.24985108476
874			107.295	908.82795485484
875			107.335	909.65113811644
876			107.375	910.7235314048
877			107.415	912.03625090906
878			107.455	913.06276412115
879			107.495	917.16344518786
880			107.535	-nan
881			107.575	913.35681402105
882			107.615	912.5948528716
883			107.655	915.68524504441
884			107.695	1048.3159236311
885			107.735	927.01060460139
886			107.775	912.03599513484
887			107.815	912.47438564205
888			107.855	902.86232108225
889			107.895	941.84143981525
890			107.935	923.26156862478
891			107.975	-nan
892			108.015	-nan
893			108.055	-nan
894			108.095	-nan
895			108.135	-nan
896			108.175	-nan
897			108.215	-nan
898			108.255	-nan
899			108.295	-nan
900			108.335	-nan
901			108.375	932.10662287547
902			108.415	923.89812863799
903			108.455	922.39340171187
904			108.495	922.38650321542
905			108.535	923.65237335489
906			108.575	924.37900962023
907			108.615	924.82328839282
908			108.655	925.48012636234
909			108.695	927.02841463759
910			108.735	928.80848242388
911			108.775	930.9506802813
912			108.815	-nan
913			108.855	934.45711026004
914			108.895	936.03369272137
915			108.935	937.88319479493
916			108.975	939.84684328507
917			109.015	941.72819221719
918			109.055	942.67437690745
919			109.095	942.76684224155
920			109.135	942.21826412991
921			109.175	940.45815806585
922			109.215	948.60810283627
923			109.255	-nan
924			109.295	-nan
925			109.335	-nan
926			109.375	-nan
927			109.415	-nan
928			109.455	-nan
929			109.495	-nan
930			109.535	-nan
931			109.575	-nan
932			109.615	-nan
933			109.655	955.57801457325
934			109.695	949.2008859784
935			109.735	948.73640946075
936			109.775	951.33829902007
937			109.815	952.97607870954
938			109.855	953.98007370048
939			109.895	953.97972116565
940			109.935	954.15185253306
941			109.975	954.16522471738
942			110.015	954.29155832101
943			110.055	954.49868539741
944			110.095	-nan
945			110.135	954.08407668426
946			110.175	953.98131267318
947			110.215	954.39508432164
948			110.255	955.65764968115
949			110.295	957.04014331722
950			110.335	958.64897943481
951			110.375	959.52784888056
952			110.415	960.92096102798
953			110.455	963.94584096365
954			110.495	971.9458015124
955			110.535	-nan
956			110.575	-nan
957			110.615	-nan
958			110.655	-nan
959			110.695	-nan
960			110.735	-nan
961			110.775	-nan
962			110.815	-nan
963			110.855	-nan
964			110.895	-nan
965			110.935	989.2369241224
966			110.975	981.17053737923
967			111.015	978.24551300014
968			111.055	980.44609990556
969			111.095	984.42506373079
970			111.135	985.87869136004
971			111.175	986.94041577744
972			111.215	988.3397610668
973			111.255	989.9745374793
974			111.295	991.92475154236
975			111.335	993.3914179584
976			111.375	-nan
977			111.415	994.60324397607
978			111.455	994.50549173444
979			111.495	994.55442798327
980			111.535	994.57038644048
981			111.575	994.49911076889
982			111.615	993.61490273416
983			111.655	992.13620011411
984			111.695	985.0461762084
985			111.735	985.29949527878
986			111.775	996.75561103574
987			111.815	-nan
988			111.855	-nan
989			111.895	-nan
990			111.935	-nan
991			111.975	-nan
992			112.015	-nan
993			112.055	-nan
994			112.095	-nan
995			112.135	-nan
996			112.175	-nan
997			112.215	1008.5999197649
998			112.255	999.0078194853
999			112.295	996.57811564587
1000		112.335	995.88682462129
1001		112.375	995.4516836626
1002		112.415	994.41912899966
1003		112.455	992.46324089748
1004		112.495	990.77278258406
1005		112.535	989.51085280486
1006		112.575	988.82870573686
1007		112.615	988.45786548337
1008		112.655	-nan
1009		112.695	987.56541933347
1010		112.735	987.52673444423
1011		112.775	988.14493151302
1012		112.815	989.25515656296
1013		112.855	990.13594541159
1014		112.895	991.19852383966
1015		112.935	990.6002475689
1016		112.975	990.21667167756
1017		113.015	990.78634744409
1018		113.055	997.60448088032
1019		113.095	-nan
1020		113.135	-nan
1021		113.175	-nan
1022		113.215	-nan
1023		113.255	-nan
1024		113.295	-nan
1025		113.335	-nan
1026		113.375	-nan
1027		113.415	-nan
1028		113.455	-nan
1029		113.495	970.70239314163
1030		113.535	958.57986052073
1031		113.575	955.41938417881
1032		113.615	960.89194819413
1033		113.655	961.88429846668
1034		113.695	962.30108713345
1035		113.735	962.10395007236
1036		113.775	961.66856644198
1037		113.815	961.28993120488
1038		113.855	960.72924110986
1039		113.895	959.90857621406
1040		113.935	-nan
1041		113.975	956.18154951679
1042		114.015	954.02443748163
1043		114.055	952.11124859214
1044		114.095	950.99484523844
1045		114.135	949.33141152685
1046		114.175	947.88405373162
1047		114.215	945.04822469224
1048		114.255	943.30146732977
1049		114.295	944.88387633983
1050		114.335	949.35530844894
1051		114.375	-nan
1052		114.415	-nan
1053		114.455	-nan
1054		114.495	-nan
1055		114.535	-nan
1056		114.575	-nan
1057		114.615	-nan
1058		114.655	-nan
1059		114.695	-nan
1060		114.735	-nan
1061		114.775	946.15617736258
1062		114.815	937.36218759653
1063		114.855	932.76778252195
1064		114.895	930.96164530356
1065		114.935	931.54382739981
1066		114.975	930.42519987917
1067		115.015	928.96548105035
1068		115.055	927.90215962415
1069		115.095	927.10310025881
1070		115.135	927.11987098286
1071		115.175	927.38340545488
1072		115.215	-nan
1073		115.255	927.32814920446
1074		115.295	927.23905770562
1075		115.335	927.1807149759
1076		115.375	927.44335779
1077		115.415	927.41774424383
1078		115.455	926.67200253222
1079		115.495	925.38199442755
1080		115.535	923.62030808716
1081		115.575	923.11985611675
1082		115.615	928.45233142831
1083		115.655	-nan
1084		115.695	-nan
1085		115.735	-nan
1086		115.775	-nan
1087		115.815	-nan
1088		115.855	-nan
1089		115.895	-nan
1090		115.935	-nan
1091		115.975	-nan
1092		116.015	-nan
1093		116.055	949.58791186169
1094		116.095	940.34575934025
1095		116.135	940.81960566035
1096		116.175	941.16319193981
1097		116.215	941.79982309503
1098		116.255	941.29665391966
1099		116.295	940.32447272035
1100		116.335	939.09402100985
1101		116.375	937.8161099341
1102		116.415	936.91070125546
1103		116.455	936.07790645094
1104		116.495	-nan
1105		116.535	933.63088653722
1106		116.575	932.45725827538
1107		116.615	931.72838451906
1108		116.655	931.38992310716
1109		116.695	931.65319416607
1110		116.735	931.65473564951
1111		116.775	931.67217940835
1112		116.815	931.82070051015
1113		116.855	933.00691068452
1114		116.895	941.03625235744
1115		116.935	-nan
1116		116.975	-nan
1117		117.015	-nan
1118		117.055	-nan
1119		117.095	-nan
1120		117.135	-nan
1121		117.175	-nan
1122		117.215	-nan
1123		117.255	-nan
1124		117.295	-nan
1125		117.335	937.47912421896
1126		117.375	926.57171338905
1127		117.415	920.85727729254
1128		117.455	927.05911731603
1129		117.495	927.80897063212
1130		117.535	928.55709705338
1131		117.575	928.74847082477
1132		117.615	929.10153403339
1133		117.655	929.89848962081
1134		117.695	930.82089813413
1135		117.735	931.92671313127
1136		117.775	-nan
1137		117.815	932.76097656511
1138		117.855	932.53665672796
1139		117.895	932.12067685033
1140		117.935	932.05055061846
1141		117.975	931.97035871059
1142		118.015	931.32476452203
1143		118.055	929.58912674755
1144		118.095	927.74655443811
1145		118.135	928.13655360101
1146		118.175	929.78404396512
1147		118.215	-nan
1148		118.255	-nan
1149		118.295	-nan
1150		118.335	-nan
1151		118.375	-nan
1152		118.415	-nan
1153		118.455	-nan
1154		118.495	-nan
1155		118.535	-nan
1156		118.575	-nan
1157		118.615	924.08426416855
1158		118.655	917.59137354786
1159		118.695	916.76181559146
1160		118.735	918.29377794922
1161		118.775	921.19121288746
1162		118.815	922.26509369967
1163		118.855	921.97413040097
1164		118.895	921.48546397639
1165		118.935	921.4172492327
1166		118.975	921.83782614722
1167		119.015	922.63400969611
1168		119.055	-nan
1169		119.095	924.30889528261
1170		119.135	925.13450136326
1171		119.175	926.16771502336
1172		119.215	927.63448231066
1173		119.255	929.32312235253
1174		119.295	930.71091442688
1175		119.335	931.33350093816
1176		119.375	931.79313447044
1177		119.415	934.16991656016
1178		119.455	940.71725540381
1179		119.495	-nan
1180		119.535	-nan
1181		119.575	-nan
1182		119.615	-nan
1183		119.655	-nan
1184		119.695	-nan
1185		119.735	-nan
1186		119.775	-nan
1187		119.815	-nan
1188		119.855	-nan
1189		119.895	941.55619002444
1190		119.935	931.630704791
1191		119.975	935.28738140739
1192		120.015	937.49331645097
1193		120.055	939.72517263637
1194		120.095	941.40219949473
1195		120.135	942.65497564512
1196		120.175	943.57901540858
1197		120.215	944.91282201789
1198		120.255	946.29526627358
1199		120.295	947.57832716171
1200		120.335	-nan
1201		120.375	948.68948339017
1202		120.415	948.80067028737
1203		120.455	949.0036926255
1204		120.495	949.60605589857
1205		120.535	950.57702399803
1206		120.575	951.3248431499
1207		120.615	951.87980161366
1208		120.655	952.4897848767
1209		120.695	951.74692638235
1210		120.735	960.98664849287
1211		120.775	-nan
1212		120.815	-nan
1213		120.855	-nan
1214		120.895	-nan
1215		120.935	-nan
1216		120.975	-nan
1217		121.015	-nan
1218		121.055	-nan
1219		121.095	-nan
1220		121.135	-nan
1221		121.175	980.63443372751
1222		121.215	973.98032773302
1223		121.255	972.79394287632
1224		121.295	974.34895760586
1225		121.335	975.82740975237
1226		121.375	976.69946910478
1227		121.415	977.27741756547
1228		121.455	977.94647165686
1229		121.495	979.28239623238
1230		121.535	981.12543570458
1231		121.575	983.02875466523
1232		121.615	-nan
1233		121.655	986.50927469464
1234		121.695	987.75876473634
1235		121.735	989.13984276173
1236		121.775	990.78675044567
1237		121.815	992.37179668008
1238		121.855	993.50560069752
1239		121.895	993.93842291147
1240		121.935	993.7120809554
1241		121.975	995.27498183731
1242		122.015	998.04224423568
1243		122.055	-nan
1244		122.095	-nan
1245		122.135	-nan
1246		122.175	-nan
1247		122.215	-nan
1248		122.255	-nan
1249		122.295	-nan
1250		122.335	-nan
1251		122.375	-nan
1252		122.415	-nan
1253		122.455	1002.8839112556
1254		122.495	999.63195321479
1255		122.535	998.6276514697
1256		122.575	1000.4719782258
1257		122.615	1005.9919944989
1258		122.655	1002.914473307
1259		122.695	1002.9949305823
1260		122.735	1003.1983448436
1261		122.775	1003.5858388294
1262		122.815	1004.1414819143
1263		122.855	1004.8402249558
1264		122.895	-nan
1265		122.935	1005.5083637952
1266		122.975	1005.0830547146
1267		123.015	1005.4053446353
1268		123.055	1006.4664744096
1269		123.095	1007.9968788261
1270		123.135	1008.7094563001
1271		123.175	1009.0260242842
1272		123.215	1009.6542878853
1273		123.255	1012.0555356615
1274		123.295	1010.6077612862
1275		123.335	-nan
1276		123.375	-nan
1277		123.415	-nan
1278		123.455	-nan
1279		123.495	-nan
1280		123.535	-nan
1281		123.575	-nan
1282		123.615	-nan
1283		123.655	-nan
1284		123.695	-nan
1285		123.735	1012.2313589822
1286		123.775	1010.0604948439
1287		123.815	1010.1646310032
1288		123.855	1010.8901523454
1289		123.895	1012.114836813
1290		123.935	1012.7053013273
1291		123.975	1012.8542683598
1292		124.015	1013.07715864
1293		124.055	1013.7521381156
1294		124.095	1014.8411074095
1295		124.135	1015.894983174
1296		124.175	-nan
1297		124.215	1016.3479035592
1298		124.255	1016.1074153229
1299		124.295	1015.8832080112
1300		124.335	1016.1121412134
1301		124.375	1016.426498343
1302		124.415	1016.1337487193
1303		124.455	1015.1716580715
1304		124.495	1013.1661186322
1305		124.535	1012.9934637556
1306		124.575	1016.7931041127
1307		124.615	-nan
1308		124.655	-nan
1309		124.695	-nan
1310		124.735	-nan
1311		124.775	-nan
1312		124.815	-nan
1313		124.855	-nan
1314		124.895	-nan
1315		124.935	-nan
1316		124.975	-nan
1317		125.015	1022.2712313399
1318		125.055	1016.5421703199
1319		125.095	1013.8042853363
1320		125.135	1014.0831600221
1321		125.175	1014.3092210066
1322		125.215	1013.8705356823
1323		125.255	1012.6956871296
1324		125.295	1011.597763083
1325		125.335	1011.1441671955
1326		125.375	1011.0429553212
1327		125.415	1011.05682998
1328		125.455	-nan
1329		125.495	1009.8583337157
1330		125.535	1009.2681741846
1331		125.575	1008.964329465
1332		125.615	1009.2194297274
1333		125.655	1009.7556679236
1334		125.695	1009.6816853101
1335		125.735	1009.0698563242
1336		125.775	1007.9487723243
1337		125.815	1008.6209840209
1338		125.855	1005.9322414633
1339		125.895	-nan
1340		125.935	-nan
1341		125.975	-nan
1342		126.015	-nan
1343		126.055	-nan
1344		126.095	-nan
1345		126.135	-nan
1346		126.175	-nan
1347		126.215	-nan
1348		126.255	-nan
1349		126.295	1002.9659838454
1350		126.335	1002.6242862868
1351		126.375	1000.0620027811
1352		126.415	1000.5202413218
1353		126.455	1001.2099227035
1354		126.495	1000.9048366021
1355		126.535	1000.1334239565
1356		126.575	999.30756784025
1357		126.615	998.82671987029
1358		126.655	998.60826224388
1359		126.695	998.29752778786
1360		126.735	-nan
1361		126.775	995.98827102498
1362		126.815	994.72709122016
1363		126.855	993.74001828668
1364		126.895	993.26815612216
1365		126.935	993.02470931116
1366		126.975	992.40906464426
1367		127.015	991.092685619
1368		127.055	989.42004879594
1369		127.095	990.10391601857
1370		127.135	992.87778911709
1371		127.175	-nan
1372		127.215	-nan
1373		127.255	-nan
1374		127.295	-nan
1375		127.335	-nan
1376		127.375	-nan
1377		127.415	-nan
1378		127.455	-nan
1379		127.495	-nan
1380		127.535	-nan
1381		127.575	999.75007156031
1382		127.615	993.15880432495
1383		127.655	991.53594053355
1384		127.695	990.87347161786
1385		127.735	990.67126559998
1386		127.775	989.88892532204
1387		127.815	988.71184275177
1388		127.855	987.72095316598
1389		127.895	987.23659162955
1390		127.935	987.19787882841
1391		127.975	987.35432748447
1392		128.015	-nan
1393		128.055	986.27475689508
1394		128.095	985.73299796528
1395		128.135	985.3342917728
1396		128.175	985.3389392368
1397		128.215	985.4085967835
1398		128.255	985.074204266
1399		128.295	983.7108300545
1400		128.335	982.38692023506
1401		128.375	981.23608762883
1402		128.415	987.36913661266
1403		128.455	-nan
1404		128.495	-nan
1405		128.535	-nan
1406		128.575	-nan
1407		128.615	-nan
1408		128.655	-nan
1409		128.695	-nan
1410		128.735	-nan
1411		128.775	-nan
1412		128.815	-nan
1413		128.855	979.1794671521
1414		128.895	971.46226626621
1415		128.935	968.87969238136
1416		128.975	969.35421388625
1417		129.015	969.67095382386
1418		129.055	969.43682335226
1419		129.095	968.69580727644
1420		129.135	967.90897730756
1421		129.175	967.48895121347
1422		129.215	967.47340397494
1423		129.255	967.3996299403
1424		129.295	-nan
1425		129.335	966.40352453706
1426		129.375	965.46755414221
1427		129.415	965.2061897319
1428		129.455	965.22820326362
1429		129.495	965.66631089469
1430		129.535	965.79045847403
1431		129.575	965.12253297141
1432		129.615	964.59593872178
1433		129.655	965.74303128379
1434		129.695	962.97384241264
1435		129.735	-nan
1436		129.775	-nan
1437		129.815	-nan
1438		129.855	-nan
1439		129.895	-nan
1440		129.935	-nan
1441		129.975	-nan
1442		130.015	-nan
1443		130.055	-nan
1444		130.095	-nan
1445		130.135	965.55072808737
1446		130.175	966.77286866971
1447		130.215	965.24399967774
1448		130.255	968.74748625899
1449		130.295	971.84045834237
1450		130.335	968.21381898114
1451		130.375	966.65514669697
1452		130.415	966.28176006399
1453		130.455	966.61683197736
1454		130.495	967.5038430665
1455		130.535	968.22499893721
1456		130.575	-nan
1457		130.615	968.71839077987
1458		130.655	968.67622586567
1459		130.695	968.93151009849
1460		130.735	969.6044405707
1461		130.775	970.3463593257
1462		130.815	970.81207469252
1463		130.855	970.45386255794
1464		130.895	969.58121265356
1465		130.935	971.30863654195
1466		130.975	974.44067284721
1467		131.015	-nan
1468		131.055	-nan
1469		131.095	-nan
1470		131.135	-nan
1471		131.175	-nan
1472		131.215	-nan
1473		131.255	-nan
1474		131.295	-nan
1475		131.335	-nan
1476		131.375	-nan
1477		131.415	981.56700885662
1478		131.455	976.20185344728
1479		131.495	975.22940086519
1480		131.535	976.914954709
1481		131.575	978.46004962374
1482		131.615	978.33467156358
1483		131.655	978.42105538691
1484		131.695	978.7504053275
1485		131.735	979.30340555564
1486		131.775	980.3041003011
1487		131.815	981.39824190476
1488		131.855	-nan
1489		131.895	982.79697201283
1490		131.935	983.07257854472
1491		131.975	984.08127670806
1492		132.015	984.67935636654
1493		132.055	986.32830245685
1494		132.095	987.35299891758
1495		132.135	987.70322994511
1496		132.175	987.78328943651
1497		132.215	988.55249040958
1498		132.255	991.37319033391
1499		132.295	-nan
1500		132.335	-nan
1501		132.375	-nan
1502		132.415	-nan
1503		132.455	-nan
1504		132.495	-nan
1505		132.535	-nan
1506		132.575	-nan
1507		132.615	-nan
1508		132.655	-nan
1509		132.695	999.97057894147
1510		132.735	997.43693251484
1511		132.775	995.49422278063
1512		132.815	998.20237559211
1513		132.855	1000.1819190594
1514		132.895	1001.5031636419
1515		132.935	1002.0946750413
1516		132.975	1002.8894302579
1517		133.015	1003.9826068375
1518		133.055	1005.3507558863
1519		133.095	1006.6833855246
1520		133.135	-nan
1521		133.175	1008.7247560371
1522		133.215	1009.3193677953
1523		133.255	1010.1970511683
1524		133.295	1011.5939289463
1525		133.335	1013.1252793498
1526		133.375	1014.1153429526
1527		133.415	1014.7584180118
1528		133.455	1015.0736934337
1529		133.495	1017.8574467421
1530		133.535	1026.5437097232
1531		133.575	-nan
1532		133.615	-nan
1533		133.655	-nan
1534		133.695	-nan
1535		133.735	-nan
1536		138.895	-nan
1537		138.935	-nan
1538		138.975	-nan
1539		139.015	-nan
1540		139.055	-nan
1541		139.095	1077.4713472824
1542		139.135	1065.7629984469
1543		139.175	1061.7845824922
1544		139.215	1061.5826949415
1545		139.255	1061.4680453453
1546		139.295	1060.6509790948
1547		139.335	1059.4722294281
1548		139.375	1058.0776164821
1549		139.415	1057.5180410282
1550		139.455	1057.4311876164
1551		139.495	1057.2045785833
1552		139.535	-nan
1553		139.575	1055.693533149
1554		139.615	1054.8544873521
1555		139.655	1054.2111960675
1556		139.695	1054.007170451
1557		139.735	1054.1554653787
1558		139.775	1053.9297186217
1559		139.815	1052.733706108
1560		139.855	1050.3182366178
1561		139.895	1051.8059398873
1562		139.935	1059.3020262992
1563		139.975	-nan
1564		140.015	-nan
1565		140.055	-nan
1566		140.095	-nan
1567		140.135	-nan
1568		140.175	-nan
1569		140.215	-nan
1570		140.255	-nan
1571		140.295	-nan
1572		140.335	-nan
1573		140.375	1079.9502577564
1574		140.415	1068.7154909063
1575		140.455	1067.0129739668
1576		140.495	1066.9653511497
1577		140.535	1067.3316320642
1578		140.575	1066.9591250456
1579		140.615	1066.0420145058
1580		140.655	1065.0759982319
1581		140.695	1064.6014080524
1582		140.735	1064.3845776999
1583		140.775	1064.3164516788
1584		140.815	-nan
1585		140.855	1062.5090948815
1586		140.895	1061.3124993097
1587		140.935	1060.4656303542
1588		140.975	1060.1834830411
1589		141.015	1059.9959950326
1590		141.055	1059.6607527115
1591		141.095	1058.3189539721
1592		141.135	1057.1760000057
1593		141.175	1056.1239212377
1594		141.215	1066.3142437707
1595		141.255	-nan
1596		141.295	-nan
1597		141.335	-nan
1598		141.375	-nan
1599		141.415	-nan
1600		141.455	-nan
1601		141.495	-nan
1602		141.535	-nan
1603		141.575	-nan
1604		141.615	-nan
1605		141.655	1051.7885635411
1606		141.695	1039.7385657455
1607		141.735	1036.244672033
1608		141.775	1036.7259253692
1609		141.815	1037.1001461735
1610		141.855	1036.7715524896
1611		141.895	1035.8513471487
1612		141.935	1035.04044806
1613		141.975	1034.8458239709
1614		142.015	1035.0870874859
1615		142.055	1035.4642129675
1616		142.095	-nan
1617		142.135	1035.1122239931
1618		142.175	1034.7819913665
1619		142.215	1034.5019509265
1620		142.255	1035.0975873637
1621		142.295	1035.8547111835
1622		142.335	1035.9137550619
1623		142.375	1034.8550421721
1624		142.415	1033.9365215098
1625		142.455	1035.2248705521
1626		142.495	1036.0363872225
1627		142.535	-nan
1628		142.575	-nan
1629		142.615	-nan
1630		142.655	-nan
1631		142.695	-nan
1632		142.735	-nan
1633		142.775	-nan
1634		142.815	-nan
1635		142.855	-nan
1636		142.895	-nan
1637		142.935	1032.2871976564
1638		142.975	1028.2073473547
1639		143.015	1025.5968849707
1640		143.055	1026.1778532043
1641		143.095	1027.3710470392
1642		143.135	1027.4905264595
1643		143.175	1027.131442038
1644		143.215	1026.6387432742
1645		143.255	1026.6682492349
1646		143.295	1026.9995972284
1647		143.335	1027.5389902747
1648		143.375	-nan
1649		143.415	1027.012069936
1650		143.455	1026.7677471194
1651		143.495	1026.833820336
1652		143.535	1027.4891489278
1653		143.575	1028.4865730899
1654		143.615	1029.115219832
1655		143.655	1029.0852534512
1656		143.695	1027.8776625533
1657		143.735	1030.9769267716
1658		143.775	1040.2765564839
1659		143.815	-nan
1660		143.855	-nan
1661		143.895	-nan
1662		143.935	-nan
1663		143.975	-nan
1664		144.015	-nan
1665		144.055	-nan
1666		144.095	-nan
1667		144.135	-nan
1668		144.175	-nan
1669		144.215	1060.8659648454
1670		144.255	1048.8193130342
1671		144.295	1048.4953611184
1672		144.335	1049.3319718654
1673		144.375	1050.9023561088
1674		144.415	1051.6982361339
1675		144.455	1052.0002956234
1676		144.495	1052.3621891791
1677		144.535	1053.0724681174
1678		144.575	1054.3498104292
1679		144.615	1055.7070262602
1680		144.655	-nan
1681		144.695	1057.0767985655
1682		144.735	1057.1721697431
1683		144.775	1057.8120269051
1684		144.815	1058.7593697875
1685		144.855	1059.7819576373
1686		144.895	1060.7789610429
1687		144.935	1060.7955424911
1688		144.975	1060.6683613484
1689		145.015	1062.0900247232
1690		145.055	1072.2646692176
1691		145.095	-nan
1692		145.135	-nan
1693		145.175	-nan
1694		145.215	-nan
1695		145.255	-nan
1696		145.295	-nan
1697		145.335	-nan
1698		145.375	-nan
1699		145.415	-nan
1700		145.455	-nan
1701		145.495	1072.7716394094
1702		145.535	1062.6665713756
1703		145.575	1059.9547919112
1704		145.615	1064.2188216556
1705		145.655	1071.2461438995
1706		145.695	1074.7037044639
1707		145.735	1074.588581761
1708		145.775	1074.6375474926
1709		145.815	1076.0399817285
1710		145.855	1076.6944952797
1711		145.895	1077.7060665713
1712		145.935	-nan
1713		145.975	1073.3288222151
1714		146.015	1079.8686680257
1715		146.055	1081.0551790918
1716		146.095	1082.5353900763
1717		146.135	1084.0398354319
1718		146.175	1085.1070690242
1719		146.215	1079.415811004
1720		146.255	1076.1348665282
1721		146.295	1077.5988283463
1722		146.335	1086.5293896846
1723		146.375	-nan
1724		146.415	-nan
1725		146.455	-nan
1726		146.495	-nan
1727		146.535	-nan
1728		146.575	-nan
1729		146.615	-nan
1730		146.655	-nan
1731		146.695	-nan
1732		146.735	-nan
1733		146.775	1085.8894852847
1734		146.815	1076.1704153538
1735		146.855	1073.885404313
1736		146.895	1075.6048307011
1737		146.935	1077.5843566044
1738		146.975	1078.5616289834
1739		147.015	1078.9177369155
1740		147.055	1079.173417255
1741		147.095	1079.9092213722
1742		147.135	1081.0950923151
1743		147.175	1082.1871189623
1744		147.215	-nan
1745		147.255	1083.0459426651
1746		147.295	1083.0165189475
1747		147.335	1083.3284943376
1748		147.375	1084.4058507796
1749		147.415	1085.74489868
1750		147.455	1086.8864418381
1751		147.495	1086.7819659238
1752		147.535	1086.5016830252
1753		147.575	1089.484174382
1754		147.615	1100.0721078644
1755		147.655	-nan
1756		147.695	-nan
1757		147.735	-nan
1758		147.775	-nan
1759		147.815	-nan
1760		147.855	-nan
1761		147.895	-nan
1762		147.935	-nan
1763		147.975	-nan
1764		148.015	-nan
1765		148.055	1122.2835873218
1766		148.095	1108.9464519723
1767		148.135	1107.4832213936
1768		148.175	1108.1174902382
1769		148.215	1109.1174650991
1770		148.255	1109.503108166
1771		148.295	1109.2447475005
1772		148.335	1108.8449727327
1773		148.375	1109.3648305809
1774		148.415	1110.5187475231
1775		148.455	1111.4990532648
1776		148.495	-nan
1777		148.535	1112.5916131805
1778		148.575	1112.6832071769
1779		148.615	1113.1157191992
1780		148.655	1113.9560092948
1781		148.695	1114.9795640073
1782		148.735	1115.6945806077
1783		148.775	1115.0310376197
1784		148.815	1114.3625592614
1785		148.855	1115.6385383696
1786		148.895	1125.7015277169
1787		148.935	-nan
1788		148.975	-nan
1789		149.015	-nan
1790		149.055	-nan
1791		149.095	-nan
1792		149.135	-nan
1793		149.175	-nan
1794		149.215	-nan
1795		149.255	-nan
1796		149.295	-nan
1797		149.335	1127.0390322785
1798		149.375	1114.5467693916
1799		149.415	1110.9099699161
1800		149.455	1111.8417386275
1801		149.495	1112.513495031
1802		149.535	1112.3250034331
1803		149.575	1111.2045118617
1804		149.615	1110.2301070685
1805		149.655	1109.5825055859
1806		149.695	1109.618122271
1807		149.735	1109.6152856579
1808		149.775	-nan
1809		149.815	1108.2229794576
1810		149.855	1107.1904833378
1811		149.895	1106.7981566443
1812		149.935	1107.2323068597
1813		149.975	1118.3079934855
1814		150.015	1117.7772262538
1815		150.055	1107.260278448
1816		150.095	1106.2868104101
1817		150.135	1107.9705562969
1818		150.175	1117.2445820652
1819		150.215	-nan
1820		150.255	-nan
1821		150.295	-nan
1822		150.335	-nan
1823		150.375	-nan
1824		150.415	-nan
1825		150.455	-nan
1826		150.495	-nan
1827		150.535	-nan
1828		150.575	-nan
1829		150.615	1107.1934972968
1830		150.655	1094.7430386005
1831		150.695	1091.3069623463
1832		150.735	1091.2182995867
1833		150.775	1093.670257417
1834		150.815	1091.0192221408
1835		150.855	1089.952166454
1836		150.895	1088.9192018943
1837		150.935	1088.5654090576
1838		150.975	1088.5921648019
1839		151.015	1088.7663405793
1840		151.055	-nan
1841		151.095	1087.1512147266
1842		151.135	1086.051803889
1843		151.175	1085.0448667741
1844		151.215	1084.7169817987
1845		151.255	1084.5325443187
1846		151.295	1083.7031413882
1847		151.335	1081.9552538429
1848		151.375	1079.4664481171
1849		151.415	1080.7519156677
1850		151.455	1089.5241826739
1851		151.495	-nan
1852		151.535	-nan
1853		151.575	-nan
1854		151.615	-nan
1855		151.655	-nan
1856		151.695	-nan
1857		151.735	-nan
1858		151.775	-nan
1859		151.815	-nan
1860		151.855	-nan
1861		151.895	1087.2568752915
1862		151.935	1074.5778389968
1863		151.975	1071.5116114805
1864		152.015	1070.9600482394
1865		152.055	1070.4483994687
1866		152.095	1069.23096564
1867		152.135	1067.4587996806
1868		152.175	1065.9773237965
1869		152.215	1064.7818739447
1870		152.255	1064.2462609252
1871		152.295	1063.8951135196
1872		152.335	-nan
1873		152.375	1061.503472503
1874		152.415	1060.230242455
1875		152.455	1059.535559133
1876		152.495	1059.4222105858
1877		152.535	1059.5545363434
1878		152.575	1059.466379405
1879		152.615	1058.3510024214
1880		152.655	1057.2356738488
1881		152.695	1057.039966103
1882		152.735	1066.3708326445
1883		152.775	-nan
1884		152.815	-nan
1885		152.855	-nan
1886		152.895	-nan
1887		152.935	-nan
1888		152.975	-nan
1889		153.015	-nan
1890		153.055	-nan
1891		153.095	-nan
1892		153.135	-nan
1893		153.175	1067.7550141802
1894		153.215	1055.2131790067
1895		153.255	1051.031564949
1896		153.295	1052.0690766558
1897		153.335	1052.6452125802
1898		153.375	1052.3035834462
1899		153.415	1051.3066062933
1900		153.455	1050.1610209324
1901		153.495	1049.748852546
1902		153.535	1049.5183608471
1903		153.575	1049.1597405669
1904		153.615	-nan
1905		153.655	1047.2160591111
1906		153.695	1045.7076116444
1907		153.735	1044.6967996983
1908		153.775	1044.3691176762
1909		153.815	1044.115464576
1910		153.855	1043.4790039974
1911		153.895	1041.7934286273
1912		153.935	1040.5046082962
1913		153.975	1041.2906189686
1914		154.015	1048.3840418207
1915		154.055	-nan
1916		154.095	-nan
1917		154.135	-nan
1918		154.175	-nan
1919		154.215	-nan
1920		154.255	-nan
1921		154.295	-nan
1922		154.335	-nan
1923		154.375	-nan
1924		154.415	-nan
1925		154.455	1029.8797675763
1926		154.495	1019.3448167254
1927		154.535	1016.2478359089
1928		154.575	1016.0013514908
1929		154.615	1016.1980577696
1930		154.655	1015.544237853
1931		154.695	1014.401155243
1932		154.735	1013.4484580607
1933		154.775	1013.2277632211
1934		154.815	1013.514321865
1935		154.855	1013.7240554925
1936		154.895	-nan
1937		154.935	1013.1988788677
1938		154.975	1012.6712311323
1939		155.015	1012.5526471484
1940		155.055	1012.8105384703
1941		155.095	1013.2226384535
1942		155.135	1013.0697404019
1943		155.175	1012.0086139351
1944		155.215	1010.5851206486
1945		155.255	1011.779824731
1946		155.295	1019.5208574515
1947		155.335	-nan
1948		155.375	-nan
1949		155.415	-nan
1950		155.455	-nan
1951		155.495	-nan
1952		155.535	-nan
1953		155.575	-nan
1954		155.615	-nan
1955		155.655	-nan
1956		155.695	-nan
1957		155.735	1017.0387574358
1958		155.775	1006.4949807776
1959		155.815	1005.117048744
1960		155.855	1005.7239999439
1961		155.895	1006.7598398744
1962		155.935	1006.805615017
1963		155.975	1006.4894697481
1964		156.015	1006.0575920329
1965		156.055	1006.0296302966
1966		156.095	1006.2430902707
1967		156.135	1006.3967617281
1968		156.175	-nan
1969		156.215	1005.9593283108
1970		156.255	1005.3865299547
1971		156.295	1005.3127767321
1972		156.335	1005.696565814
1973		156.375	1006.4657185568
1974		156.415	1007.0463897088
1975		156.455	1006.8804079047
1976		156.495	1006.7000124531
1977		156.535	1007.5269470953
1978		156.575	1015.6344681971
1979		156.615	-nan
1980		156.655	-nan
1981		156.695	-nan
1982		156.735	-nan
1983		156.775	-nan
1984		156.815	-nan
1985		156.855	-nan
1986		156.895	-nan
1987		156.935	-nan
1988		156.975	-nan
1989		157.015	1026.4532610992
1990		157.055	1017.3032234749
1991		157.095	1014.4280901005
1992		157.135	1016.0463711319
1993		157.175	1017.3091656022
1994		157.215	1017.790965363
1995		157.255	1017.8412247096
1996		157.295	1018.0791131395
1997		157.335	1018.8269362791
1998		157.375	1019.9006849771
1999		157.415	1021.1523269435
2000		157.455	-nan
2001		157.495	1022.4529001426
2002		157.535	1022.4153761885
2003		157.575	1022.8378865941
2004		157.615	1023.6449366031
2005		157.655	1024.5304894248
2006		157.695	1024.791080964
2007		157.735	1024.326776042
2008		157.775	1023.697516702
2009		157.815	1025.3476954463
2010		157.855	1023.626204736
2011		157.895	-nan
2012		157.935	-nan
2013		157.975	-nan
2014		158.015	-nan
2015		158.055	-nan
2016		158.095	-nan
2017		158.135	-nan
2018		158.175	-nan
2019		158.215	-nan
2020		158.255	-nan
2021		158.295	1024.2206487986
2022		158.335	1024.4880082173
2023		158.375	1022.4889761582
2024		158.415	1023.278249705
2025		158.455	1024.4687669015
2026		158.495	1024.988228743
2027		158.535	1024.7996945355
2028		158.575	1024.6767527168
2029		158.615	1025.0076567407
2030		158.655	1025.758445089
2031		158.695	1026.6299855669
2032		158.735	-nan
2033		158.775	1027.3620593751
2034		158.815	1027.7728044288
2035		158.855	1028.492534209
2036		158.895	1029.7688208647
2037		158.935	1031.3343950754
2038		158.975	1032.3971267785
2039		159.015	1032.5262143206
2040		159.055	1032.3269701905
2041		159.095	1034.9100426102
2042		159.135	1040.094923524
2043		159.175	-nan
2044		159.215	-nan
2045		159.255	-nan
2046		159.295	-nan
2047		159.335	-nan
2048		159.375	-nan
2049		159.415	-nan
2050		159.455	-nan
2051		159.495	-nan
2052		159.535	-nan
2053		159.575	1056.5480378065
2054		159.615	1049.2785543439
2055		159.655	1048.5579086535
2056		159.695	1049.7987662815
2057		159.735	1051.4559837387
2058		159.775	1052.365992058
2059		159.815	1052.6067677289
2060		159.855	1052.8672911292
2061		159.895	1053.39584421
2062		159.935	1054.315771116
2063		159.975	1055.3216023494
2064		160.015	-nan
2065		160.055	1055.7078307292
2066		160.095	1055.5138011396
2067		160.135	1055.4694689026
2068		160.175	1055.9994945668
2069		160.215	1056.7098841739
2070		160.255	1057.0867922609
2071		160.295	1056.4406535452
2072		160.335	1055.8970135097
2073		160.375	1056.5100197552
2074		160.415	1061.981030978
2075		160.455	-nan
2076		160.495	-nan
2077		160.535	-nan
2078		160.575	-nan
2079		160.615	-nan
2080		160.655	-nan
2081		160.695	-nan
2082		160.735	-nan
2083		160.775	-nan
2084		160.815	-nan
2085		160.855	1058.941426145
2086		160.895	1052.1613826304
2087		160.935	1048.9304304729
2088		160.975	1049.296263041
2089		161.015	1050.1006011614
2090		161.055	1050.1914271191
2091		161.095	1049.4357326097
2092		161.135	1048.9885622199
2093		161.175	1049.0741145698
2094		161.215	1049.5741092922
2095		161.255	1050.301547753
2096		161.295	-nan
2097		161.335	1050.5262261665
2098		161.375	1050.4029463592
2099		161.415	1050.4117990651
2100		161.455	1051.09787575
2101		161.495	1051.8146207732
2102		161.535	1051.9519703516
2103		161.575	1051.3388944667
2104		161.615	1050.5892701662
2105		161.655	1051.9884856515
2106		161.695	1051.1036946063
2107		161.735	-nan
2108		161.775	-nan
2109		161.815	-nan
2110		161.855	-nan
2111		161.895	-nan
2112		161.935	-nan
2113		161.975	-nan
2114		162.015	-nan
2115		162.055	-nan
2116		162.095	-nan
2117		162.135	1058.701570274
2118		162.175	1056.2755499756
2119		162.215	1053.8441863092
2120		162.255	1054.3961931257
2121		162.295	1055.197615398
2122		162.335	1054.9526956174
2123		162.375	1054.1940520679
2124		162.415	1053.0005512087
2125		162.455	1052.6390240246
2126		162.495	1052.3530403142
2127		162.535	1052.0956891428
2128		162.575	-nan
2129		162.615	1050.0929165131
2130		162.655	1049.0621048745
2131		162.695	1048.2126965301
2132		162.735	1047.982046357
2133		162.775	1048.2176091386
2134		162.815	1047.8815753176
2135		162.855	1046.8643802051
2136		162.895	1044.9609928618
2137		162.935	1046.3589265214
2138		162.975	1052.0225493812
2139		163.015	-nan
2140		163.055	-nan
2141		163.095	-nan
2142		163.135	-nan
2143		163.175	-nan
2144		163.215	-nan
2145		163.255	-nan
2146		163.295	-nan
2147		163.335	-nan
2148		163.375	-nan
2149		163.415	1047.6432158722
2150		163.455	1038.4557821664
2151		163.495	1036.0129974078
2152		163.535	1035.5758385292
2153		163.575	1035.6570830801
2154		163.615	1034.8242102729
2155		163.655	1033.756809296
2156		163.695	1032.8757738911
2157		163.735	1032.2889922533
2158		163.775	1032.1892316874
2159		163.815	1032.2215383928
2160		163.855	-nan
2161		163.895	1030.8526985332
2162		163.935	1029.8302263541
2163		163.975	1029.0259532768
2164		164.015	1028.5219242167
2165		164.055	1028.0563107899
2166		164.095	1027.3168255085
2167		164.135	1025.3796167493
2168		164.175	1023.5657422987
2169		164.215	1020.9407646745
2170		164.255	1029.2989645131
2171		164.295	-nan
2172		164.335	-nan
2173		164.375	-nan
2174		164.415	-nan
2175		164.455	-nan
2176		164.495	-nan
2177		164.535	-nan
2178		164.575	-nan
2179		164.615	-nan
2180		164.655	-nan
2181		164.695	1026.3693852782
2182		164.735	1016.7103936886
2183		164.775	1013.2448509651
2184		164.815	1013.2905237623
2185		164.855	1013.2549932193
2186		164.895	1012.31405274
2187		164.935	1010.7304188326
2188		164.975	1009.0765509479
2189		165.015	1007.9482098593
2190		165.055	1007.1818652346
2191		165.095	1006.5629908862
2192		165.135	-nan
2193		165.175	1004.4541497946
2194		165.215	1003.208930534
2195		165.255	1002.2999140973
2196		165.295	1002.1095942304
2197		165.335	1002.022118497
2198		165.375	1001.6958674379
2199		165.415	1000.4387583859
2200		165.455	999.48170352927
2201		165.495	1000.4756764699
2202		165.535	1001.2206337882
2203		165.575	-nan
2204		165.615	-nan
2205		165.655	-nan
2206		165.695	-nan
2207		165.735	-nan
2208		165.775	-nan
2209		165.815	-nan
2210		165.855	-nan
2211		165.895	-nan
2212		165.935	-nan
2213		165.975	1008.8500199797
2214		166.015	1004.0185008577
2215		166.055	1001.2325785257
2216		166.095	1001.2156275669
2217		166.135	1001.5165455322
2218		166.175	1001.2799112356
2219		166.215	1000.3263574425
2220		166.255	999.59742249471
2221		166.295	999.18584088072
2222		166.335	999.29293139041
2223		166.375	999.22867282698
2224		166.415	-nan
2225		166.455	997.56015991875
2226		166.495	996.44806806586
2227		166.535	995.37202787306
2228		166.575	994.95812446869
2229		166.615	994.71235660424
2230		166.655	993.81832502292
2231		166.695	992.37429706148
2232		166.735	989.17788685863
2233		166.775	990.74347797463
2234		166.815	997.36958325923
2235		166.855	-nan
2236		166.895	-nan
2237		166.935	-nan
2238		166.975	-nan
2239		167.015	-nan
2240		167.055	-nan
2241		167.095	-nan
2242		167.135	-nan
2243		167.175	-nan
2244		167.215	-nan
2245		167.255	993.9136692767
2246		167.295	984.38809465589
2247		167.335	982.70043414334
2248		167.375	982.3535062757
2249		167.415	982.24993178652
2250		167.455	982.02185195425
2251		167.495	981.11960704159
2252		167.535	980.36227569278
2253		167.575	980.23319951132
2254		167.615	980.28734610444
2255		167.655	980.80649208748
2256		167.695	-nan
2257		167.735	980.74268769949
2258		167.775	980.60827712073
2259		167.815	980.74990098065
2260		167.855	981.20528640868
2261		167.895	981.95862907241
2262		167.935	982.24685255822
2263		167.975	981.74496724442
2264		168.015	981.13711211042
2265		168.055	979.86551290565
2266		168.095	988.18519313009
2267		168.135	-nan
2268		168.175	-nan
2269		168.215	-nan
2270		168.255	-nan
2271		168.295	-nan
2272		168.335	-nan
2273		168.375	-nan
2274		168.415	-nan
2275		168.455	-nan
2276		168.495	-nan
2277		168.535	990.51466915954
2278		168.575	982.23846107411
2279		168.615	980.46921501816
2280		168.655	982.35003390322
2281		168.695	983.49426949578
2282		168.735	983.89550344249
2283		168.775	983.63510131915
2284		168.815	983.41391277484
2285		168.855	983.47908298463
2286		168.895	983.87744917264
2287		168.935	984.3094344521
2288		168.975	-nan
2289		169.015	983.94635254573
2290		169.055	983.58872825237
2291		169.095	983.63516599709
2292		169.135	984.20095391024
2293		169.175	984.91481537124
2294		169.215	985.40814628381
2295		169.255	985.440536337
2296		169.295	985.30645593295
2297		169.335	987.31231750112
2298		169.375	994.29818168952
2299		169.415	-nan
2300		169.455	-nan
2301		169.495	-nan
2302		169.535	-nan
2303		169.575	-nan
2304		169.615	-nan
2305		169.655	-nan
2306		169.695	-nan
2307		169.735	-nan
2308		169.775	-nan
2309		169.815	1005.669463043
2310		169.855	997.74801752054
2311		169.895	995.38192684986
2312		169.935	995.67827525626
2313		169.975	996.41162544743
2314		170.015	996.84854758113
2315		170.055	997.05012530232
2316		170.095	997.26764207582
2317		170.135	998.17737912553
2318		170.175	999.60556883381
2319		170.215	1000.9034595068
2320		170.255	-nan
2321		170.295	1002.4078799645
2322		170.335	1002.6927742724
2323		170.375	1003.1728850157
2324		170.415	1004.0480801982
2325		170.455	1004.9493013561
2326		170.495	1005.2376533004
2327		170.535	1004.9736012795
2328		170.575	1004.419190543
2329		170.615	1005.4845144303
2330		170.655	1006.0988233568
2331		170.695	-nan
2332		170.735	-nan
2333		170.775	-nan
2334		170.815	-nan
2335		170.855	-nan
2336		170.895	-nan
2337		170.935	-nan
2338		170.975	-nan
2339		171.015	-nan
2340		171.055	-nan
2341		171.095	1018.517725149
2342		171.135	1016.8971299805
2343		171.175	1016.444680085
2344		171.215	1017.4776568585
2345		171.255	1018.2193314784
2346		171.295	1018.6593268333
2347		171.335	1018.4000261122
2348		171.375	1018.2841694842
2349		171.415	1018.3179964495
2350		171.455	1018.7879013683
2351		171.495	1019.5204583802
2352		171.535	-nan
2353		171.575	1019.6645007258
2354		171.615	1019.6251347297
2355		171.655	1020.2731973667
2356		171.695	1021.5322428807
2357		171.735	1022.7388648797
2358		171.775	1023.9854258345
2359		171.815	1024.4083899275
2360		171.855	1024.6304987476
2361		171.895	1025.8052907083
2362		171.935	1024.689158167
2363		171.975	-nan
2364		172.015	-nan
2365		172.055	-nan
2366		172.095	-nan
2367		172.135	-nan
2368		172.175	-nan
2369		172.215	-nan
2370		172.255	-nan
2371		172.295	-nan
2372		172.335	-nan
2373		172.375	1035.5494484275
2374		172.415	1035.8022914606
2375		172.455	1034.2542331445
2376		172.495	1035.36637981
2377		172.535	1036.5407306663
2378		172.575	1037.2374108654
2379		172.615	1037.2078871054
2380		172.655	1037.3477852646
2381		172.695	1038.0551030662
2382		172.735	1038.7124674805
2383		172.775	1039.6501548556
2384		172.815	-nan
2385		172.855	1039.3587181146
2386		172.895	1039.0136597589
2387		172.935	1038.9349350263
2388		172.975	1039.0882643212
2389		173.015	1039.3383732574
2390		173.055	1039.0955032624
2391		173.095	1037.9636276988
2392		173.135	1037.0561227425
2393		173.175	1038.0005692708
2394		173.215	1034.4737750627
2395		173.255	-nan
2396		173.295	-nan
2397		173.335	-nan
2398		173.375	-nan
2399		173.415	-nan
2400		173.455	-nan
2401		173.495	-nan
2402		173.535	-nan
2403		173.575	-nan
2404		173.615	-nan
2405		173.655	1037.8957766676
2406		173.695	1038.3165631313
2407		173.735	1036.9315798613
2408		173.775	1036.9018039256
2409		173.815	1036.7630652175
2410		173.855	1036.2205978281
2411		173.895	1035.0316853977
2412		173.935	1034.0256626539
2413		173.975	1033.8271412593
2414		174.015	1033.7175739505
2415		174.055	1033.6242412114
2416		174.095	-nan
2417		174.135	1033.0720213554
2418		174.175	1032.6984369988
2419		174.215	1032.6430437665
2420		174.255	1033.0836999449
2421		174.295	1033.4360793105
2422		174.335	1033.491970405
2423		174.375	1032.8067906123
2424		174.415	1031.7151414402
2425		174.455	1032.1073799527
2426		174.495	1037.6324128488
2427		174.535	-nan
2428		174.575	-nan
2429		174.615	-nan
2430		174.655	-nan
2431		174.695	-nan
2432		174.735	-nan
2433		174.775	-nan
2434		174.815	-nan
2435		174.855	-nan
2436		174.895	-nan
2437		174.935	1036.2682595367
2438		174.975	1028.6051183332
2439		175.015	1026.9265049969
2440		175.055	1026.8919529408
2441		175.095	1026.8377503873
2442		175.135	1026.3719239693
2443		175.175	1025.3843290406
2444		175.215	1024.2032806582
2445		175.255	1023.3562654489
2446		175.295	1022.5674313709
2447		175.335	1021.8174992671
2448		175.375	-nan
2449		175.415	1019.0417154064
2450		175.455	1017.6434734995
2451		175.495	1016.4710621803
2452		175.535	1015.5661456574
2453		175.575	1015.0250781086
2454		175.615	1014.3384821547
2455		175.655	1013.0896885064
2456		175.695	1011.8427848748
2457		175.735	1011.7309034013
2458		175.775	1015.5713644826
2459		175.815	-nan
2460		175.855	-nan
2461		175.895	-nan
2462		175.935	-nan
2463		175.975	-nan
2464		176.015	-nan
2465		176.055	-nan
2466		176.095	-nan
2467		176.135	-nan
2468		176.175	-nan
2469		176.215	1010.9357935142
2470		176.255	1003.0803109539
2471		176.295	1000.6050103757
2472		176.335	999.79823606821
2473		176.375	998.81529984853
2474		176.415	997.61108336533
2475		176.455	996.25574920324
2476		176.495	995.16863691822
2477		176.535	994.46795377829
2478		176.575	994.00528205519
2479		176.615	993.87978926453
2480		176.655	-nan
2481		176.695	992.24465243706
2482		176.735	991.30804983317
2483		176.775	990.39746361222
2484		176.815	989.74182585036
2485		176.855	989.16245375486
2486		176.895	988.23275643317
2487		176.935	986.57677462061
2488		176.975	984.15079016415
2489		177.015	982.44843203522
2490		177.055	981.95290698601
2491		177.095	-nan
2492		177.135	-nan
2493		177.175	-nan
2494		177.215	-nan
2495		177.255	-nan
2496		177.295	-nan
2497		177.335	-nan
2498		177.375	-nan
2499		177.415	-nan
2500		177.455	-nan
2501		177.495	963.74561080886
2502		177.535	957.20492702055
2503		177.575	954.94858630708
2504		177.615	954.3725867648
2505		177.655	953.64562298575
2506		177.695	952.33320272757
2507		177.735	950.54541487429
2508		177.775	948.65413763888
2509		177.815	946.86718052237
2510		177.855	945.56693585496
2511		177.895	944.13827540762
2512		177.935	-nan
2513		177.975	941.17437319651
2514		178.015	939.97617245692
2515		178.055	939.02078839115
2516		178.095	938.63833728574
2517		178.135	938.72252869462
2518		178.175	938.35622902629
2519		178.215	937.66376643995
2520		178.255	936.79618205894
2521		178.295	937.20558096123
2522		178.335	941.57645120662
2523		178.375	-nan
2524		178.415	-nan
2525		178.455	-nan
2526		178.495	-nan
2527		178.535	-nan
2528		178.575	-nan
2529		178.615	-nan
2530		178.655	-nan
2531		178.695	-nan
2532		178.735	-nan
2533		178.775	946.33501052713
2534		178.815	942.13150225054
2535		178.855	942.12054041318
2536		178.895	942.40896339015
2537		178.935	942.66916283581
2538		178.975	942.19427253338
2539		179.015	941.47558265759
2540		179.055	940.82881026312
2541		179.095	940.45646093195
2542		179.135	940.3475833895
2543		179.175	940.12679538152
2544		179.215	-nan
2545		179.255	938.79349754808
2546		179.295	937.64677472332
2547		179.335	936.67212179126
2548		179.375	935.98851539557
2549		179.415	935.11672564409
2550		179.455	933.9588365557
2551		179.495	932.41894203503
2552		179.535	930.53829778755
2553		179.575	929.04925718957
2554		179.615	932.62949397586
2555		179.655	-nan
2556		179.695	-nan
2557		179.735	-nan
2558		179.775	-nan
2559		179.815	-nan
2560		179.855	-nan
2561		179.895	-nan
2562		179.935	-nan
2563		179.975	-nan
2564		180.015	-nan
2565		180.055	928.15478017755
2566		180.095	922.24582800212
2567		180.135	919.34518001311
2568		180.175	918.97613062655
2569		180.215	918.34011995954
2570		180.255	917.25020119632
2571		180.295	915.79003623892
2572		180.335	914.53181681912
2573		180.375	913.92404315181
2574		180.415	913.31772362744
2575		180.455	913.19964230303
2576		180.495	-nan
2577		180.535	912.48858179918
2578		180.575	912.14667724465
2579		180.615	912.09332618962
2580		180.655	912.42805341159
2581		180.695	912.8735304689
2582		180.735	913.10612231265
2583		180.775	913.10511434452
2584		180.815	912.69835459688
2585		180.855	913.57676202004
2586		180.895	917.07845794457
2587		180.935	-nan
2588		180.975	-nan
2589		181.015	-nan
2590		181.055	-nan
2591		181.095	-nan
2592		181.135	-nan
2593		181.175	-nan
2594		181.215	-nan
2595		181.255	-nan
2596		181.295	-nan
2597		181.335	919.90645033651
2598		181.375	917.53635390504
2599		181.415	917.15317200206
2600		181.455	918.3341966716
2601		181.495	919.0317822057
2602		181.535	919.06649042317
2603		181.575	919.21332378541
2604		181.615	918.90488737081
2605		181.655	918.80237542542
2606		181.695	918.63406432754
2607		181.735	918.26433036363
2608		181.775	-nan
2609		181.815	916.96362921669
2610		181.855	916.24178516802
2611		181.895	915.65371769709
2612		181.935	915.28001524299
2613		181.975	915.00381507018
2614		182.015	914.89366268964
2615		182.055	914.54960001223
2616		182.095	914.09134944178
2617		182.135	914.98771384832
2618		182.175	919.10827685599
2619		182.215	-nan
2620		182.255	-nan
2621		182.295	-nan
2622		182.335	-nan
2623		182.375	-nan
2624		182.415	-nan
2625		182.455	-nan
2626		182.495	-nan
2627		182.535	-nan
2628		182.575	-nan
2629		182.615	917.86717170881
2630		182.655	911.77160752374
2631		182.695	910.70249833156
2632		182.735	910.21012685332
2633		182.775	910.24697191756
2634		182.815	909.91155220756
2635		182.855	909.40202261667
2636		182.895	909.09106825008
2637		182.935	908.98146509323
2638		182.975	909.5546228831
2639		183.015	909.96089462615
2640		183.055	-nan
2641		183.095	910.62044553958
2642		183.135	910.55085165287
2643		183.175	910.80537556163
2644		183.215	910.94945587836
2645		183.255	911.132432655
2646		183.295	910.66993891302
2647		183.335	908.83940090143
2648		183.375	905.63236000328
2649		183.415	902.40208485649
2650		183.455	904.42326519755
2651		183.495	-nan
2652		183.535	-nan
2653		183.575	-nan
2654		183.615	-nan
2655		183.655	-nan
2656		183.695	-nan
2657		183.735	-nan
2658		183.775	-nan
2659		183.815	-nan
2660		183.855	-nan
2661		183.895	893.63870100525
2662		183.935	889.23656094351
2663		183.975	887.73833324753
2664		184.015	888.44237870293
2665		184.055	888.5765670387
2666		184.095	888.22695373443
2667		184.135	887.35514560838
2668		184.175	886.1649068969
2669		184.215	885.13496603422
2670		184.255	884.34242131639
2671		184.295	883.74978256877
2672		184.335	-nan
2673		184.375	881.86183469121
2674		184.415	881.05599897995
2675		184.455	880.58596962414
2676		184.495	880.5981903766
2677		184.535	880.682549604
2678		184.575	880.72510914078
2679		184.615	880.32549960032
2680		184.655	880.36018961456
2681		184.695	881.20279410854
2682		184.735	884.72313348311
2683		184.775	-nan
2684		184.815	-nan
2685		184.855	-nan
2686		184.895	-nan
2687		184.935	-nan
2688		184.975	-nan
2689		185.015	-nan
2690		185.055	-nan
2691		185.095	-nan
2692		185.135	-nan
2693		185.175	913.79044179289
2694		185.215	912.95628543053
2695		185.255	915.82878327164
2696		185.295	915.92720908801
2697		185.335	917.98968448112
2698		185.375	917.85816793602
2699		185.415	917.40436274477
2700		185.455	917.06431786629
2701		185.495	916.90246166994
2702		185.535	917.31293917428
2703		185.575	917.26931937658
2704		185.615	-nan
2705		185.655	915.41518581284
2706		185.695	914.32216033586
2707		185.735	913.1655340288
2708		185.775	911.8934395974
2709		185.815	910.82760732147
2710		185.855	909.28864259275
2711		185.895	906.86856731512
2712		185.935	901.23832567986
2713		185.975	900.63812445659
2714		186.015	901.68872456556
2715		186.055	-nan
2716		186.095	-nan
2717		186.135	-nan
2718		186.175	-nan
2719		186.215	-nan
2720		186.255	-nan
2721		186.295	-nan
2722		186.335	-nan
2723		186.375	-nan
2724		186.415	-nan
2725		186.455	898.94629659049
2726		186.495	893.44675290843
2727		186.535	891.60159706034
2728		186.575	890.38040972274
2729		186.615	889.17098379609
2730		186.655	887.49683106514
2731		186.695	885.78707078319
2732		186.735	883.69913785794
2733		186.775	882.15408714612
2734		186.815	880.62837398321
2735		186.855	879.54467441152
2736		186.895	-nan
2737		186.935	876.71501847214
2738		186.975	875.19615674237
2739		187.015	874.16458501031
2740		187.055	872.85761422337
2741		187.095	871.6670570273
2742		187.135	857.75534648062
2743		187.175	851.51771317059
2744		187.215	837.53212222612
2745		187.255	822.20416786215
2746		187.295	816.09290834942
2747		187.335	-nan
2748		187.375	-nan
2749		187.415	-nan
2750		187.455	-nan
2751		187.495	-nan
2752		187.535	-nan
2753		187.575	-nan
2754		187.615	-nan
2755		187.655	-nan
2756		187.695	-nan
2757		187.735	487.5545860781
2758		187.775	483.82814375918
2759		187.815	481.70132110747
2760		187.855	486.76776390648
2761		187.895	489.65385046182
2762		187.935	490.57170460658
2763		187.975	493.10118257697
2764		188.015	492.94596804005
2765		188.055	492.78796568864
2766		188.095	492.82562790932
2767		188.135	492.67579865231
2768		188.175	-nan
2769		188.215	491.49083286997
2770		188.255	490.6636337783
2771		188.295	490.0274191937
2772		188.335	489.85399789435
2773		188.375	489.67870544753
2774		188.415	489.14878122961
2775		188.455	486.4049995072
2776		188.495	485.53660024678
2777		188.535	484.19331803946
2778		188.575	486.68760068523
2779		188.615	-nan
2780		188.655	-nan
2781		188.695	-nan
2782		188.735	-nan
2783		188.775	-nan
2784		188.815	-nan
2785		188.855	-nan
2786		188.895	-nan
2787		188.935	-nan
2788		188.975	-nan
2789		189.015	482.99274292002
2790		189.055	475.55271740041
2791		189.095	472.93122397817
2792		189.135	472.43707204487
2793		189.175	472.10786313541
2794		189.215	471.65404527109
2795		189.255	470.7455220591
2796		189.295	469.9481488909
2797		189.335	469.54825473353
2798		189.375	469.36707518903
2799		189.415	469.18447489293
2800		189.455	-nan
2801		189.495	468.32158710145
2802		189.535	467.64517086837
2803		189.575	467.11209455479
2804		189.615	466.92394437541
2805		189.655	466.8301342107
2806		189.695	466.23861492463
2807		189.735	464.03782810648
2808		189.775	455.81194265209
2809		189.815	456.15408383184
2810		189.855	459.72815909931
2811		189.895	-nan
2812		189.935	-nan
2813		189.975	-nan
2814		190.015	-nan
2815		190.055	-nan
2816		190.095	-nan
2817		190.135	-nan
2818		190.175	-nan
2819		190.215	-nan
2820		190.255	-nan
2821		190.295	458.19986956649
2822		190.335	451.70061201493
2823		190.375	450.12875769174
2824		190.415	450.22035014109
2825		190.455	450.38069067786
2826		190.495	449.94488918043
2827		190.535	449.36441937083
2828		190.575	448.71667749721
2829		190.615	448.18340494562
2830		190.655	447.96273917784
2831		190.695	447.60171944925
2832		190.735	-nan
2833		190.775	446.19513631728
2834		190.815	445.43689313615
2835		190.855	444.89370079334
2836		190.895	444.78062243307
2837		190.935	444.69842537855
2838		190.975	444.46812089774
2839		191.015	443.70635891483
2840		191.055	443.09396776591
2841		191.095	442.5060378653
2842		191.135	447.94665972815
2843		191.175	-nan
2844		191.215	-nan
2845		191.255	-nan
2846		191.295	-nan
2847		191.335	-nan
2848		191.375	-nan
2849		191.415	-nan
2850		191.455	-nan
2851		191.495	-nan
2852		191.535	-nan
2853		191.575	456.83010652524
2854		191.615	453.37530259266
2855		191.655	451.25407476202
2856		191.695	463.90417649802
2857		191.735	466.24059646656
2858		191.775	466.42422908068
2859		191.815	465.91547318582
2860		191.855	465.61172767841
2861		191.895	465.39291828621
2862		191.935	465.56657803466
2863		191.975	465.5507020497
2864		192.015	-nan
2865		192.055	464.65024919945
2866		192.095	463.84489399867
2867		192.135	463.33642200584
2868		192.175	463.02810264136
2869		192.215	462.83404431629
2870		192.255	461.99498190202
2871		192.295	455.9138031829
2872		192.335	454.94999152255
2873		192.375	451.79893771564
2874		192.415	453.58094956105
2875		192.455	-nan
2876		192.495	-nan
2877		192.535	-nan
2878		192.575	-nan
2879		192.615	-nan
2880		192.655	-nan
2881		192.695	-nan
2882		192.735	-nan
2883		192.775	-nan
2884		192.815	-nan
2885		192.855	449.80254019816
2886		192.895	444.41852389562
2887		192.935	445.76154915837
2888		192.975	445.85302942094
2889		193.015	450.30571078442
2890		193.055	450.4389848022
2891		193.095	449.82777082535
2892		193.135	449.14951580873
2893		193.175	448.64234190586
2894		193.215	448.54771794105
2895		193.255	448.41929928001
2896		193.295	-nan
2897		193.335	447.62125975856
2898		193.375	447.07925348611
2899		193.415	446.82191054091
2900		193.455	446.92118832777
2901		193.495	446.87762101525
2902		193.535	445.4519848962
2903		193.575	440.63225563826
2904		193.615	419.02569232426
2905		193.655	419.80949618305
2906		193.695	420.323278961
2907		193.735	-nan
2908		193.775	-nan
2909		193.815	-nan
2910		193.855	-nan
2911		193.895	-nan
2912		193.935	-nan
2913		193.975	-nan
2914		194.015	-nan
2915		194.055	-nan
2916		194.095	-nan
2917		194.135	431.95665662046
2918		194.175	426.2776607057
2919		194.215	427.40790799738
2920		194.255	429.72393374236
2921		194.295	432.74010319363
2922		194.335	435.27076272423
2923		194.375	434.90217036427
2924		194.415	434.80448405907
2925		194.455	434.86075609077
2926		194.495	435.00823029848
2927		194.535	435.28816738541
2928		194.575	-nan
2929		194.615	434.60687955963
2930		194.655	433.92156387434
2931		194.695	433.45034700403
2932		194.735	433.17929783175
2933		194.775	433.11814418577
2934		194.815	430.47497663501
2935		194.855	427.22438391881
2936		194.895	423.48575156852
2937		194.935	418.8745342311
2938		194.975	422.98375791346
2939		195.015	-nan
2940		195.055	-nan
2941		195.095	-nan
2942		195.135	-nan
2943		195.175	-nan
2944		195.215	-nan
2945		195.255	-nan
2946		195.295	-nan
2947		195.335	-nan
2948		195.375	-nan
2949		195.415	414.77150466023
2950		195.455	410.98642119374
2951		195.495	409.19295135777
2952		195.535	421.54694997631
2953		195.575	425.80652941081
2954		195.615	427.38420173905
2955		195.655	427.33016327241
2956		195.695	426.90689067423
2957		195.735	426.94526572871
2958		195.775	426.84500436813
2959		195.815	426.75792007781
2960		195.855	-nan
2961		195.895	425.76832621064
2962		195.935	425.12349966331
2963		195.975	424.93572658497
2964		196.015	424.95118607921
2965		196.055	425.11132743174
2966		196.095	424.67871166585
2967		196.135	421.2945584985
2968		196.175	420.60188754514
2969		196.215	418.69757197682
2970		196.255	420.82437262979
2971		196.295	-nan
2972		196.335	-nan
2973		196.375	-nan
2974		196.415	-nan
2975		196.455	-nan
2976		196.495	-nan
2977		196.535	-nan
2978		196.575	-nan
2979		196.615	-nan
2980		196.655	-nan
2981		196.695	424.05561786501
2982		196.735	420.92773108131
2983		196.775	424.45413929246
2984		196.815	424.66583970773
2985		196.855	428.48184358738
2986		196.895	428.56678135469
2987		196.935	428.17016122749
2988		196.975	427.75531613357
2989		197.015	427.48275630232
2990		197.055	427.488459418
2991		197.095	427.52937658912
2992		197.135	-nan
2993		197.175	426.87550430929
2994		197.215	426.58879647162
2995		197.255	426.12251202956
2996		197.295	426.01351589978
2997		197.335	425.8628102407
2998		197.375	425.69048657275
2999		197.415	425.13221495552
3000		197.455	423.95968777163
3001		197.495	424.64922805468
3002		197.535	429.00312660302
3003		197.575	-nan
3004		197.615	-nan
3005		197.655	-nan
3006		197.695	-nan
3007		197.735	-nan
3008		197.775	-nan
3009		197.815	-nan
3010		197.855	-nan
3011		197.895	-nan
3012		197.935	-nan
3013		197.975	452.03970380069
3014		198.015	447.20426248812
3015		198.055	448.67788371091
3016		198.095	451.63215857284
3017		198.135	454.02881253054
3018		198.175	455.98976633528
3019		198.215	455.46940949552
3020		198.255	455.04077824022
3021		198.295	454.7538226837
3022		198.335	454.94468823389
3023		198.375	455.06385478564
3024		198.415	-nan
3025		198.455	454.4293112113
3026		198.495	453.93966104724
3027		198.535	453.37643547888
3028		198.575	453.01162305556
3029		198.615	452.60150684935
3030		198.655	451.15052219062
3031		198.695	450.04169342046
3032		198.735	447.58848896235
3033		198.775	445.06871856152
3034		198.815	446.35930885767
3035		198.855	-nan
3036		198.895	-nan
3037		198.935	-nan
3038		198.975	-nan
3039		199.015	-nan
3040		199.055	-nan
3041		199.095	-nan
3042		199.135	-nan
3043		199.175	-nan
3044		199.215	-nan
3045		199.255	444.44367020025
3046		199.295	439.34399378649
3047		199.335	437.54529423862
3048		199.375	437.3850987518
3049		199.415	437.22893489766
3050		199.455	436.69103711594
3051		199.495	435.79796267463
3052		199.535	435.05912566494
3053		199.575	434.36366423621
3054		199.615	433.79489496748
3055		199.655	433.35550271307
3056		199.695	-nan
3057		199.735	431.95526654778
3058		199.775	431.10707004494
3059		199.815	430.36636777793
3060		199.855	429.94357580576
3061		199.895	429.81274659994
3062		199.935	429.31248969329
3063		199.975	428.55536525881
3064		200.015	428.25615530296
3065		200.055	428.05454515303
3066		200.095	431.10854834502
3067		200.135	-nan
3068		200.175	-nan
3069		200.215	-nan
3070		200.255	-nan
3071		200.295	-nan
3072		200.335	-nan
3073		200.375	-nan
3074		200.415	-nan
3075		200.455	-nan
3076		200.495	-nan
3077		200.535	421.3557703507
3078		200.575	416.73573957157
3079		200.615	414.9970574349
3080		200.655	414.69641623758
3081		200.695	414.62858667852
3082		200.735	414.19319997991
3083		200.775	413.5997742286
3084		200.815	412.99949069617
3085		200.855	412.55915471068
3086		200.895	412.24601124547
3087		200.935	411.85198082011
3088		200.975	-nan
3089		201.015	410.54428927421
3090		201.055	409.56227272882
3091		201.095	408.66249377794
3092		201.135	408.13635529451
3093		201.175	407.52064292678
3094		201.215	406.60940464379
3095		201.255	405.43850227526
3096		201.295	402.17910411475
3097		201.335	401.90830276151
3098		201.375	403.68421400333
3099		201.415	-nan
3100		201.455	-nan
3101		201.495	-nan
3102		201.535	-nan
3103		201.575	-nan
3104		201.615	-nan
3105		201.655	-nan
3106		201.695	-nan
3107		201.735	-nan
3108		201.775	-nan
3109		201.815	403.81532213459
3110		201.855	399.58897112617
3111		201.895	398.34266556278
3112		201.935	397.92010366535
3113		201.975	397.53448371574
3114		202.015	397.01544175543
3115		202.055	396.07460386327
3116		202.095	395.31066243412
3117		202.135	394.77744840468
3118		202.175	394.28576829738
3119		202.215	393.94832421634
3120		202.255	-nan
3121		202.295	392.70998545616
3122		202.335	391.99697378446
3123		202.375	391.40934986587
3124		202.415	391.06664053317
3125		202.455	390.78472266055
3126		202.495	390.26290863268
3127		202.535	389.47608426536
3128		202.575	388.71792886148
3129		202.615	389.16439673224
3130		202.655	390.80887368719
3131		202.695	-nan
3132		202.735	-nan
3133		202.775	-nan
3134		202.815	-nan
3135		202.855	-nan
3136		202.895	-nan
3137		202.935	-nan
3138		202.975	-nan
3139		203.015	-nan
3140		203.055	-nan
3141		203.095	391.26688155138
3142		203.135	388.14685324777
3143		203.175	386.94658846211
3144		203.215	388.50079091173
3145		203.255	388.81336738471
3146		203.295	388.58947857379
3147		203.335	387.90674198165
3148		203.375	387.16189905242
3149		203.415	386.68525682778
3150		203.455	386.26334803877
3151		203.495	385.83406467223
3152		203.535	-nan
3153		203.575	384.33172118913
3154		203.615	383.49657786443
3155		203.655	382.83225306574
3156		203.695	382.24187885559
3157		203.735	381.76876975887
3158		203.775	381.11844102048
3159		203.815	380.23069784576
3160		203.855	379.59729281969
3161		203.895	379.54410285396
3162		203.935	381.09883088113
3163		203.975	-nan
3164		204.015	-nan
3165		204.055	-nan
3166		204.095	-nan
3167		204.135	-nan
3168		204.175	-nan
3169		204.215	-nan
3170		204.255	-nan
3171		204.295	-nan
3172		204.335	-nan
3173		204.375	376.03748923326
3174		204.415	372.07448042751
3175		204.455	370.60067477388
3176		204.495	370.21992053038
3177		204.535	369.78372522726
3178		204.575	369.4164480894
3179		204.615	368.78662206497
3180		204.655	368.21927021185
3181		204.695	367.85541151093
3182		204.735	367.67345748065
3183		204.775	367.43452963904
3184		204.815	-nan
3185		204.855	366.62870263654
3186		204.895	366.10563011995
3187		204.935	365.58783718481
3188		204.975	365.14113203495
3189		205.015	364.72639701251
3190		205.055	364.16229263626
3191		205.095	363.25172290695
3192		205.135	362.37499517067
3193		205.175	361.67184850979
3194		205.215	363.05058174621
3195		205.255	-nan
3196		205.295	-nan
3197		205.335	-nan
3198		205.375	-nan
3199		205.415	-nan
3200		205.455	-nan
3201		205.495	-nan
3202		205.535	-nan
3203		205.575	-nan
3204		205.615	-nan
3205		205.655	356.83697349142
3206		205.695	353.7885206875
3207		205.735	352.59304382029
3208		205.775	352.31372758428
3209		205.815	352.22539125869
3210		205.855	351.78177521554
3211		205.895	351.22093243397
3212		205.935	350.55649323914
3213		205.975	349.98275382942
3214		206.015	349.6112927984
3215		206.055	349.20127486907
3216		206.095	-nan
3217		206.135	347.92659737584
3218		206.175	347.22843418768
3219		206.215	346.45689408823
3220		206.255	346.10771571282
3221		206.295	345.71104837088
3222		206.335	344.28683058699
3223		206.375	341.41943168278
3224		206.415	337.84987087529
3225		206.455	335.65703862618
3226		206.495	332.83155234288
3227		206.535	-nan
3228		206.575	-nan
3229		206.615	-nan
3230		206.655	-nan
3231		206.695	-nan
3232		206.735	-nan
3233		206.775	-nan
3234		206.815	-nan
3235		206.855	-nan
3236		206.895	-nan
3237		206.935	212.72473363267
3238		206.975	209.98805700921
3239		207.015	209.92629973056
3240		207.055	210.30585307297
3241		207.095	210.65652587092
3242		207.135	210.71781717958
3243		207.175	210.6422526951
3244		207.215	210.16209566649
3245		207.255	209.87984607018
3246		207.295	209.88604434234
3247		207.335	209.89913592976
3248		207.375	-nan
3249		207.415	209.51098121821
3250		207.455	209.15400021827
3251		207.495	208.92406010454
3252		207.535	208.85667337229
3253		207.575	208.80776451858
3254		207.615	208.55060925303
3255		207.655	208.09535899927
3256		207.695	207.632391594
3257		207.735	207.98049186472
3258		207.775	210.17600532316
3259		207.815	-nan
3260		207.855	-nan
3261		207.895	-nan
3262		207.935	-nan
3263		207.975	-nan
3264		208.015	-nan
3265		208.055	-nan
3266		208.095	-nan
3267		208.135	-nan
3268		208.175	-nan
3269		208.215	214.50023396562
3270		208.255	211.45956422684
3271		208.295	211.43801111175
3272		208.335	213.20671512128
3273		208.375	213.27819354595
3274		208.415	213.2001039291
3275		208.455	212.83016821348
3276		208.495	212.47776722878
3277		208.535	212.26665040463
3278		208.575	212.21074606343
3279		208.615	212.11475096662
3280		208.655	-nan
3281		208.695	211.61190308127
3282		208.735	211.24745591463
3283		208.775	211.05897601675
3284		208.815	211.00007289108
3285		208.855	210.97932972933
3286		208.895	210.83243556406
3287		208.935	210.60666862248
3288		208.975	210.12177875419
3289		209.015	210.40246691056
3290		209.055	212.51100202432
3291		209.095	-nan
3292		209.135	-nan
3293		209.175	-nan
3294		209.215	-nan
3295		209.255	-nan
3296		209.295	-nan
3297		209.335	-nan
3298		209.375	-nan
3299		209.415	-nan
3300		209.455	-nan
3301		209.495	212.30968733156
3302		209.535	208.86225064592
3303		209.575	207.77997807843
3304		209.615	207.64236258902
3305		209.655	207.65563313853
3306		209.695	207.43586816123
3307		209.735	207.02570546488
3308		209.775	206.61401552366
3309		209.815	206.35758204322
3310		209.855	206.21877889428
3311		209.895	206.08145769444
3312		209.935	-nan
3313		209.975	205.38927302409
3314		210.015	204.91217040927
3315		210.055	204.55809634577
3316		210.095	204.30618599763
3317		210.135	204.13480029003
3318		210.175	203.8620146398
3319		210.215	203.34920410213
3320		210.255	202.86349683074
3321		210.295	202.91287870625
3322		210.335	204.97912585514
3323		210.375	-nan
3324		210.415	-nan
3325		210.455	-nan
3326		210.495	-nan
3327		210.535	-nan
3328		210.575	-nan
3329		210.615	-nan
3330		210.655	-nan
3331		210.695	-nan
3332		210.735	-nan
3333		210.775	202.29620173604
3334		210.815	199.07842006031
3335		210.855	197.88675672764
3336		210.895	197.60523126085
3337		210.935	197.48484965958
3338		210.975	197.17553106076
3339		211.015	196.69685009229
3340		211.055	196.2641024441
3341		211.095	195.96717071656
3342		211.135	195.8104623264
3343		211.175	195.66987105759
3344		211.215	-nan
3345		211.255	194.9668941815
3346		211.295	194.60754310515
3347		211.335	194.2383531762
3348		211.375	194.04223382249
3349		211.415	193.9091352021
3350		211.455	193.62020581488
3351		211.495	193.09488302726
3352		211.535	192.59174281457
3353		211.575	192.64740473478
3354		211.615	194.31480549014
3355		211.655	-nan
3356		211.695	-nan
3357		211.735	-nan
3358		211.775	-nan
3359		211.815	-nan
3360		211.855	-nan
3361		211.895	-nan
3362		211.935	-nan
3363		211.975	-nan
3364		212.015	-nan
3365		212.055	193.63622349042
3366		212.095	190.65685133223
3367		212.135	189.595950508
3368		212.175	189.39316771202
3369		212.215	189.26256659003
3370		212.255	188.91658385489
3371		212.295	188.44814181148
3372		212.335	187.9789285585
3373		212.375	187.64121442462
3374		212.415	187.33025292818
3375		212.455	187.11401356907
3376		212.495	-nan
3377		212.535	186.24047429337
3378		212.575	185.81648707882
3379		212.615	185.46269650313
3380		212.655	185.2011492594
3381		212.695	184.96502650819
3382		212.735	184.71550959026
3383		212.775	184.22994496092
3384		212.815	183.71209687021
3385		212.855	183.8400375511
3386		212.895	185.5149137362
3387		212.935	-nan
3388		212.975	-nan
3389		213.015	-nan
3390		213.055	-nan
3391		213.095	-nan
3392		213.135	-nan
3393		213.175	-nan
3394		213.215	-nan
3395		213.255	-nan
3396		213.295	-nan
3397		213.335	184.31814819145
3398		213.375	181.46463598195
3399		213.415	180.39760016426
3400		213.455	180.11413560743
3401		213.495	179.95898271699
3402		213.535	179.6628710283
3403		213.575	179.24031199983
3404		213.615	178.84744981288
3405		213.655	178.52606106288
3406		213.695	178.32849905725
3407		213.735	178.12722522433
3408		213.775	-nan
3409		213.815	177.3408362818
3410		213.855	176.81644978544
3411		213.895	176.38481312931
3412		213.935	176.11126467306
3413		213.975	175.83707245462
3414		214.015	175.41303798567
3415		214.055	174.7158509989
3416		214.095	173.89306262364
3417		214.135	173.23395702253
3418		214.175	174.56963189322
3419		214.215	-nan
3420		214.255	-nan
3421		214.295	-nan
3422		214.335	-nan
3423		214.375	-nan
3424		214.415	-nan
3425		214.455	-nan
3426		214.495	-nan
3427		214.535	-nan
3428		214.575	-nan
3429		214.615	171.36504678081
3430		214.655	168.80359445761
3431		214.695	167.81315366675
3432		214.735	167.56632260375
3433		214.775	167.43154089785
3434		214.815	167.05038481067
3435		214.855	166.59449509442
3436		214.895	166.18187868738
3437		214.935	165.85980326983
3438		214.975	165.61793265249
3439		215.015	165.39246160335
3440		215.055	-nan
3441		215.095	164.706008185
3442		215.135	164.34846068995
3443		215.175	164.0736457755
3444		215.215	163.88678863125
3445		215.255	163.75703392869
3446		215.295	163.54652628544
3447		215.335	163.10954347876
3448		215.375	162.6799323552
3449		215.415	162.69143791368
3450		215.455	163.74884874445
3451		215.495	-nan
3452		215.535	-nan
3453		215.575	-nan
3454		215.615	-nan
3455		215.655	-nan
3456		215.695	-nan
3457		215.735	-nan
3458		215.775	-nan
3459		215.815	-nan
3460		215.855	-nan
3461		215.895	165.32589159143
3462		215.935	163.20414026039
3463		215.975	162.76986962597
3464		216.015	162.71867238949
3465		216.055	162.87703357848
3466		216.095	162.69775133967
3467		216.135	162.37617966315
3468		216.175	162.04263290018
3469		216.215	161.81472771603
3470		216.255	161.68205667323
3471		216.295	161.5378354582
3472		216.335	-nan
3473		216.375	160.92582151633
3474		216.415	160.52085235217
3475		216.455	160.21772055597
3476		216.495	159.94507078332
3477		216.535	159.78457351319
3478		216.575	159.5218839562
3479		216.615	159.05234231169
3480		216.655	158.22734381953
3481		216.695	158.33303910546
3482		216.735	159.57973511757
3483		216.775	-nan
3484		216.815	-nan
3485		216.855	-nan
3486		216.895	-nan
3487		216.935	-nan
3488		216.975	-nan
3489		217.015	-nan
3490		217.055	-nan
3491		217.095	-nan
3492		217.135	-nan
3493		217.175	159.63441832935
3494		217.215	157.37741013007
3495		217.255	156.88757398552
3496		217.295	156.77547402657
3497		217.335	156.67963307808
3498		217.375	156.42713926187
3499		217.415	156.15803625834
3500		217.455	155.77869548875
3501		217.495	155.57165665181
3502		217.535	155.43891418406
3503		217.575	155.3369948012
3504		217.615	-nan
3505		217.655	154.86602239244
3506		217.695	154.60079545137
3507		217.735	154.39188903446
3508		217.775	154.22355302777
3509		217.815	154.12894097569
3510		217.855	153.93768605737
3511		217.895	153.56932307054
3512		217.935	153.2060983042
3513		217.975	152.90270079117
3514		218.015	154.25778095091
3515		218.055	-nan
3516		218.095	-nan
3517		218.135	-nan
3518		218.175	-nan
3519		218.215	-nan
3520		218.255	-nan
3521		218.295	-nan
3522		218.335	-nan
3523		218.375	-nan
3524		218.415	-nan
3525		218.455	152.75591589035
3526		218.495	150.97973643078
3527		218.535	150.26349528736
3528		218.575	150.40508114368
3529		218.615	150.42389739246
3530		218.655	150.23614998476
3531		218.695	149.97361230017
3532		218.735	149.7189202195
3533		218.775	149.52225091651
3534		218.815	149.39057029296
3535		218.855	149.28416339177
3536		218.895	-nan
3537		218.935	148.80730731991
3538		218.975	148.53869163303
3539		219.015	148.31308353804
3540		219.055	148.18386336295
3541		219.095	148.14927856797
3542		219.135	147.97956341138
3543		219.175	147.71120059868
3544		219.215	147.43516209773
3545		219.255	147.58819905463
3546		219.295	148.86312591014
3547		219.335	-nan
3548		219.375	-nan
3549		219.415	-nan
3550		219.455	-nan
3551		219.495	-nan
3552		219.535	-nan
3553		219.575	-nan
3554		219.615	-nan
3555		219.655	-nan
3556		219.695	-nan
3557		219.735	149.30086853159
3558		219.775	147.35348844298
3559		219.815	146.68443094893
3560		219.855	146.55598787201
3561		219.895	146.51074271868
3562		219.935	146.36471585996
3563		219.975	146.10673605869
3564		220.015	145.8936600892
3565		220.055	145.74955922617
3566		220.095	145.6767488983
3567		220.135	145.59367811596
3568		220.175	-nan
3569		220.215	145.21936777822
3570		220.255	144.98980140473
3571		220.295	144.78786657445
3572		220.335	144.67546268898
3573		220.375	144.57434747074
3574		220.415	144.4050109351
3575		220.455	144.09369845665
3576		220.495	143.67848635851
3577		220.535	143.80942949268
3578		220.575	144.94632343853
3579		220.615	-nan
3580		220.655	-nan
3581		220.695	-nan
3582		220.735	-nan
3583		220.775	-nan
3584		220.815	-nan
3585		220.855	-nan
3586		220.895	-nan
3587		220.935	-nan
3588		220.975	-nan
3589		221.015	143.59088037562
3590		221.055	141.71325298578
3591		221.095	141.04126785325
3592		221.135	140.91213612074
3593		221.175	140.86771234756
3594		221.215	140.69324058013
3595		221.255	140.40377161538
3596		221.295	140.14138159566
3597		221.335	139.95346460421
3598		221.375	139.80831684575
3599		221.415	139.70239199648
3600		221.455	-nan
3601		221.495	139.30375256989
3602		221.535	139.0661367705
3603		221.575	138.89139866542
3604		221.615	138.82262727416
3605		221.655	138.78355966711
3606		221.695	138.68492160728
3607		221.735	138.4479144733
3608		221.775	138.18761097655
3609		221.815	138.21651419961
3610		221.855	139.45844157759
3611		221.895	-nan
3612		221.935	-nan
3613		221.975	-nan
3614		222.015	-nan
3615		222.055	-nan
3616		222.095	-nan
3617		222.135	-nan
3618		222.175	-nan
3619		222.215	-nan
3620		222.255	-nan
3621		222.295	139.12890836694
3622		222.335	137.37439572634
3623		222.375	136.73027250924
3624		222.415	136.65427965925
3625		222.455	136.61431624891
3626		222.495	136.46528319901
3627		222.535	136.2351395943
3628		222.575	135.9885637966
3629		222.615	135.85482427786
3630		222.655	135.76040468744
3631		222.695	135.62251304183
3632		222.735	-nan
3633		222.775	135.20021484206
3634		222.815	134.94228573489
3635		222.855	134.73878684272
3636		222.895	134.56342295883
3637		222.935	134.42771679551
3638		222.975	134.19866943315
3639		223.015	133.62095773131
3640		223.055	132.74818346073
3641		223.095	131.5099902648
3642		223.135	132.07854839408
3643		223.175	-nan
3644		223.215	-nan
3645		223.255	-nan
3646		223.295	-nan
3647		223.335	-nan
3648		223.375	-nan
3649		223.415	-nan
3650		223.455	-nan
3651		223.495	-nan
3652		223.535	-nan
3653		223.575	93.373514552938
3654		223.615	92.291011673275
3655		223.655	91.8737639488
3656		223.695	91.846460336111
3657		223.735	91.994838291146
3658		223.775	91.97210869482
3659		223.815	91.856149371854
3660		223.855	91.717590793258
3661		223.895	91.600563827144
3662		223.935	91.570451142821
3663		223.975	91.520915056024
3664		224.015	-nan
3665		224.055	91.27743808376
3666		224.095	91.118126103203
3667		224.135	91.013016633598
3668		224.175	90.95520675113
3669		224.215	90.940330796536
3670		224.255	90.857580493298
3671		224.295	90.664259979491
3672		224.335	90.413811055229
3673		224.375	90.557792644211
3674		224.415	91.539320123281
3675		224.455	-nan
3676		224.495	-nan
3677		224.535	-nan
3678		224.575	-nan
3679		224.615	-nan
3680		224.655	-nan
3681		224.695	-nan
3682		224.735	-nan
3683		224.775	-nan
3684		224.815	-nan
3685		224.855	91.853316095344
3686		224.895	90.279452802644
3687		224.935	89.843844931818
3688		224.975	89.810717631892
3689		225.015	90.051373965842
3690		225.055	89.697409734579
3691		225.095	89.500593843483
3692		225.135	89.303259249318
3693		225.175	89.184157043209
3694		225.215	89.11647933994
3695		225.255	89.053254758469
3696		225.295	-nan
3697		225.335	88.72580700051
3698		225.375	88.538808332006
3699		225.415	88.402503795873
3700		225.455	88.35405243286
3701		225.495	88.310669147637
3702		225.535	88.224684343557
3703		225.575	88.016691010977
3704		225.615	87.834328922451
3705		225.655	87.947194351503
3706		225.695	88.938626790325
3707		225.735	-nan
3708		225.775	-nan
3709		225.815	-nan
3710		225.855	-nan
3711		225.895	-nan
3712		225.935	-nan
3713		225.975	-nan
3714		226.015	-nan
3715		226.055	-nan
3716		226.095	-nan
3717		226.135	88.921217248602
3718		226.175	87.462162982127
3719		226.215	86.953848097363
3720		226.255	86.910639205193
3721		226.295	86.896091436893
3722		226.335	86.782689791471
3723		226.375	86.593631201979
3724		226.415	86.4214712794
3725		226.455	86.307930365768
3726		226.495	86.237198926994
3727		226.535	86.197343067332
3728		226.575	-nan
3729		226.615	85.927997869007
3730		226.655	85.736404201804
3731		226.695	85.619983871731
3732		226.735	85.562968983971
3733		226.775	85.520044002818
3734		226.815	85.414822973292
3735		226.855	85.217219853934
3736		226.895	85.084807549563
3737		226.935	85.14139995728
3738		226.975	85.975710611028
3739		227.015	-nan
3740		227.055	-nan
3741		227.095	-nan
3742		227.135	-nan
3743		227.175	-nan
3744		227.215	-nan
3745		227.255	-nan
3746		227.295	-nan
3747		227.335	-nan
3748		227.375	-nan
3749		227.415	86.105942413085
3750		227.455	84.672798891227
3751		227.495	84.205944219937
3752		227.535	84.14663828443
3753		227.575	84.087984710751
3754		227.615	83.978616921997
3755		227.655	83.786950745511
3756		227.695	83.579325002485
3757		227.735	83.463539620005
3758		227.775	83.387676650469
3759		227.815	83.297378079002
3760		227.855	-nan
3761		227.895	83.004495055804
3762		227.935	82.828394256937
3763		227.975	82.710603523997
3764		228.015	82.639464830947
3765		228.055	82.608238015908
3766		228.095	82.547701892428
3767		228.135	82.332399253584
3768		228.175	82.143206207961
3769		228.215	82.232144954155
3770		228.255	83.090945531882
3771		228.295	-nan
3772		228.335	-nan
3773		228.375	-nan
3774		228.415	-nan
3775		228.455	-nan
3776		228.495	-nan
3777		228.535	-nan
3778		228.575	-nan
3779		228.615	-nan
3780		228.655	-nan
3781		228.695	83.197907367717
3782		228.735	81.904879768671
3783		228.775	81.347708182023
3784		228.815	81.284169960973
3785		228.855	81.256146963839
3786		228.895	81.168063203193
3787		228.935	81.018020141797
3788		228.975	80.861391542487
3789		229.015	80.772099810867
3790		229.055	80.722116749105
3791		229.095	80.701399890928
3792		229.135	-nan
3793		229.175	80.402683985495
3794		229.215	80.263647095825
3795		229.255	80.146254916125
3796		229.295	80.071836876518
3797		229.335	80.051888453737
3798		229.375	79.96239351705
3799		229.415	79.801550365642
3800		229.455	79.633032647476
3801		229.495	79.67458982733
3802		229.535	80.505341759356
3803		229.575	-nan
3804		229.615	-nan
3805		229.655	-nan
3806		229.695	-nan
3807		229.735	-nan
3808		229.775	-nan
3809		229.815	-nan
3810		229.855	-nan
3811		229.895	-nan
3812		229.935	-nan
3813		229.975	80.830237389124
3814		230.015	79.596823887656
3815		230.055	79.186533661523
3816		230.095	79.107709530016
3817		230.135	79.085522831557
3818		230.175	78.994903337414
3819		230.215	78.824764142869
3820		230.255	78.689635774131
3821		230.295	78.614234930718
3822		230.335	78.53605357484
3823		230.375	78.492104864496
3824		230.415	-nan
3825		230.455	78.258376593636
3826		230.495	78.143714980231
3827		230.535	78.061166661318
3828		230.575	78.015840366161
3829		230.615	78.011779485687
3830		230.655	77.943328134629
3831		230.695	77.79998471902
3832		230.735	77.6451730314
3833		230.775	77.732859136196
3834		230.815	78.49659724329
3835		230.855	-nan
3836		230.895	-nan
3837		230.935	-nan
3838		230.975	-nan
3839		231.015	-nan
