0				167.045	-nan
1				167.065	-nan
2				167.085	-nan
3				167.105	-nan
4				167.125	-nan
5				167.145	-nan
6				167.165	-nan
7				167.185	-nan
8				167.205	-nan
9				167.225	-nan
10			167.245	728.61112227139
11			167.265	727.89859389478
12			167.285	727.03026581265
13			167.305	726.59216734387
14			167.325	726.11411068181
15			167.345	725.58731421903
16			167.365	725.25909479061
17			167.385	724.81065346982
18			167.405	724.19359249962
19			167.425	723.80552019803
20			167.445	723.38915571705
21			167.465	722.87271941297
22			167.485	722.50919017786
23			167.505	721.98284846827
24			167.525	721.59528054085
25			167.545	721.18278970882
26			167.565	720.83676480783
27			167.585	720.50479888686
28			167.605	720.22965051379
29			167.625	719.73956109853
30			167.645	719.28437520432
31			167.665	715.4487410029
32			167.685	-nan
33			167.705	715.0487982639
34			167.725	718.5357190974
35			167.745	718.39929788652
36			167.765	718.3620903691
37			167.785	718.2681733572
38			167.805	718.1266748687
39			167.825	717.96129936007
40			167.845	717.77956393689
41			167.865	717.76979790107
42			167.885	717.76283242104
43			167.905	717.72569581109
44			167.925	717.53599614504
45			167.945	717.44343087116
46			167.965	717.20122730854
47			167.985	717.09514486647
48			168.005	716.87979272287
49			168.025	716.71596317305
50			168.045	716.60038360054
51			168.065	716.56722439529
52			168.085	716.59792252038
53			168.105	716.74951843121
54			168.125	-nan
55			168.145	-nan
56			168.165	-nan
57			168.185	-nan
58			168.205	-nan
59			168.225	-nan
60			168.245	-nan
61			168.265	-nan
62			168.285	-nan
63			168.305	-nan
64			168.325	-nan
65			168.345	-nan
66			168.365	-nan
67			168.385	-nan
68			168.405	-nan
69			168.425	-nan
70			168.445	-nan
71			168.465	-nan
72			168.485	-nan
73			168.505	-nan
74			168.525	709.93003397138
75			168.545	709.30595990001
76			168.565	708.88394920583
77			168.585	708.58320118594
78			168.605	708.42674350045
79			168.625	708.28488276792
80			168.645	708.33918808265
81			168.665	708.32394977311
82			168.685	708.4250290609
83			168.705	708.46344634964
84			168.725	708.48466595112
85			168.745	708.58573976314
86			168.765	708.64843494454
87			168.785	708.39982185257
88			168.805	708.35428916329
89			168.825	708.23256895233
90			168.845	708.08765257532
91			168.865	708.05145706137
92			168.885	707.84290226793
93			168.905	707.68042896292
94			168.925	707.30360500144
95			168.945	703.50478180566
96			168.965	-nan
97			168.985	702.72138714161
98			169.005	706.26035225471
99			169.025	706.16552218126
100			169.045	706.19047712361
101			169.065	705.94302983623
102			169.085	705.73222266516
103			169.105	705.45394121469
104			169.125	705.3950013946
105			169.145	705.21022857709
106			169.165	705.19439628798
107			169.185	704.84788666075
108			169.205	704.70185630745
109			169.225	704.72024454186
110			169.245	704.51366571721
111			169.265	704.43407538607
112			169.285	704.23842341023
113			169.305	704.28105286785
114			169.325	704.14845492586
115			169.345	704.22462015156
116			169.365	704.38390049611
117			169.385	704.76836591354
118			169.405	-nan
119			169.425	-nan
120			169.445	-nan
121			169.465	-nan
122			169.485	-nan
123			169.505	-nan
124			169.525	-nan
125			169.545	-nan
126			169.565	-nan
127			169.585	-nan
128			169.605	-nan
129			169.625	-nan
130			169.645	-nan
131			169.665	-nan
132			169.685	-nan
133			169.705	-nan
134			169.725	-nan
135			169.745	-nan
136			169.765	-nan
137			169.785	-nan
138			169.805	702.74424613171
139			169.825	702.10152234314
140			169.845	701.38977321028
141			169.865	700.95738336381
142			169.885	700.71291381839
143			169.905	700.33704382954
144			169.925	699.9868871052
145			169.945	699.77116966206
146			169.965	699.70625015761
147			169.985	699.47617052992
148			170.005	699.13519670242
149			170.025	699.03946358798
150			170.045	698.74398491235
151			170.065	698.6780173127
152			170.085	698.45965236416
153			170.105	698.31848192835
154			170.125	698.27876200434
155			170.145	698.18665135844
156			170.165	698.20953691988
157			170.185	698.18487737272
158			170.205	698.05633946241
159			170.225	693.97687129069
160			170.245	-nan
161			170.265	694.24210478242
162			170.285	698.67413651006
163			170.305	698.85823192959
164			170.325	699.01237845091
165			170.345	699.15712103375
166			170.365	699.24076482505
167			170.385	699.31776393663
168			170.405	699.29912099143
169			170.425	699.38972507693
170			170.445	699.25350372088
171			170.465	699.32474811922
172			170.485	699.10249413905
173			170.505	698.96539984944
174			170.525	698.94064582601
175			170.545	698.75002487502
176			170.565	698.5612326908
177			170.585	698.53088244643
178			170.605	698.24351825435
179			170.625	698.35458857547
180			170.645	698.25895938541
181			170.665	698.50713736067
182			170.685	-nan
183			170.705	-nan
184			170.725	-nan
185			170.745	-nan
186			170.765	-nan
187			170.785	-nan
188			170.805	-nan
189			170.825	-nan
190			170.845	-nan
191			170.865	-nan
192			170.885	-nan
193			170.905	-nan
194			170.925	-nan
195			170.945	-nan
196			170.965	-nan
197			170.985	-nan
198			171.005	-nan
199			171.025	-nan
200			171.045	-nan
201			171.065	-nan
202			171.085	696.81583720019
203			171.105	696.35960153748
204			171.125	696.14650530819
205			171.145	695.9698915696
206			171.165	695.88785294793
207			171.185	695.99894736986
208			171.205	695.97835628387
209			171.225	696.02449765806
210			171.245	696.17275900609
211			171.265	696.04710524511
212			171.285	695.93175634542
213			171.305	695.92298569215
214			171.325	695.72503574251
215			171.345	695.50719391265
216			171.365	695.30601114083
217			171.385	695.17662613276
218			171.405	694.82423310198
219			171.425	694.73417006287
220			171.445	694.66138270606
221			171.465	694.29783193382
222			171.485	693.89532201356
223			171.505	689.76670469413
224			171.525	-nan
225			171.545	689.60207893588
226			171.565	693.34703741083
227			171.585	693.24850866408
228			171.605	693.22777107838
229			171.625	693.06307850686
230			171.645	692.86261226612
231			171.665	692.79651442153
232			171.685	692.72172432569
233			171.705	692.6795679628
234			171.725	692.55788556884
235			171.745	692.7199144951
236			171.765	692.84369712845
237			171.785	692.82460782078
238			171.805	692.7983155321
239			171.825	693.24786971267
240			171.845	692.9611275294
241			171.865	693.12244763418
242			171.885	693.41653983696
243			171.905	693.57183527337
244			171.925	693.94479026842
245			171.945	694.31157749218
246			171.965	-nan
247			171.985	-nan
248			172.005	-nan
249			172.025	-nan
250			172.045	-nan
251			172.065	-nan
252			172.085	-nan
253			172.105	-nan
254			172.125	-nan
255			172.145	-nan
256			172.165	-nan
257			172.185	-nan
258			172.205	-nan
259			172.225	-nan
260			172.245	-nan
261			172.265	-nan
262			172.285	-nan
263			172.305	-nan
264			172.325	-nan
265			172.345	-nan
266			172.365	690.79778247053
267			172.385	690.19029844666
268			172.405	689.63151144382
269			172.425	689.2966907345
270			172.445	688.98591394333
271			172.465	688.86520181889
272			172.485	688.5431190043
273			172.505	688.54490050554
274			172.525	688.4955768829
275			172.545	688.27690963672
276			172.565	688.2683502863
277			172.585	688.18526797387
278			172.605	687.97842011199
279			172.625	687.96108098812
280			172.645	687.91109519187
281			172.665	687.88323667324
282			172.685	687.9497703971
283			172.705	687.97553293598
284			172.725	688.10291273017
285			172.745	687.96739098667
286			172.765	687.79008744844
287			172.785	684.2081637854
288			172.805	-nan
289			172.825	683.9353507633
290			172.845	687.62426345925
291			172.865	687.59986343479
292			172.885	687.69253729393
293			172.905	687.54869675796
294			172.925	687.29262685896
295			172.945	687.15114538177
296			172.965	687.14147996597
297			172.985	686.75631803316
298			173.005	686.66454926054
299			173.025	686.34753361394
300			173.045	686.09560947285
301			173.065	685.70162373815
302			173.085	685.52947566658
303			173.105	685.22188230547
304			173.125	684.90379886994
305			173.145	684.74315583288
306			173.165	684.41577011171
307			173.185	684.34088381238
308			173.205	684.21299855189
309			173.225	684.35125176715
310			173.245	-nan
311			173.265	-nan
312			173.285	-nan
313			173.305	-nan
314			173.325	-nan
315			173.345	-nan
316			173.365	-nan
317			173.385	-nan
318			173.405	-nan
319			173.425	-nan
320			173.445	-nan
321			173.465	-nan
322			173.485	-nan
323			173.505	-nan
324			173.525	-nan
325			173.545	-nan
326			173.565	-nan
327			173.585	-nan
328			173.605	-nan
329			173.625	-nan
330			173.645	681.60438347307
331			173.665	680.97624867958
332			173.685	680.33688995369
333			173.705	679.9261055148
334			173.725	679.4727940741
335			173.745	679.24980844282
336			173.765	678.80297690823
337			173.785	678.43961742729
338			173.805	678.1373624042
339			173.825	677.68552256763
340			173.845	677.36744090103
341			173.865	676.92983111214
342			173.885	676.44499420712
343			173.905	676.03467176382
344			173.925	675.57276825631
345			173.945	675.13650712724
346			173.965	674.81348349649
347			173.985	674.44256294945
348			174.005	674.03647815196
349			174.025	673.61768888608
350			174.045	673.2153706571
351			174.065	669.09268867725
352			174.085	-nan
353			174.105	668.27740909855
354			174.125	671.72661217529
355			174.145	671.64374013189
356			174.165	671.5589780617
357			174.185	671.31575052929
358			174.205	671.14037204699
359			174.225	671.0063431977
360			174.245	670.8232197738
361			174.265	670.63942005572
362			174.285	670.61604795612
363			174.305	670.56934173535
364			174.325	670.39813979023
365			174.345	670.24738009692
366			174.365	670.04417812701
367			174.385	669.93692140153
368			174.405	669.74919373022
369			174.425	669.50181395143
370			174.445	669.33844255218
371			174.465	669.2137411931
372			174.485	669.24782459253
373			174.505	669.21303871077
374			174.525	-nan
375			174.545	-nan
376			174.565	-nan
377			174.585	-nan
378			174.605	-nan
379			174.625	-nan
380			174.645	-nan
381			174.665	-nan
382			174.685	-nan
383			174.705	-nan
384			174.725	-nan
385			174.745	-nan
386			174.765	-nan
387			174.785	-nan
388			174.805	-nan
389			174.825	-nan
390			174.845	-nan
391			174.865	-nan
392			174.885	-nan
393			174.905	-nan
394			174.925	660.36273257993
395			174.945	659.68255211668
396			174.965	659.04732057036
397			174.985	658.54065897525
398			175.005	659.73950540189
399			175.025	657.91592954694
400			175.045	657.73497187836
401			175.065	657.51815252921
402			175.085	657.39181071591
403			175.105	657.10179161783
404			175.125	656.77781583681
405			175.145	656.62679573884
406			175.165	656.27862498338
407			175.185	655.89678095817
408			175.205	655.62491650318
409			175.225	655.3151056608
410			175.245	655.35818514218
411			175.265	654.63258142584
412			175.285	654.27038114959
413			175.305	653.78907184179
414			175.325	653.12361238669
415			175.345	648.88986325447
416			175.365	-nan
417			175.385	647.83653839662
418			175.405	651.29242565023
419			175.425	650.96740847788
420			175.445	650.50660535877
421			175.465	650.08303017039
422			175.485	649.46430303133
423			175.505	649.00977946393
424			175.525	648.56158676086
425			175.545	647.97547832969
426			175.565	647.53779884063
427			175.585	647.05227984185
428			175.605	646.59336683673
429			175.625	646.21545700088
430			175.645	645.63459476116
431			175.665	645.3432941674
432			175.685	644.78378144405
433			175.705	644.44708104647
434			175.725	644.06237324482
435			175.745	643.80578355847
436			175.765	643.77478332127
437			175.785	643.8218235409
438			175.805	-nan
439			175.825	-nan
440			175.845	-nan
441			175.865	-nan
442			175.885	-nan
443			175.905	-nan
444			175.925	-nan
445			175.945	-nan
446			175.965	-nan
447			175.985	-nan
448			176.005	-nan
449			176.025	-nan
450			176.045	-nan
451			176.065	-nan
452			176.085	-nan
453			176.105	-nan
454			176.125	-nan
455			176.145	-nan
456			176.165	-nan
457			176.185	-nan
458			176.205	637.11842096933
459			176.225	636.28506411328
460			176.245	635.29561425964
461			176.265	634.55028085511
462			176.285	633.83522271762
463			176.305	633.23310667269
464			176.325	632.46483021486
465			176.345	632.06955411472
466			176.365	631.25677714988
467			176.385	630.67436340124
468			176.405	629.94155590073
469			176.425	629.2392176952
470			176.445	628.78563354588
471			176.465	628.21101577011
472			176.485	627.6305000677
473			176.505	627.17539278455
474			176.525	626.65997844601
475			176.545	626.32146433668
476			176.565	625.84093698169
477			176.585	625.52483385642
478			176.605	625.15697124342
479			176.625	621.12126192939
480			176.645	-nan
481			176.665	619.68931531497
482			176.685	623.51927673615
483			176.705	623.38717579426
484			176.725	623.18253093649
485			176.745	622.85366985001
486			176.765	622.56135252279
487			176.785	622.29324028131
488			176.805	622.28742285629
489			176.825	621.85726204623
490			176.845	621.41752567332
491			176.865	621.15546818928
492			176.885	620.89257385091
493			176.905	620.50815714924
494			176.925	620.03303576606
495			176.945	619.60966683383
496			176.965	619.0736204925
497			176.985	618.70586192102
498			177.005	618.40708740187
499			177.025	618.00704085706
500			177.045	617.83110555135
501			177.065	617.73452910109
502			177.085	-nan
503			177.105	-nan
504			177.125	-nan
505			177.145	-nan
506			177.165	-nan
507			177.185	-nan
508			177.205	-nan
509			177.225	-nan
510			177.245	-nan
511			177.265	-nan
512			177.285	-nan
513			177.305	-nan
514			177.325	-nan
515			177.345	-nan
516			177.365	-nan
517			177.385	-nan
518			177.405	-nan
519			177.425	-nan
520			177.445	-nan
521			177.465	-nan
522			177.485	608.71632735462
523			177.505	608.12722599561
524			177.525	607.45788269233
525			177.545	606.99535212135
526			177.565	606.5980459357
527			177.585	606.12624327933
528			177.605	605.7800634558
529			177.625	605.51840769267
530			177.645	605.08952439369
531			177.665	604.70056094118
532			177.685	604.35564312392
533			177.705	603.81089330069
534			177.725	603.39352943034
535			177.745	603.03956765922
536			177.765	602.61015131333
537			177.785	602.06055702413
538			177.805	601.64953587546
539			177.825	601.03066833878
540			177.845	600.51720365174
541			177.865	599.95939247207
542			177.885	599.23998216637
543			177.905	594.69895100249
544			177.925	-nan
545			177.945	593.02885330597
546			177.965	596.57570861773
547			177.985	596.04390846902
548			178.005	595.68524071015
549			178.025	595.07809088619
550			178.045	594.61388942147
551			178.065	594.22337629392
552			178.085	593.75364200067
553			178.105	593.42176929076
554			178.125	593.16870164876
555			178.145	592.87900647408
556			178.165	592.66465874794
557			178.185	592.42830199684
558			178.205	592.18136395958
559			178.225	591.93531158061
560			178.245	591.86190664221
561			178.265	591.48913633243
562			178.285	591.43513950607
563			178.305	591.34697756039
564			178.325	591.44531092822
565			178.345	591.58341696635
566			178.365	-nan
567			178.385	-nan
568			178.405	-nan
569			178.425	-nan
570			178.445	-nan
571			178.465	-nan
572			178.485	-nan
573			178.505	-nan
574			178.525	-nan
575			178.545	-nan
576			178.565	-nan
577			178.585	-nan
578			178.605	-nan
579			178.625	-nan
580			178.645	-nan
581			178.665	-nan
582			178.685	-nan
583			178.705	-nan
584			178.725	-nan
585			178.745	-nan
586			178.765	584.00671494546
587			178.785	583.20807613306
588			178.805	582.36567057004
589			178.825	581.69915247679
590			178.845	581.11848495605
591			178.865	580.6994840305
592			178.885	580.16127536187
593			178.905	579.90837256085
594			178.925	579.40189438666
595			178.945	579.08400576031
596			178.965	578.73976411941
597			178.985	578.35731165447
598			179.005	578.09217421289
599			179.025	577.7903891984
600			179.045	577.54850647976
601			179.065	577.35994089811
602			179.085	577.08212491934
603			179.105	576.92999783284
604			179.125	576.64510136422
605			179.145	576.44748250016
606			179.165	575.83147030636
607			179.185	571.4879721807
608			179.205	-nan
609			179.225	570.70454210345
610			179.245	574.86191896951
611			179.265	574.68491874233
612			179.285	574.50199530332
613			179.305	574.23251918685
614			179.325	573.99645492842
615			179.345	573.58759364583
616			179.365	573.32317842885
617			179.385	573.17131561581
618			179.405	572.73459233152
619			179.425	572.41842501562
620			179.445	572.05703440171
621			179.465	571.54360705467
622			179.485	571.20353016978
623			179.505	570.78643081051
624			179.525	570.24361629341
625			179.545	569.68041086804
626			179.565	569.46503035707
627			179.585	569.07705268221
628			179.605	569.0250696583
629			179.625	569.02159554523
630			179.645	-nan
631			179.665	-nan
632			179.685	-nan
633			179.705	-nan
634			179.725	-nan
635			179.745	-nan
636			179.765	-nan
637			179.785	-nan
638			179.805	-nan
639			179.825	-nan
640			179.845	-nan
641			179.865	-nan
642			179.885	-nan
643			179.905	-nan
644			179.925	-nan
645			179.945	-nan
646			179.965	-nan
647			179.985	-nan
648			180.005	-nan
649			180.025	-nan
650			180.045	565.33026825363
651			180.065	564.72082427325
652			180.085	564.1098759142
653			180.105	563.78131788147
654			180.125	563.38726012422
655			180.145	563.1097063688
656			180.165	562.74537641837
657			180.185	562.54747381821
658			180.205	562.09469003201
659			180.225	561.7657858855
660			180.245	561.40336237304
661			180.265	561.03071047748
662			180.285	560.70045310119
663			180.305	560.26960078775
664			180.325	559.70883497721
665			180.345	559.35292550982
666			180.365	558.92614072055
667			180.385	558.47732547644
668			180.405	558.14779228956
669			180.425	557.71255291827
670			180.445	557.34154716841
671			180.465	552.71561530076
672			180.485	-nan
673			180.505	551.55073719947
674			180.525	555.708700038
675			180.545	555.80894339756
676			180.565	555.6566983815
677			180.585	555.4154991786
678			180.605	555.27261445134
679			180.625	555.16208614697
680			180.645	555.00550476021
681			180.665	554.95545533799
682			180.685	554.91745746688
683			180.705	554.87654360574
684			180.725	554.77869389815
685			180.745	554.74321887433
686			180.765	554.67198511695
687			180.785	554.54802273115
688			180.805	554.47942557395
689			180.825	554.61268109235
690			180.845	554.51678146823
691			180.865	554.5135107432
692			180.885	554.95291386407
693			180.905	554.98296399822
694			180.925	-nan
695			180.945	-nan
696			180.965	-nan
697			180.985	-nan
698			181.005	-nan
699			181.025	-nan
700			181.045	-nan
701			181.065	-nan
702			181.085	-nan
703			181.105	-nan
704			181.125	-nan
705			181.145	-nan
706			181.165	-nan
707			181.185	-nan
708			181.205	-nan
709			181.225	-nan
710			181.245	-nan
711			181.265	-nan
712			181.285	-nan
713			181.305	-nan
714			181.325	550.10976664905
715			181.345	549.55286096413
716			181.365	549.08134131484
717			181.385	548.67799685922
718			181.405	548.52033102823
719			181.425	548.39576090612
720			181.445	548.28082510232
721			181.465	548.23158604947
722			181.485	548.09314834381
723			181.505	548.09549759025
724			181.525	547.90247276537
725			181.545	547.83865015293
726			181.565	547.67193300724
727			181.585	547.56486364881
728			181.605	547.40576602751
729			181.625	547.3536970542
730			181.645	547.17489027273
731			181.665	547.09497976246
732			181.685	547.0499011921
733			181.705	546.64853826096
734			181.725	546.40571201575
735			181.745	541.84277025125
736			181.765	-nan
737			181.785	541.19241958135
738			181.805	545.45900987454
739			181.825	545.23367836716
740			181.845	545.11265788028
741			181.865	544.76689551535
742			181.885	544.47802688466
743			181.905	544.17983625073
744			181.925	543.94390652259
745			181.945	543.65501957697
746			181.965	543.37450181339
747			181.985	543.07693998944
748			182.005	542.87534286047
749			182.025	542.63904127848
750			182.045	542.29688280859
751			182.065	542.10228047776
752			182.085	541.9181614843
753			182.105	541.76317917324
754			182.125	541.69762135443
755			182.145	541.6906075001
756			182.165	541.85355949159
757			182.185	542.15973583742
758			182.205	-nan
759			182.225	-nan
760			182.245	-nan
761			182.265	-nan
762			182.285	-nan
763			182.305	-nan
764			182.325	-nan
765			182.345	-nan
766			182.365	-nan
767			182.385	-nan
768			182.405	-nan
769			182.425	-nan
770			182.445	-nan
771			182.465	-nan
772			182.485	-nan
773			182.505	-nan
774			182.525	-nan
775			182.545	-nan
776			182.565	-nan
777			182.585	-nan
778			182.605	541.82864986953
779			182.625	541.05785593886
780			182.645	540.4736640204
781			182.665	539.9610449014
782			182.685	539.60669960246
783			182.705	539.2956757288
784			182.725	538.8481528205
785			182.745	538.58849314821
786			182.765	538.3215656055
787			182.785	538.00498392886
788			182.805	537.6744980619
789			182.825	537.36674472285
790			182.845	537.09435944345
791			182.865	536.92809751532
792			182.885	536.60264937636
793			182.905	536.31510299894
794			182.925	536.13795493916
795			182.945	535.9066932194
796			182.965	535.81460842343
797			182.985	535.58938207682
798			183.005	535.17495668634
799			183.025	530.82306243265
800			183.045	-nan
801			183.065	530.67160180663
802			183.085	535.0048405018
803			183.105	534.97988144783
804			183.125	534.99528338646
805			183.145	534.9578150057
806			183.165	534.96651945503
807			183.185	534.85979947993
808			183.205	534.85587052325
809			183.225	534.779589766
810			183.245	534.91077708246
811			183.265	534.83613045976
812			183.285	534.75127279407
813			183.305	534.63320056944
814			183.325	534.59345007805
815			183.345	534.48215917994
816			183.365	534.27373874037
817			183.385	534.11220464685
818			183.405	534.05696046675
819			183.425	534.03508340542
820			183.445	534.0709557174
821			183.465	534.30655167028
822			183.485	-nan
823			183.505	-nan
824			183.525	-nan
825			183.545	-nan
826			183.565	-nan
827			183.585	-nan
828			183.605	-nan
829			183.625	-nan
830			183.645	-nan
831			183.665	-nan
832			183.685	-nan
833			183.705	-nan
834			183.725	-nan
835			183.745	-nan
836			183.765	-nan
837			183.785	-nan
838			183.805	-nan
839			183.825	-nan
840			183.845	-nan
841			183.865	-nan
842			183.885	531.32826842664
843			183.905	530.77019642865
844			183.925	530.50822185822
845			183.945	530.27457462574
846			183.965	530.08872692576
847			183.985	530.09541834798
848			184.005	530.05398092888
849			184.025	530.02848810892
850			184.045	529.97109343701
851			184.065	529.98769079907
852			184.085	529.92904077817
853			184.105	529.81356908581
854			184.125	529.69041445535
855			184.145	529.52477002674
856			184.165	529.35006820601
857			184.185	529.11777006235
858			184.205	528.80793658936
859			184.225	528.65744975654
860			184.245	528.42980079616
861			184.265	527.91159733183
862			184.285	527.44861959884
863			184.305	522.79699482618
864			184.325	-nan
865			184.345	521.58399148752
866			184.365	525.68394959847
867			184.385	525.46890093015
868			184.405	525.33490398646
869			184.425	525.03980858532
870			184.445	524.61919444842
871			184.465	524.45433132752
872			184.485	524.12913851251
873			184.505	523.94817559535
874			184.525	523.76126154932
875			184.545	523.61196838269
876			184.565	523.42020997809
877			184.585	523.30300501495
878			184.605	523.00543235403
879			184.625	522.8718280002
880			184.645	522.85741723096
881			184.665	522.75699224383
882			184.685	522.71914778556
883			184.705	522.84074561861
884			184.725	523.03725001759
885			184.745	523.42754205846
886			184.765	-nan
887			184.785	-nan
888			184.805	-nan
889			184.825	-nan
890			184.845	-nan
891			184.865	-nan
892			184.885	-nan
893			184.905	-nan
894			184.925	-nan
895			184.945	-nan
896			184.965	-nan
897			184.985	-nan
898			185.005	-nan
899			185.025	-nan
900			185.045	-nan
901			185.065	-nan
902			185.085	-nan
903			185.105	-nan
904			185.125	-nan
905			185.145	-nan
906			185.165	520.16553491422
907			185.185	519.25098392434
908			185.205	518.82715543565
909			185.225	518.50617234924
910			185.245	517.78026591422
911			185.265	517.50621120223
912			185.285	517.20961021869
913			185.305	516.87120408767
914			185.325	516.60903501913
915			185.345	516.46164071106
916			185.365	516.10968272186
917			185.385	515.86113742592
918			185.405	515.54669103716
919			185.425	515.34832919476
920			185.445	515.05834640696
921			185.465	514.91157557749
922			185.485	514.72635042104
923			185.505	514.49821772592
924			185.525	514.34285741863
925			185.545	514.09390168486
926			185.565	513.84558566075
927			185.585	509.26203985936
928			185.605	-nan
929			185.625	508.61888457141
930			185.645	513.00551997195
931			185.665	512.95624794919
932			185.685	512.90352439844
933			185.705	512.61521532464
934			185.725	512.39679858292
935			185.745	512.28319813272
936			185.765	511.91328283469
937			185.785	511.6617860658
938			185.805	511.6885296168
939			185.825	511.10453850998
940			185.845	510.79376249621
941			185.865	510.46529087537
942			185.885	509.93439852291
943			185.905	509.59407056293
944			185.925	509.1200086577
945			185.945	508.78478283236
946			185.965	508.42342551256
947			185.985	508.19003001456
948			186.005	508.01222998277
949			186.025	508.09628408884
950			186.045	-nan
951			186.065	-nan
952			186.085	-nan
953			186.105	-nan
954			186.125	-nan
955			186.145	-nan
956			186.165	-nan
957			186.185	-nan
958			186.205	-nan
959			186.225	-nan
960			186.245	-nan
961			186.265	-nan
962			186.285	-nan
963			186.305	-nan
964			186.325	-nan
965			186.345	-nan
966			186.365	-nan
967			186.385	-nan
968			186.405	-nan
969			186.425	-nan
970			186.445	504.44788848602
971			186.465	503.85754498646
972			186.485	503.34365009381
973			186.505	502.88205541142
974			186.525	502.55518608594
975			186.545	502.34656041493
976			186.565	502.04212477989
977			186.585	501.79231549258
978			186.605	501.36289817534
979			186.625	501.07515564711
980			186.645	500.60381706766
981			186.665	500.33985268842
982			186.685	499.83257946089
983			186.705	499.29718644423
984			186.725	498.87978038949
985			186.745	498.32931769236
986			186.765	497.97137383854
987			186.785	497.41323008415
988			186.805	496.94598534574
989			186.825	496.45377922066
990			186.845	495.67413067956
991			186.865	490.91458860707
992			186.885	-nan
993			186.905	489.7734972183
994			186.925	493.92559184612
995			186.945	493.64511988528
996			186.965	493.21506585622
997			186.985	492.85320881047
998			187.005	492.6486395215
999			187.025	492.09475631189
1000		187.045	491.79421394808
1001		187.065	491.75242855927
1002		187.085	491.28092672288
1003		187.105	491.00681289987
1004		187.125	490.7528924766
1005		187.145	490.64248634044
1006		187.165	490.35250433248
1007		187.185	490.11056710225
1008		187.205	490.10261847515
1009		187.225	489.77081780401
1010		187.245	489.70819708133
1011		187.265	489.59775826795
1012		187.285	489.69699819815
1013		187.305	489.87693415173
1014		187.325	-nan
1015		187.345	-nan
1016		187.365	-nan
1017		187.385	-nan
1018		187.405	-nan
1019		187.425	-nan
1020		187.445	-nan
1021		187.465	-nan
1022		187.485	-nan
1023		187.505	-nan
1024		187.525	-nan
1025		187.545	-nan
1026		187.565	-nan
1027		187.585	-nan
1028		187.605	-nan
1029		187.625	-nan
1030		187.645	-nan
1031		187.665	-nan
1032		187.685	-nan
1033		187.705	-nan
1034		187.725	445.17405886429
1035		187.745	443.83118767386
1036		187.765	442.85813163261
1037		187.785	442.13204983763
1038		187.805	441.52873743558
1039		187.825	441.18604976007
1040		187.845	440.91492001548
1041		187.865	440.75534987093
1042		187.885	440.60474655634
1043		187.905	440.37545596276
1044		187.925	440.15379234491
1045		187.945	440.16012778037
1046		187.965	439.57949967584
1047		187.985	439.35609023809
1048		188.005	439.25492001316
1049		188.025	438.85097536689
1050		188.045	438.59071327974
1051		188.065	438.42243639053
1052		188.085	438.16931849585
1053		188.105	437.85458363946
1054		188.125	437.68289167593
1055		188.145	437.14830422984
1056		188.165	-nan
1057		188.185	436.33841853596
1058		188.205	436.1431278037
1059		188.225	435.70472541455
1060		188.245	435.28638714497
1061		188.265	434.92927971205
1062		188.285	434.50616196554
1063		188.305	434.12324482239
1064		188.325	433.7089693034
1065		188.345	433.48404944545
1066		188.365	432.99929499663
1067		188.385	432.6201650651
1068		188.405	432.26639507609
1069		188.425	431.81000057015
1070		188.445	431.35598022795
1071		188.465	430.92117751546
1072		188.485	430.47719706112
1073		188.505	430.12641262665
1074		188.525	429.88272357073
1075		188.545	429.81598896374
1076		188.565	430.01275575939
1077		188.585	430.48402251148
1078		188.605	-nan
1079		188.625	-nan
1080		188.645	-nan
1081		188.665	-nan
1082		188.685	-nan
1083		188.705	-nan
1084		188.725	-nan
1085		188.745	-nan
1086		188.765	-nan
1087		188.785	-nan
1088		188.805	-nan
1089		188.825	-nan
1090		188.845	-nan
1091		188.865	-nan
1092		188.885	-nan
1093		188.905	-nan
1094		188.925	-nan
1095		188.945	-nan
1096		188.965	-nan
1097		188.985	-nan
1098		189.005	426.77851545511
1099		189.025	425.49014298524
1100		189.045	424.47152643144
1101		189.065	423.79725452841
1102		189.085	423.3047680795
1103		189.105	422.82803754749
1104		189.125	422.5310905252
1105		189.145	422.24214120797
1106		189.165	421.91787913577
1107		189.185	421.54995126039
1108		189.205	421.40186708002
1109		189.225	420.70853646775
1110		189.245	420.26165111186
1111		189.265	419.88780152698
1112		189.285	419.52140205926
1113		189.305	419.02213295763
1114		189.325	418.66887100341
1115		189.345	418.30752018734
1116		189.365	417.97361503779
1117		189.385	417.58506159593
1118		189.405	417.29483623663
1119		189.425	416.72583848111
1120		189.445	-nan
1121		189.465	415.9755825401
1122		189.485	415.97241721616
1123		189.505	415.63401732484
1124		189.525	415.38657432142
1125		189.545	415.09270957483
1126		189.565	414.83701342784
1127		189.585	414.60647297966
1128		189.605	414.36201817016
1129		189.625	414.07945486713
1130		189.645	413.91048420027
1131		189.665	413.70145082686
1132		189.685	413.42250848987
1133		189.705	413.16245417308
1134		189.725	412.80060376933
1135		189.745	412.53034237093
1136		189.765	412.17292446613
1137		189.785	412.01718845907
1138		189.805	411.87012019429
1139		189.825	411.61787548291
1140		189.845	411.7903246669
1141		189.865	412.2153717366
1142		189.885	-nan
1143		189.905	-nan
1144		189.925	-nan
1145		189.945	-nan
1146		189.965	-nan
1147		189.985	-nan
1148		190.005	-nan
1149		190.025	-nan
1150		190.045	-nan
1151		190.065	-nan
1152		190.085	-nan
1153		190.105	-nan
1154		190.125	-nan
1155		190.145	-nan
1156		190.165	-nan
1157		190.185	-nan
1158		190.205	-nan
1159		190.225	-nan
1160		190.245	-nan
1161		190.265	-nan
1162		190.285	406.63493663125
1163		190.305	405.62400615764
1164		190.325	404.92761713423
1165		190.345	404.46844207266
1166		190.365	404.20171875689
1167		190.385	404.02062322536
1168		190.405	403.90671452613
1169		190.425	403.86210506016
1170		190.445	403.89741696601
1171		190.465	403.66304162661
1172		190.485	403.46914819829
1173		190.505	403.30378670786
1174		190.525	403.0729253246
1175		190.545	402.85636389505
1176		190.565	402.53856780479
1177		190.585	402.27775528675
1178		190.605	402.08064573504
1179		190.625	401.79174979849
1180		190.645	401.41221220993
1181		190.665	401.16272299484
1182		190.685	400.86941366892
1183		190.705	400.22089028007
1184		190.725	-nan
1185		190.745	399.45008987539
1186		190.765	399.28768908647
1187		190.785	398.90216585347
1188		190.805	398.43015050929
1189		190.825	398.0678814066
1190		190.845	397.69377719778
1191		190.865	397.29911678523
1192		190.885	396.94351530861
1193		190.905	396.65588679933
1194		190.925	396.25322194615
1195		190.945	395.96007815235
1196		190.965	395.65327864176
1197		190.985	395.3293483669
1198		191.005	395.02883826169
1199		191.025	394.74468818323
1200		191.045	394.42186998976
1201		191.065	394.19120355368
1202		191.085	394.11544546903
1203		191.105	394.10439049402
1204		191.125	394.28140667225
1205		191.145	394.75246622275
1206		191.165	-nan
1207		191.185	-nan
1208		191.205	-nan
1209		191.225	-nan
1210		191.245	-nan
1211		191.265	-nan
1212		191.285	-nan
1213		191.305	-nan
1214		191.325	-nan
1215		191.345	-nan
1216		191.365	-nan
1217		191.385	-nan
1218		191.405	-nan
1219		191.425	-nan
1220		191.445	-nan
1221		191.465	-nan
1222		191.485	-nan
1223		191.505	-nan
1224		191.525	-nan
1225		191.545	-nan
1226		191.565	391.58207684958
1227		191.585	390.65143602898
1228		191.605	389.85020103008
1229		191.625	389.32151144306
1230		191.645	388.99131223718
1231		191.665	389.40901837835
1232		191.685	388.43513601291
1233		191.705	388.19336501335
1234		191.725	388.00948305856
1235		191.745	387.74014257735
1236		191.765	387.55447800613
1237		191.785	387.25547905235
1238		191.805	386.97392416741
1239		191.825	386.7691272202
1240		191.845	386.53100438331
1241		191.865	386.34541066642
1242		191.885	386.20224364015
1243		191.905	386.00980942127
1244		191.925	385.94232482164
1245		191.945	385.96956305387
1246		191.965	385.72919712163
1247		191.985	385.26418731336
1248		192.005	-nan
1249		192.025	385.29129867855
1250		192.045	385.14142973983
1251		192.065	385.00882427815
1252		192.085	384.8532336029
1253		192.105	384.82301441792
1254		192.125	384.44643429963
1255		192.145	384.28623153007
1256		192.165	384.07706519506
1257		192.185	383.90583268519
1258		192.205	383.70733151298
1259		192.225	383.44793912292
1260		192.245	383.18909384964
1261		192.265	382.97475790869
1262		192.285	382.63601388727
1263		192.305	382.3581078394
1264		192.325	381.94108903116
1265		192.345	381.73664890754
1266		192.365	381.4639066779
1267		192.385	381.37449554594
1268		192.405	381.54948774405
1269		192.425	381.8361839328
1270		192.445	-nan
1271		192.465	-nan
1272		192.485	-nan
1273		192.505	-nan
1274		192.525	-nan
1275		192.545	-nan
1276		192.565	-nan
1277		192.585	-nan
1278		192.605	-nan
1279		192.625	-nan
1280		192.645	-nan
1281		192.665	-nan
1282		192.685	-nan
1283		192.705	-nan
1284		192.725	-nan
1285		192.745	-nan
1286		192.765	-nan
1287		192.785	-nan
1288		192.805	-nan
1289		192.825	-nan
1290		192.845	379.29866848275
1291		192.865	378.53558995293
1292		192.885	378.15196031228
1293		192.905	377.71902612135
1294		192.925	377.54765357365
1295		192.945	377.38837013353
1296		192.965	377.37974556513
1297		192.985	377.31648884004
1298		193.005	377.23526334177
1299		193.025	377.05938193471
1300		193.045	376.91643175069
1301		193.065	376.74922519597
1302		193.085	376.54270135216
1303		193.105	376.33145483762
1304		193.125	376.12013292848
1305		193.145	375.95990701446
1306		193.165	375.77880955701
1307		193.185	375.53739390626
1308		193.205	375.31592878277
1309		193.225	375.26247541679
1310		193.245	374.86021248878
1311		193.265	374.3362322116
1312		193.285	-nan
1313		193.305	373.79806919158
1314		193.325	373.75233414183
1315		193.345	373.56924877995
1316		193.365	373.2574264542
1317		193.385	372.96963486422
1318		193.405	372.77828872769
1319		193.425	372.58248335626
1320		193.445	372.46390309435
1321		193.465	372.26686144443
1322		193.485	372.12705685332
1323		193.505	372.07451250694
1324		193.525	371.88645494368
1325		193.545	371.86476560763
1326		193.565	371.69712785801
1327		193.585	371.57380153363
1328		193.605	371.4838000688
1329		193.625	371.42584786056
1330		193.645	371.40426017398
1331		193.665	371.51865804039
1332		193.685	371.74829383458
1333		193.705	372.27107440028
1334		193.725	-nan
1335		193.745	-nan
1336		193.765	-nan
1337		193.785	-nan
1338		193.805	-nan
1339		193.825	-nan
1340		193.845	-nan
1341		193.865	-nan
1342		193.885	-nan
1343		193.905	-nan
1344		193.925	-nan
1345		193.945	-nan
1346		193.965	-nan
1347		193.985	-nan
1348		194.005	-nan
1349		194.025	-nan
1350		194.045	-nan
1351		194.065	-nan
1352		194.085	-nan
1353		194.105	-nan
1354		194.125	369.77527226628
1355		194.145	368.99590806712
1356		194.165	368.40112298486
1357		194.185	368.13021416147
1358		194.205	367.86951088677
1359		194.225	367.66331195245
1360		194.245	367.65216542454
1361		194.265	367.61941855427
1362		194.285	367.56620529031
1363		194.305	367.56537756688
1364		194.325	367.48904672383
1365		194.345	367.43505614926
1366		194.365	367.43377847036
1367		194.385	367.34624999233
1368		194.405	367.29833140063
1369		194.425	367.32601108194
1370		194.445	369.29020103162
1371		194.465	367.13229396573
1372		194.485	367.11411813946
1373		194.505	367.05012279
1374		194.525	366.95503622552
1375		194.545	366.5381514994
1376		194.565	-nan
1377		194.585	366.33300425123
1378		194.605	366.50432898001
1379		194.625	366.40936759531
1380		194.645	366.15075193314
1381		194.665	365.96911835438
1382		194.685	365.84814540562
1383		194.705	365.64940854029
1384		194.725	365.45763597698
1385		194.745	365.23335659999
1386		194.765	364.99652841236
1387		194.785	364.7690557304
1388		194.805	364.55110625952
1389		194.825	364.25056012631
1390		194.845	363.91672622764
1391		194.865	363.64940605881
1392		194.885	363.35794949905
1393		194.905	363.09361752474
1394		194.925	362.88386938902
1395		194.945	362.95434082176
1396		194.965	363.02723644166
1397		194.985	363.27223920353
1398		195.005	-nan
1399		195.025	-nan
1400		195.045	-nan
1401		195.065	-nan
1402		195.085	-nan
1403		195.105	-nan
1404		195.125	-nan
1405		195.145	-nan
1406		195.165	-nan
1407		195.185	-nan
1408		195.205	-nan
1409		195.225	-nan
1410		195.245	-nan
1411		195.265	-nan
1412		195.285	-nan
1413		195.305	-nan
1414		195.325	-nan
1415		195.345	-nan
1416		195.365	-nan
1417		195.385	-nan
1418		195.405	362.55960285999
1419		195.425	361.85363804596
1420		195.445	361.37428485498
1421		195.465	361.03186381204
1422		195.485	360.86326607389
1423		195.505	360.68200302003
1424		195.525	360.69873417102
1425		195.545	360.44337289061
1426		195.565	360.30047072091
1427		195.585	360.22281693603
1428		195.605	360.02669581169
1429		195.625	359.85766402484
1430		195.645	359.63242843796
1431		195.665	359.44058442098
1432		195.685	359.18918119859
1433		195.705	359.0262471433
1434		195.725	358.84419616466
1435		195.745	358.67267230219
1436		195.765	358.52221590374
1437		195.785	358.46893133808
1438		195.805	358.24728846437
1439		195.825	357.90561030043
1440		195.845	-nan
1441		195.865	357.67612102113
1442		195.885	357.66468413883
1443		195.905	357.55011556602
1444		195.925	357.50211733754
1445		195.945	357.26549836449
1446		195.965	357.13036255709
1447		195.985	357.01415359373
1448		196.005	356.95297028576
1449		196.025	356.8454457831
1450		196.045	356.89934659162
1451		196.065	356.74525307447
1452		196.085	356.52775919022
1453		196.105	356.47499995939
1454		196.125	356.2940679127
1455		196.145	356.15484239444
1456		196.165	356.02710561182
1457		196.185	355.94763635357
1458		196.205	355.75879832272
1459		196.225	355.88739236151
1460		196.245	356.01559090798
1461		196.265	356.34664055765
1462		196.285	-nan
1463		196.305	-nan
1464		196.325	-nan
1465		196.345	-nan
1466		196.365	-nan
1467		196.385	-nan
1468		196.405	-nan
1469		196.425	-nan
1470		196.445	-nan
1471		196.465	-nan
1472		196.485	-nan
1473		196.505	-nan
1474		196.525	-nan
1475		196.545	-nan
1476		196.565	-nan
1477		196.585	-nan
1478		196.605	-nan
1479		196.625	-nan
1480		196.645	-nan
1481		196.665	-nan
1482		196.685	353.27218269316
1483		196.705	352.67053936726
1484		196.725	352.23970319015
1485		196.745	351.94198964236
1486		196.765	351.82108225308
1487		196.785	351.78152071397
1488		196.805	351.7839097632
1489		196.825	351.81743058899
1490		196.845	351.83718822291
1491		196.865	351.83923655726
1492		196.885	351.80877144778
1493		196.905	351.77273269805
1494		196.925	351.68786425853
1495		196.945	351.63683141849
1496		196.965	351.56156442154
1497		196.985	351.41661143428
1498		197.005	351.45206629346
1499		197.025	351.29891063973
1500		197.045	351.14600625178
1501		197.065	351.04189329263
1502		197.085	350.89237139578
1503		197.105	350.22309415559
1504		197.125	-nan
1505		197.145	349.92030786422
1506		197.165	349.992189731
1507		197.185	349.78325202984
1508		197.205	349.51988852045
1509		197.225	349.13443752302
1510		197.245	348.83140271701
1511		197.265	348.67457974582
1512		197.285	348.40238926863
1513		197.305	348.09279535854
1514		197.325	347.89608654366
1515		197.345	347.65204130661
1516		197.365	347.37299652682
1517		197.385	347.35560423726
1518		197.405	346.99897836495
1519		197.425	346.59967604073
1520		197.445	346.31849953834
1521		197.465	346.22205536455
1522		197.485	346.06492547009
1523		197.505	346.02932758148
1524		197.525	346.2090626798
1525		197.545	346.46515557297
1526		197.565	-nan
1527		197.585	-nan
1528		197.605	-nan
1529		197.625	-nan
1530		197.645	-nan
1531		197.665	-nan
1532		197.685	-nan
1533		197.705	-nan
1534		197.725	-nan
1535		197.745	-nan
