0				167.045	-nan
1				167.065	-nan
2				167.085	-nan
3				167.105	-nan
4				167.125	-nan
5				167.145	-nan
6				167.165	-nan
7				167.185	-nan
8				167.205	-nan
9				167.225	-nan
10			167.245	739.13798036201
11			167.265	738.39930585378
12			167.285	737.63980262922
13			167.305	737.1537913581
14			167.325	736.57566928914
15			167.345	736.07240533923
16			167.365	735.65240604349
17			167.385	735.22706224541
18			167.405	734.76285705244
19			167.425	734.33498445886
20			167.445	733.87553946249
21			167.465	733.40718464443
22			167.485	733.0159924014
23			167.505	732.53262358709
24			167.525	732.07400020719
25			167.545	731.63313451379
26			167.565	731.31072532451
27			167.585	731.01466212407
28			167.605	730.6659949978
29			167.625	730.31560391648
30			167.645	729.82468196656
31			167.665	726.10336258531
32			167.685	-nan
33			167.705	725.67745017443
34			167.725	729.00461384186
35			167.745	728.86164337051
36			167.765	728.89035914132
37			167.785	728.81846014083
38			167.805	728.61807208073
39			167.825	728.42605821431
40			167.845	728.27899619395
41			167.865	728.27768799438
42			167.885	728.19256889584
43			167.905	728.17695378958
44			167.925	727.98588930091
45			167.945	727.91554605231
46			167.965	727.71988805168
47			167.985	727.54769108748
48			168.005	727.32327266459
49			168.025	727.18604025573
50			168.045	727.11418711964
51			168.065	727.0215014924
52			168.085	727.04628507348
53			168.105	727.16780073292
54			168.125	-nan
55			168.145	-nan
56			168.165	-nan
57			168.185	-nan
58			168.205	-nan
59			168.225	-nan
60			168.245	-nan
61			168.265	-nan
62			168.285	-nan
63			168.305	-nan
64			168.325	-nan
65			168.345	-nan
66			168.365	-nan
67			168.385	-nan
68			168.405	-nan
69			168.425	-nan
70			168.445	-nan
71			168.465	-nan
72			168.485	-nan
73			168.505	-nan
74			168.525	720.32183981155
75			168.545	719.71049688843
76			168.565	719.30561424655
77			168.585	719.06353924953
78			168.605	718.86499919449
79			168.625	718.74122612164
80			168.645	718.81207781566
81			168.665	718.78355045362
82			168.685	718.86586714052
83			168.705	718.95507258626
84			168.725	718.96406751748
85			168.745	718.98428805022
86			168.765	719.05942127196
87			168.785	718.88047348676
88			168.805	718.85553760459
89			168.825	718.73714835328
90			168.845	718.63972369711
91			168.865	718.54040515529
92			168.885	718.30048341323
93			168.905	718.1318542297
94			168.925	717.75377508934
95			168.945	713.9977086984
96			168.965	-nan
97			168.985	713.31279869063
98			169.005	716.72317861828
99			169.025	716.66576247022
100			169.045	716.60650649025
101			169.065	716.37548277949
102			169.085	716.1009506658
103			169.105	715.91550086196
104			169.125	715.84132072985
105			169.145	715.61292819877
106			169.165	715.54486392402
107			169.185	715.29850868098
108			169.205	715.16027225395
109			169.225	715.06286754386
110			169.245	714.88142247775
111			169.265	714.81734799903
112			169.285	714.64226237467
113			169.305	714.60907555539
114			169.325	714.58006321649
115			169.345	714.59705766556
116			169.365	714.76824539186
117			169.385	715.125026866
118			169.405	-nan
119			169.425	-nan
120			169.445	-nan
121			169.465	-nan
122			169.485	-nan
123			169.505	-nan
124			169.525	-nan
125			169.545	-nan
126			169.565	-nan
127			169.585	-nan
128			169.605	-nan
129			169.625	-nan
130			169.645	-nan
131			169.665	-nan
132			169.685	-nan
133			169.705	-nan
134			169.725	-nan
135			169.745	-nan
136			169.765	-nan
137			169.785	-nan
138			169.805	713.13553061436
139			169.825	712.51294700304
140			169.845	711.80511497974
141			169.865	711.35905899227
142			169.885	711.06076603537
143			169.905	710.70557414033
144			169.925	710.40430349173
145			169.945	710.20462888199
146			169.965	710.15893550762
147			169.985	709.78799194905
148			170.005	709.58204095709
149			170.025	709.44352763158
150			170.045	709.13083937929
151			170.065	709.07005946442
152			170.085	708.84505533951
153			170.105	708.7381583697
154			170.125	708.66410323526
155			170.145	708.62081308239
156			170.165	708.6480098635
157			170.185	708.6418912828
158			170.205	708.52068151438
159			170.225	704.53141003917
160			170.245	-nan
161			170.265	704.81712378347
162			170.285	709.02863394801
163			170.305	709.22630291362
164			170.325	709.44809217526
165			170.345	709.66890613428
166			170.365	709.69873245108
167			170.385	709.75577581725
168			170.405	709.76538082873
169			170.425	709.74068639152
170			170.445	709.7426765661
171			170.465	709.69709425764
172			170.485	709.56234293245
173			170.505	709.44248889525
174			170.525	709.36311671494
175			170.545	709.12284268545
176			170.565	709.04017873869
177			170.585	708.90091616655
178			170.605	708.62278526219
179			170.625	708.67429725411
180			170.645	708.68043147235
181			170.665	708.90245007492
182			170.685	-nan
183			170.705	-nan
184			170.725	-nan
185			170.745	-nan
186			170.765	-nan
187			170.785	-nan
188			170.805	-nan
189			170.825	-nan
190			170.845	-nan
191			170.865	-nan
192			170.885	-nan
193			170.905	-nan
194			170.925	-nan
195			170.945	-nan
196			170.965	-nan
197			170.985	-nan
198			171.005	-nan
199			171.025	-nan
200			171.045	-nan
201			171.065	-nan
202			171.085	707.14301807839
203			171.105	706.72021807413
204			171.125	706.52439470898
205			171.145	706.32326883403
206			171.165	706.24862426403
207			171.185	706.39675614762
208			171.205	706.33946329114
209			171.225	706.36017189294
210			171.245	706.4483335626
211			171.265	706.38027452991
212			171.285	706.28679315923
213			171.305	706.2127746775
214			171.325	706.04027203707
215			171.345	705.85132583619
216			171.365	705.6253607856
217			171.385	705.48509419073
218			171.405	705.16928532092
219			171.425	705.05061115455
220			171.445	704.94795753556
221			171.465	704.61521387829
222			171.485	704.2112659174
223			171.505	700.202545617
224			171.525	-nan
225			171.545	700.05048748734
226			171.565	703.60471491344
227			171.585	703.55485715845
228			171.605	703.45654554841
229			171.625	703.26588540842
230			171.645	703.10152677889
231			171.665	703.0426521977
232			171.685	702.96326607906
233			171.705	702.86301021881
234			171.725	702.82286066482
235			171.745	702.96055746397
236			171.765	703.06024514117
237			171.785	703.11341752206
238			171.805	703.07382708062
239			171.825	703.55560121003
240			171.845	703.24116064395
241			171.865	703.4521021689
242			171.885	703.6640325776
243			171.905	703.90285207121
244			171.925	704.255009047
245			171.945	704.61722920144
246			171.965	-nan
247			171.985	-nan
248			172.005	-nan
249			172.025	-nan
250			172.045	-nan
251			172.065	-nan
252			172.085	-nan
253			172.105	-nan
254			172.125	-nan
255			172.145	-nan
256			172.165	-nan
257			172.185	-nan
258			172.205	-nan
259			172.225	-nan
260			172.245	-nan
261			172.265	-nan
262			172.285	-nan
263			172.305	-nan
264			172.325	-nan
265			172.345	-nan
266			172.365	701.06768103026
267			172.385	700.42253040412
268			172.405	699.85769784406
269			172.425	699.5750382069
270			172.445	699.22173317318
271			172.465	699.06866150209
272			172.485	698.80919126108
273			172.505	698.78107308615
274			172.525	698.73956693253
275			172.545	698.56295857741
276			172.565	698.47419619815
277			172.585	698.3692154285
278			172.605	698.22384292458
279			172.625	698.24533342836
280			172.645	698.1544975989
281			172.665	698.17589310817
282			172.685	698.17625816634
283			172.705	698.19458518675
284			172.725	698.2904135962
285			172.745	698.21206721083
286			172.765	698.10041055683
287			172.785	694.63602364542
288			172.805	-nan
289			172.825	694.37919328879
290			172.845	697.81003690545
291			172.865	697.91225794067
292			172.885	697.93854681152
293			172.905	697.80934740392
294			172.925	697.58178704956
295			172.945	697.44289611382
296			172.965	697.36527501438
297			172.985	697.02713376046
298			173.005	696.87310026829
299			173.025	696.60622423518
300			173.045	696.33145237732
301			173.065	696.03050101855
302			173.085	695.8456534843
303			173.105	695.47868625336
304			173.125	695.17322737075
305			173.145	694.93535292199
306			173.165	694.71151710367
307			173.185	694.55769125474
308			173.205	694.60767468939
309			173.225	694.56916420864
310			173.245	-nan
311			173.265	-nan
312			173.285	-nan
313			173.305	-nan
314			173.325	-nan
315			173.345	-nan
316			173.365	-nan
317			173.385	-nan
318			173.405	-nan
319			173.425	-nan
320			173.445	-nan
321			173.465	-nan
322			173.485	-nan
323			173.505	-nan
324			173.525	-nan
325			173.545	-nan
326			173.565	-nan
327			173.585	-nan
328			173.605	-nan
329			173.625	-nan
330			173.645	691.97624903122
331			173.665	691.34029328096
332			173.685	690.67175763718
333			173.705	690.2509725662
334			173.725	689.85657810111
335			173.745	689.58017057154
336			173.765	689.14432806879
337			173.785	688.7827501758
338			173.805	688.46722096835
339			173.825	688.07924511123
340			173.845	687.65678180701
341			173.865	687.26424460125
342			173.885	686.79239414128
343			173.905	686.38536010452
344			173.925	685.90923162571
345			173.945	685.41848913378
346			173.965	685.04316788508
347			173.985	684.69752211066
348			174.005	684.33171435215
349			174.025	683.92834392334
350			174.045	683.54265895057
351			174.065	679.52550818376
352			174.085	-nan
353			174.105	678.67777771128
354			174.125	682.03101315192
355			174.145	681.87747400518
356			174.165	681.77703769902
357			174.185	681.56307880561
358			174.205	681.31655960937
359			174.225	681.22055730641
360			174.245	681.00569482115
361			174.265	680.91207155603
362			174.285	680.86293149118
363			174.305	680.79966266341
364			174.325	680.58870164096
365			174.345	680.47185944751
366			174.365	680.2610380583
367			174.385	680.1088637094
368			174.405	679.97824984167
369			174.425	679.74339694229
370			174.445	679.52389874589
371			174.465	679.48595290501
372			174.485	679.45666695058
373			174.505	679.49040129023
374			174.525	-nan
375			174.545	-nan
376			174.565	-nan
377			174.585	-nan
378			174.605	-nan
379			174.625	-nan
380			174.645	-nan
381			174.665	-nan
382			174.685	-nan
383			174.705	-nan
384			174.725	-nan
385			174.745	-nan
386			174.765	-nan
387			174.785	-nan
388			174.805	-nan
389			174.825	-nan
390			174.845	-nan
391			174.865	-nan
392			174.885	-nan
393			174.905	-nan
394			174.925	670.5967923267
395			174.945	669.93273657367
396			174.965	669.3197150724
397			174.985	668.76830770541
398			175.005	669.97067431564
399			175.025	668.16459792825
400			175.045	667.98094236685
401			175.065	667.74898037175
402			175.085	667.57666209595
403			175.105	667.32383008253
404			175.125	667.06608346646
405			175.145	666.86873320527
406			175.165	666.51951805603
407			175.185	666.19129691561
408			175.205	665.89495186503
409			175.225	665.52064071157
410			175.245	665.47441735611
411			175.265	664.83997137089
412			175.285	664.49724260141
413			175.305	663.99995608986
414			175.325	663.31798852151
415			175.345	659.32007506631
416			175.365	-nan
417			175.385	658.20147021764
418			175.405	661.43106962195
419			175.425	661.2034070582
420			175.445	660.60382808143
421			175.465	660.22539504198
422			175.485	659.57980514233
423			175.505	659.08822079247
424			175.525	658.65192992016
425			175.545	658.14532317306
426			175.565	657.68023487052
427			175.585	657.14091621536
428			175.605	656.70355217647
429			175.625	656.2797690901
430			175.645	655.69369623802
431			175.665	655.38523497255
432			175.685	654.84603359114
433			175.705	654.45461095694
434			175.725	654.13463645194
435			175.745	653.91151690683
436			175.765	653.84829637981
437			175.785	653.89933110699
438			175.805	-nan
439			175.825	-nan
440			175.845	-nan
441			175.865	-nan
442			175.885	-nan
443			175.905	-nan
444			175.925	-nan
445			175.945	-nan
446			175.965	-nan
447			175.985	-nan
448			176.005	-nan
449			176.025	-nan
450			176.045	-nan
451			176.065	-nan
452			176.085	-nan
453			176.105	-nan
454			176.125	-nan
455			176.145	-nan
456			176.165	-nan
457			176.185	-nan
458			176.205	647.14901090928
459			176.225	646.28897658049
460			176.245	645.25681487035
461			176.265	644.53869617643
462			176.285	643.84724210683
463			176.305	643.13998335675
464			176.325	642.43612504758
465			176.345	642.02574767127
466			176.365	641.18080713222
467			176.385	640.59681722873
468			176.405	639.8354158475
469			176.425	639.18311569597
470			176.445	638.61180728316
471			176.465	638.09642562241
472			176.485	637.49266525428
473			176.505	637.03831121092
474			176.525	636.50094258019
475			176.545	636.19506976929
476			176.565	635.69336129419
477			176.585	635.36677968974
478			176.605	634.95326164481
479			176.625	631.02792323104
480			176.645	-nan
481			176.665	629.71233129919
482			176.685	633.32514027072
483			176.705	633.21947162605
484			176.725	633.02104190163
485			176.745	632.68826002851
486			176.765	632.34390334176
487			176.785	632.12379264285
488			176.805	632.06620320579
489			176.825	631.57742389656
490			176.845	631.14657620018
491			176.865	630.88243137788
492			176.885	630.67538111838
493			176.905	630.21102182451
494			176.925	629.77326523859
495			176.945	629.33728036304
496			176.965	628.84262379059
497			176.985	628.49249125363
498			177.005	628.14773288407
499			177.025	627.77664424423
500			177.045	627.60326298151
501			177.065	627.48283182179
502			177.085	-nan
503			177.105	-nan
504			177.125	-nan
505			177.145	-nan
506			177.165	-nan
507			177.185	-nan
508			177.205	-nan
509			177.225	-nan
510			177.245	-nan
511			177.265	-nan
512			177.285	-nan
513			177.305	-nan
514			177.325	-nan
515			177.345	-nan
516			177.365	-nan
517			177.385	-nan
518			177.405	-nan
519			177.425	-nan
520			177.445	-nan
521			177.465	-nan
522			177.485	618.4045678823
523			177.505	617.87507012969
524			177.525	617.22538995821
525			177.545	616.72433423135
526			177.565	616.27619383035
527			177.585	615.86348456225
528			177.605	615.47773172997
529			177.625	615.27784419113
530			177.645	614.80729665593
531			177.665	614.40583084766
532			177.685	613.99311458878
533			177.705	613.57332955462
534			177.725	613.12780823621
535			177.745	612.71744577298
536			177.765	612.24247364096
537			177.785	611.73506212837
538			177.805	611.22406517136
539			177.825	610.68614719753
540			177.845	610.18421348406
541			177.865	609.56698092406
542			177.885	608.86895960014
543			177.905	604.42972936995
544			177.925	-nan
545			177.945	602.74807542485
546			177.965	606.14721924897
547			177.985	605.65822093294
548			178.005	605.24945617587
549			178.025	604.70080051481
550			178.045	604.18522050296
551			178.065	603.76556448911
552			178.085	603.3366509225
553			178.105	603.03611433614
554			178.125	602.71802817678
555			178.145	602.47519143093
556			178.165	602.23331480239
557			178.185	601.97335984778
558			178.205	601.7365432686
559			178.225	601.48062872539
560			178.245	601.39887715313
561			178.265	601.155556261
562			178.285	600.95540231656
563			178.305	600.94555894425
564			178.325	600.98715315838
565			178.345	601.13230101621
566			178.365	-nan
567			178.385	-nan
568			178.405	-nan
569			178.425	-nan
570			178.445	-nan
571			178.465	-nan
572			178.485	-nan
573			178.505	-nan
574			178.525	-nan
575			178.545	-nan
576			178.565	-nan
577			178.585	-nan
578			178.605	-nan
579			178.625	-nan
580			178.645	-nan
581			178.665	-nan
582			178.685	-nan
583			178.705	-nan
584			178.725	-nan
585			178.745	-nan
586			178.765	593.59770843304
587			178.785	592.7028216628
588			178.805	591.9200579355
589			178.825	591.18625862459
590			178.845	590.62901101578
591			178.865	590.17556389666
592			178.885	589.6814779679
593			178.905	589.41687547001
594			178.925	588.93044221894
595			178.945	588.55218152144
596			178.965	588.22051059858
597			178.985	587.86403548391
598			179.005	587.57551584255
599			179.025	587.28199016202
600			179.045	587.03217176488
601			179.065	586.81347074905
602			179.085	586.58369193091
603			179.105	586.30421545838
604			179.125	586.06651723455
605			179.145	585.91547719739
606			179.165	585.33200701351
607			179.185	581.08355732448
608			179.205	-nan
609			179.225	580.41981873879
610			179.245	584.35600787971
611			179.265	584.12351303946
612			179.285	583.98244030856
613			179.305	583.63859644561
614			179.325	583.42877762253
615			179.345	583.08494319098
616			179.365	582.8134863987
617			179.385	582.58809449053
618			179.405	582.16180035745
619			179.425	581.85374074729
620			179.445	581.41907276839
621			179.465	581.03480331739
622			179.485	580.58197998099
623			179.505	580.17108056801
624			179.525	579.63204135662
625			179.545	579.17070813134
626			179.565	578.88312841638
627			179.585	578.54549935433
628			179.605	578.4004842417
629			179.625	578.4356362851
630			179.645	-nan
631			179.665	-nan
632			179.685	-nan
633			179.705	-nan
634			179.725	-nan
635			179.745	-nan
636			179.765	-nan
637			179.785	-nan
638			179.805	-nan
639			179.825	-nan
640			179.845	-nan
641			179.865	-nan
642			179.885	-nan
643			179.905	-nan
644			179.925	-nan
645			179.945	-nan
646			179.965	-nan
647			179.985	-nan
648			180.005	-nan
649			180.025	-nan
650			180.045	574.74655685582
651			180.065	574.12187716327
652			180.085	573.49869661031
653			180.105	573.14817741508
654			180.125	572.8781917147
655			180.145	572.49011767034
656			180.165	572.11739862491
657			180.185	571.93342716278
658			180.205	571.46911156478
659			180.225	571.170852659
660			180.245	570.75727928179
661			180.265	570.38658195523
662			180.285	570.04238262454
663			180.305	569.63472392035
664			180.325	569.00961572457
665			180.345	568.67485166497
666			180.365	568.28947859994
667			180.385	567.78268216811
668			180.405	567.43434810735
669			180.425	567.0380339737
670			180.445	566.57944906308
671			180.465	562.14562761651
672			180.485	-nan
673			180.505	560.96917176646
674			180.525	564.98327277223
675			180.545	564.99049991128
676			180.565	564.87705519194
677			180.585	564.7042918154
678			180.605	564.46863635486
679			180.625	564.40011082322
680			180.645	564.27844514814
681			180.665	564.21064168819
682			180.685	564.20383895537
683			180.705	564.06644209736
684			180.725	563.99052173027
685			180.745	563.98773720582
686			180.765	563.91962390307
687			180.785	563.80146662935
688			180.805	563.73246013902
689			180.825	563.83095135228
690			180.845	563.70297017448
691			180.865	563.78538511601
692			180.885	564.18316180111
693			180.905	564.25742861245
694			180.925	-nan
695			180.945	-nan
696			180.965	-nan
697			180.985	-nan
698			181.005	-nan
699			181.025	-nan
700			181.045	-nan
701			181.065	-nan
702			181.085	-nan
703			181.105	-nan
704			181.125	-nan
705			181.145	-nan
706			181.165	-nan
707			181.185	-nan
708			181.205	-nan
709			181.225	-nan
710			181.245	-nan
711			181.265	-nan
712			181.285	-nan
713			181.305	-nan
714			181.325	559.18798283065
715			181.345	558.66271377772
716			181.365	558.193948036
717			181.385	557.77320222837
718			181.405	557.62907755217
719			181.425	557.47570134852
720			181.445	557.38080148461
721			181.465	557.27940501596
722			181.485	557.1745471897
723			181.505	557.1731037701
724			181.525	557.00858316353
725			181.545	556.8814883594
726			181.565	556.74715696198
727			181.585	556.63335027923
728			181.605	556.5088795225
729			181.625	556.38025263219
730			181.645	556.23265500051
731			181.665	556.1534078067
732			181.685	556.06025377306
733			181.705	555.66294205845
734			181.725	555.40750599881
735			181.745	551.03127281846
736			181.765	-nan
737			181.785	550.44159724777
738			181.805	554.41970893316
739			181.825	554.15956336368
740			181.845	554.09928425328
741			181.865	553.76559181618
742			181.885	553.42190017793
743			181.905	553.1367448861
744			181.925	552.83237945183
745			181.945	552.59999824192
746			181.965	552.34431672406
747			181.985	552.04745121569
748			182.005	551.81595901009
749			182.025	551.57232379545
750			182.045	551.2235150896
751			182.065	551.05285709019
752			182.085	550.81785048338
753			182.105	550.69396608552
754			182.125	550.62375403568
755			182.145	550.59630531055
756			182.165	550.75491192839
757			182.185	551.09662175082
758			182.205	-nan
759			182.225	-nan
760			182.245	-nan
761			182.265	-nan
762			182.285	-nan
763			182.305	-nan
764			182.325	-nan
765			182.345	-nan
766			182.365	-nan
767			182.385	-nan
768			182.405	-nan
769			182.425	-nan
770			182.445	-nan
771			182.465	-nan
772			182.485	-nan
773			182.505	-nan
774			182.525	-nan
775			182.545	-nan
776			182.565	-nan
777			182.585	-nan
778			182.605	550.65083125342
779			182.625	549.90267296585
780			182.645	549.27905956483
781			182.665	548.80168335817
782			182.685	548.44350988342
783			182.705	548.14191984646
784			182.725	547.68374603282
785			182.745	547.41446648086
786			182.765	547.1232318165
787			182.785	546.7954075854
788			182.805	546.46943196055
789			182.825	546.20266980844
790			182.845	545.83284333952
791			182.865	545.62979025056
792			182.885	545.33941297243
793			182.905	545.08656166437
794			182.925	544.90138097718
795			182.945	544.71049931394
796			182.965	544.56782370434
797			182.985	544.31205525719
798			183.005	543.94675766481
799			183.025	539.71072548068
800			183.045	-nan
801			183.065	539.57672010262
802			183.085	543.697229499
803			183.105	543.66219513129
804			183.125	543.65004915802
805			183.145	543.64830897072
806			183.165	543.60845628196
807			183.185	543.55200114494
808			183.205	543.49687750601
809			183.225	543.50783157929
810			183.245	543.55756036471
811			183.265	543.51352760175
812			183.285	543.38128866154
813			183.305	543.34775494092
814			183.325	543.2814756434
815			183.345	543.13051964208
816			183.365	542.89958575853
817			183.385	542.72790761639
818			183.405	542.65728998969
819			183.425	542.68977450877
820			183.445	542.68506373553
821			183.465	542.83699853821
822			183.485	-nan
823			183.505	-nan
824			183.525	-nan
825			183.545	-nan
826			183.565	-nan
827			183.585	-nan
828			183.605	-nan
829			183.625	-nan
830			183.645	-nan
831			183.665	-nan
832			183.685	-nan
833			183.705	-nan
834			183.725	-nan
835			183.745	-nan
836			183.765	-nan
837			183.785	-nan
838			183.805	-nan
839			183.825	-nan
840			183.845	-nan
841			183.865	-nan
842			183.885	539.88390038428
843			183.905	539.33117080726
844			183.925	539.03814401745
845			183.945	538.83343977843
846			183.965	538.7487946297
847			183.985	538.6690708383
848			184.005	538.63660002762
849			184.025	538.62971337915
850			184.045	538.64750909779
851			184.065	538.59268806685
852			184.085	538.53991892152
853			184.105	538.41647172095
854			184.125	538.31714999556
855			184.145	538.11358971214
856			184.165	537.98600319755
857			184.185	537.70312749397
858			184.205	537.38970335593
859			184.225	537.18733437752
860			184.245	536.97402230441
861			184.265	536.43012794686
862			184.285	535.97725164064
863			184.305	531.48377933729
864			184.325	-nan
865			184.345	530.33681078153
866			184.365	534.20805604283
867			184.385	533.98276120415
868			184.405	533.82626662196
869			184.425	533.52357834858
870			184.445	533.12601821586
871			184.465	532.89007798119
872			184.485	532.58091968446
873			184.505	532.39049156244
874			184.525	532.21910594485
875			184.545	532.06867997881
876			184.565	531.85649714538
877			184.585	531.68178202455
878			184.605	531.51445490382
879			184.625	531.29098331251
880			184.645	531.22914889805
881			184.665	531.13764652825
882			184.685	531.15372280721
883			184.705	531.25700630805
884			184.725	531.40061898472
885			184.745	531.77931807486
886			184.765	-nan
887			184.785	-nan
888			184.805	-nan
889			184.825	-nan
890			184.845	-nan
891			184.865	-nan
892			184.885	-nan
893			184.905	-nan
894			184.925	-nan
895			184.945	-nan
896			184.965	-nan
897			184.985	-nan
898			185.005	-nan
899			185.025	-nan
900			185.045	-nan
901			185.065	-nan
902			185.085	-nan
903			185.105	-nan
904			185.125	-nan
905			185.145	-nan
906			185.165	528.4038326902
907			185.185	527.57267247165
908			185.205	527.09390526903
909			185.225	526.75181205825
910			185.245	526.04973390163
911			185.265	525.78329440247
912			185.285	525.48487119676
913			185.305	525.14958480165
914			185.325	524.82860107606
915			185.345	524.64520700852
916			185.365	524.29934723598
917			185.385	524.07226875586
918			185.405	523.79182631225
919			185.425	523.56418968747
920			185.445	523.24406750413
921			185.465	523.10506537528
922			185.485	522.93929124442
923			185.505	522.68922087994
924			185.525	522.5045302396
925			185.545	522.24340396318
926			185.565	521.98764200919
927			185.585	517.63906812879
928			185.605	-nan
929			185.625	516.96730372527
930			185.645	521.16531140241
931			185.665	521.12098058698
932			185.685	521.04035396995
933			185.705	520.74948049576
934			185.725	520.56992953921
935			185.745	520.36372565393
936			185.765	520.04155102921
937			185.785	519.77700739293
938			185.805	519.76353809316
939			185.825	519.19321340835
940			185.845	518.80675957209
941			185.865	518.49508223019
942			185.885	518.01895129802
943			185.905	517.62146132008
944			185.925	517.14523301084
945			185.945	516.80463008846
946			185.965	516.47971692895
947			185.985	516.27004908761
948			186.005	516.02431374241
949			186.025	516.08865565287
950			186.045	-nan
951			186.065	-nan
952			186.085	-nan
953			186.105	-nan
954			186.125	-nan
955			186.145	-nan
956			186.165	-nan
957			186.185	-nan
958			186.205	-nan
959			186.225	-nan
960			186.245	-nan
961			186.265	-nan
962			186.285	-nan
963			186.305	-nan
964			186.325	-nan
965			186.345	-nan
966			186.365	-nan
967			186.385	-nan
968			186.405	-nan
969			186.425	-nan
970			186.445	512.46887908837
971			186.465	511.87240377016
972			186.485	511.39733724914
973			186.505	510.95253487904
974			186.525	510.59306048886
975			186.545	510.337909716
976			186.565	510.04343699463
977			186.585	509.75212350586
978			186.605	509.38706953784
979			186.625	509.0458160526
980			186.645	508.61571356172
981			186.665	508.33978515446
982			186.685	507.73575089086
983			186.705	507.26259350306
984			186.725	506.76361210664
985			186.745	506.31224622193
986			186.765	505.8750969739
987			186.785	505.30545313903
988			186.805	504.83267438503
989			186.825	504.31241274062
990			186.845	503.59561358971
991			186.865	499.008987707
992			186.885	-nan
993			186.905	497.76855598802
994			186.925	501.70600295324
995			186.945	501.45259214964
996			186.965	500.98901685447
997			186.985	500.64188144324
998			187.005	500.42442825794
999			187.025	499.88008057991
1000		187.045	499.56612882242
1001		187.065	499.5252544308
1002		187.085	499.01942875632
1003		187.105	498.76721435939
1004		187.125	498.49965752646
1005		187.145	498.36587256807
1006		187.165	498.06390138887
1007		187.185	497.88926560986
1008		187.205	497.81786650041
1009		187.225	497.48359224166
1010		187.245	497.47359118809
1011		187.265	497.30981813898
1012		187.285	497.37141717494
1013		187.305	497.58627278044
1014		187.325	-nan
1015		187.345	-nan
1016		187.365	-nan
1017		187.385	-nan
1018		187.405	-nan
1019		187.425	-nan
1020		187.445	-nan
1021		187.465	-nan
1022		187.485	-nan
1023		187.505	-nan
1024		187.525	-nan
1025		187.545	-nan
1026		187.565	-nan
1027		187.585	-nan
1028		187.605	-nan
1029		187.625	-nan
1030		187.645	-nan
1031		187.665	-nan
1032		187.685	-nan
1033		187.705	-nan
1034		187.725	452.67889697865
1035		187.745	451.27768326685
1036		187.765	450.31659265596
1037		187.785	449.62203875843
1038		187.805	448.98796487325
1039		187.825	448.68659954465
1040		187.845	448.35714236037
1041		187.865	448.20218905834
1042		187.885	448.04613268738
1043		187.905	447.83365723366
1044		187.925	447.59707474752
1045		187.945	447.584834135
1046		187.965	447.04683604112
1047		187.985	446.82374126108
1048		188.005	446.66730169842
1049		188.025	446.29500608396
1050		188.045	446.01185928123
1051		188.065	445.85972962167
1052		188.085	445.55554976539
1053		188.105	445.22991497501
1054		188.125	445.03662821266
1055		188.145	444.53348344205
1056		188.165	-nan
1057		188.185	443.71074220129
1058		188.205	443.49108674433
1059		188.225	443.07935478924
1060		188.245	442.66386435865
1061		188.265	442.26594571108
1062		188.285	441.81090384267
1063		188.305	441.42659505834
1064		188.325	441.00585735616
1065		188.345	440.75618915503
1066		188.365	440.28756611918
1067		188.385	439.88000943699
1068		188.405	439.51208545173
1069		188.425	439.05389326878
1070		188.445	438.60264471095
1071		188.465	438.15863464136
1072		188.485	437.70858877644
1073		188.505	437.33355721631
1074		188.525	437.08878050699
1075		188.545	437.0052706048
1076		188.565	437.21578833073
1077		188.585	437.700073044
1078		188.605	-nan
1079		188.625	-nan
1080		188.645	-nan
1081		188.665	-nan
1082		188.685	-nan
1083		188.705	-nan
1084		188.725	-nan
1085		188.745	-nan
1086		188.765	-nan
1087		188.785	-nan
1088		188.805	-nan
1089		188.825	-nan
1090		188.845	-nan
1091		188.865	-nan
1092		188.885	-nan
1093		188.905	-nan
1094		188.925	-nan
1095		188.945	-nan
1096		188.965	-nan
1097		188.985	-nan
1098		189.005	433.96127145316
1099		189.025	432.67051574583
1100		189.045	431.62969714011
1101		189.065	430.92559976448
1102		189.085	430.44550117036
1103		189.105	429.98996819792
1104		189.125	429.70352836361
1105		189.145	429.37091984733
1106		189.165	429.02706325488
1107		189.185	428.69481810435
1108		189.205	428.4692622515
1109		189.225	427.81918965525
1110		189.245	427.34833022264
1111		189.265	426.97898709884
1112		189.285	426.55400287408
1113		189.305	426.08871151818
1114		189.325	425.73225945312
1115		189.345	425.39067763189
1116		189.365	425.02415190238
1117		189.385	424.672658979
1118		189.405	424.32600599961
1119		189.425	423.80148690702
1120		189.445	-nan
1121		189.465	423.04972897035
1122		189.485	422.96971046414
1123		189.505	422.68990450354
1124		189.525	422.43800568971
1125		189.545	422.13968538905
1126		189.565	421.85724483668
1127		189.585	421.60555830981
1128		189.605	421.35467206363
1129		189.625	421.10565845193
1130		189.645	420.93699584332
1131		189.665	420.66491825343
1132		189.685	420.43204675869
1133		189.705	420.17549184992
1134		189.725	419.82884849323
1135		189.745	419.51913330092
1136		189.765	419.16246703787
1137		189.785	419.03591812442
1138		189.805	418.87382218555
1139		189.825	418.59735774309
1140		189.845	418.7837218323
1141		189.865	419.18180741987
1142		189.885	-nan
1143		189.905	-nan
1144		189.925	-nan
1145		189.945	-nan
1146		189.965	-nan
1147		189.985	-nan
1148		190.005	-nan
1149		190.025	-nan
1150		190.045	-nan
1151		190.065	-nan
1152		190.085	-nan
1153		190.105	-nan
1154		190.125	-nan
1155		190.145	-nan
1156		190.165	-nan
1157		190.185	-nan
1158		190.205	-nan
1159		190.225	-nan
1160		190.245	-nan
1161		190.265	-nan
1162		190.285	413.51247742796
1163		190.305	412.48194250106
1164		190.325	411.7618447818
1165		190.345	411.33070871056
1166		190.365	411.02830817636
1167		190.385	410.85131836027
1168		190.405	410.80464119894
1169		190.425	410.70461754487
1170		190.445	410.70922516712
1171		190.465	410.51461484242
1172		190.485	410.35566935796
1173		190.505	410.1011711712
1174		190.525	409.86621906668
1175		190.545	409.6634806926
1176		190.565	409.32852806367
1177		190.585	409.10549296093
1178		190.605	408.86804538432
1179		190.625	408.56440164114
1180		190.645	408.21514149376
1181		190.665	407.95626867297
1182		190.685	407.59668324703
1183		190.705	407.02629969829
1184		190.725	-nan
1185		190.745	406.20536707789
1186		190.765	406.07026581185
1187		190.785	405.63736419012
1188		190.805	405.17349012468
1189		190.825	404.7880695192
1190		190.845	404.40374624746
1191		190.865	404.01685419517
1192		190.885	403.66631919044
1193		190.905	403.34772459594
1194		190.925	402.93668454611
1195		190.945	402.63134328096
1196		190.965	402.38487410575
1197		190.985	402.02320149274
1198		191.005	401.72919957519
1199		191.025	401.40551083751
1200		191.045	401.09558177913
1201		191.065	400.83661027649
1202		191.085	400.73141278918
1203		191.105	400.74625662446
1204		191.125	400.92990774252
1205		191.145	401.42229190843
1206		191.165	-nan
1207		191.185	-nan
1208		191.205	-nan
1209		191.225	-nan
1210		191.245	-nan
1211		191.265	-nan
1212		191.285	-nan
1213		191.305	-nan
1214		191.325	-nan
1215		191.345	-nan
1216		191.365	-nan
1217		191.385	-nan
1218		191.405	-nan
1219		191.425	-nan
1220		191.445	-nan
1221		191.465	-nan
1222		191.485	-nan
1223		191.505	-nan
1224		191.525	-nan
1225		191.545	-nan
1226		191.565	398.12992017055
1227		191.585	397.21878472185
1228		191.605	396.463524083
1229		191.625	395.87004409009
1230		191.645	395.48618986343
1231		191.665	395.93513227236
1232		191.685	394.93768854598
1233		191.705	394.73747966732
1234		191.725	394.53603961247
1235		191.745	394.23698184846
1236		191.765	394.04844719739
1237		191.785	393.76909482265
1238		191.805	393.45748293838
1239		191.825	393.2223335167
1240		191.845	392.99718847079
1241		191.865	392.82620157646
1242		191.885	392.69945476323
1243		191.905	392.49592652611
1244		191.925	392.42365266821
1245		191.945	392.42269367972
1246		191.965	392.18698862906
1247		191.985	391.78763532603
1248		192.005	-nan
1249		192.025	391.75196217089
1250		192.045	391.58929010273
1251		192.065	391.43153496233
1252		192.085	391.2739053258
1253		192.105	391.2445656977
1254		192.125	390.88472237605
1255		192.145	390.66822891896
1256		192.165	390.50267979163
1257		192.185	390.32327280369
1258		192.205	390.06078311039
1259		192.225	389.80030410171
1260		192.245	389.58525405553
1261		192.265	389.34472532084
1262		192.285	388.98723034239
1263		192.305	388.69563407784
1264		192.325	388.2778570202
1265		192.345	388.10213779447
1266		192.365	387.82011688316
1267		192.385	387.70671450996
1268		192.405	387.85389613633
1269		192.425	388.20270007967
1270		192.445	-nan
1271		192.465	-nan
1272		192.485	-nan
1273		192.505	-nan
1274		192.525	-nan
1275		192.545	-nan
1276		192.565	-nan
1277		192.585	-nan
1278		192.605	-nan
1279		192.625	-nan
1280		192.645	-nan
1281		192.665	-nan
1282		192.685	-nan
1283		192.705	-nan
1284		192.725	-nan
1285		192.745	-nan
1286		192.765	-nan
1287		192.785	-nan
1288		192.805	-nan
1289		192.825	-nan
1290		192.845	385.50280776619
1291		192.865	384.77465658837
1292		192.885	384.33844439804
1293		192.905	383.95016895986
1294		192.925	383.74237818197
1295		192.945	383.59006078107
1296		192.965	383.56526578743
1297		192.985	383.48524018555
1298		193.005	383.40923259314
1299		193.025	383.24127383358
1300		193.045	383.09289443756
1301		193.065	382.9562938055
1302		193.085	382.72066971117
1303		193.105	382.50772160514
1304		193.125	382.28364454295
1305		193.145	382.08340047863
1306		193.165	381.94128398813
1307		193.185	381.66322344241
1308		193.205	381.45512864258
1309		193.225	381.38505006842
1310		193.245	380.9722296395
1311		193.265	380.45911620894
1312		193.285	-nan
1313		193.305	379.89391272071
1314		193.325	379.82690846937
1315		193.345	379.62979888745
1316		193.365	379.3413228248
1317		193.385	379.03992903947
1318		193.405	378.8304378081
1319		193.425	378.62972027927
1320		193.445	378.48995997251
1321		193.465	378.30647415449
1322		193.485	378.13935307497
1323		193.505	378.07974522908
1324		193.525	377.93017800569
1325		193.545	377.88191634623
1326		193.565	377.70557150252
1327		193.585	377.57267768738
1328		193.605	377.47542273126
1329		193.625	377.42496184647
1330		193.645	377.37387628212
1331		193.665	377.54295925639
1332		193.685	377.77409191671
1333		193.705	378.24965758441
1334		193.725	-nan
1335		193.745	-nan
1336		193.765	-nan
1337		193.785	-nan
1338		193.805	-nan
1339		193.825	-nan
1340		193.845	-nan
1341		193.865	-nan
1342		193.885	-nan
1343		193.905	-nan
1344		193.925	-nan
1345		193.945	-nan
1346		193.965	-nan
1347		193.985	-nan
1348		194.005	-nan
1349		194.025	-nan
1350		194.045	-nan
1351		194.065	-nan
1352		194.085	-nan
1353		194.105	-nan
1354		194.125	375.70267047056
1355		194.145	374.89807786495
1356		194.165	374.34475511541
1357		194.185	374.06618613236
1358		194.205	373.81402068537
1359		194.225	373.63465298226
1360		194.245	373.59401340995
1361		194.265	373.56767912311
1362		194.285	373.5047877142
1363		194.305	373.50348521353
1364		194.325	373.46135449889
1365		194.345	373.40552111405
1366		194.365	373.34368620056
1367		194.385	373.28123251894
1368		194.405	373.20907321964
1369		194.425	373.22487597028
1370		194.445	375.15943445593
1371		194.465	373.07976257625
1372		194.485	373.00161192254
1373		194.505	372.93756328257
1374		194.525	372.88955170518
1375		194.545	372.50760308633
1376		194.565	-nan
1377		194.585	372.23284319495
1378		194.605	372.37335698351
1379		194.625	372.30704593991
1380		194.645	372.05088971108
1381		194.665	371.83528392736
1382		194.685	371.74344207858
1383		194.705	371.51631916375
1384		194.725	371.33004446729
1385		194.745	371.10714633927
1386		194.765	370.85321759321
1387		194.785	370.63633577096
1388		194.805	370.39210399666
1389		194.825	370.08685003384
1390		194.845	369.78228861593
1391		194.865	369.49798741378
1392		194.885	369.20828514226
1393		194.905	368.9504295287
1394		194.925	368.73080231079
1395		194.945	368.80712083081
1396		194.965	368.83725994365
1397		194.985	369.10440052344
1398		195.005	-nan
1399		195.025	-nan
1400		195.045	-nan
1401		195.065	-nan
1402		195.085	-nan
1403		195.105	-nan
1404		195.125	-nan
1405		195.145	-nan
1406		195.165	-nan
1407		195.185	-nan
1408		195.205	-nan
1409		195.225	-nan
1410		195.245	-nan
1411		195.265	-nan
1412		195.285	-nan
1413		195.305	-nan
1414		195.325	-nan
1415		195.345	-nan
1416		195.365	-nan
1417		195.385	-nan
1418		195.405	368.23875319829
1419		195.425	367.57811542379
1420		195.445	367.11707762576
1421		195.465	366.73254454976
1422		195.485	366.59927334786
1423		195.505	366.39698947156
1424		195.525	366.40750629522
1425		195.545	366.14089575781
1426		195.565	366.00579411059
1427		195.585	365.89726396212
1428		195.605	365.69641308309
1429		195.625	365.5035423717
1430		195.645	365.29616245372
1431		195.665	365.12715661356
1432		195.685	364.86057228277
1433		195.705	364.70589597144
1434		195.725	364.51352529688
1435		195.745	364.30899770196
1436		195.765	364.19929492226
1437		195.785	364.16428792309
1438		195.805	363.88916401788
1439		195.825	363.52391868258
1440		195.845	-nan
1441		195.865	363.28894149394
1442		195.885	363.26971649766
1443		195.905	363.15205692847
1444		195.925	363.06649331565
1445		195.945	362.87490224594
1446		195.965	362.73736182212
1447		195.985	362.58311124967
1448		196.005	362.50316511176
1449		196.025	362.39645155082
1450		196.045	362.44667892081
1451		196.065	362.31650912133
1452		196.085	362.09557093038
1453		196.105	362.0108982142
1454		196.125	361.85137653422
1455		196.145	361.71578493355
1456		196.165	361.58126622172
1457		196.185	361.45749458409
1458		196.205	361.26653277277
1459		196.225	361.38659851464
1460		196.245	361.53390123328
1461		196.265	361.83624096335
1462		196.285	-nan
1463		196.305	-nan
1464		196.325	-nan
1465		196.345	-nan
1466		196.365	-nan
1467		196.385	-nan
1468		196.405	-nan
1469		196.425	-nan
1470		196.445	-nan
1471		196.465	-nan
1472		196.485	-nan
1473		196.505	-nan
1474		196.525	-nan
1475		196.545	-nan
1476		196.565	-nan
1477		196.585	-nan
1478		196.605	-nan
1479		196.625	-nan
1480		196.645	-nan
1481		196.665	-nan
1482		196.685	358.60145759296
1483		196.705	358.0397394899
1484		196.725	357.58659108792
1485		196.745	357.29357941215
1486		196.765	357.21939066448
1487		196.785	357.13857332943
1488		196.805	357.12990199865
1489		196.825	357.16417766152
1490		196.845	357.18907821489
1491		196.865	357.20028866747
1492		196.885	357.14164116581
1493		196.905	357.08773194675
1494		196.925	357.03306254352
1495		196.945	356.94868932566
1496		196.965	356.82961103805
1497		196.985	356.74171927181
1498		197.005	356.74503279034
1499		197.025	356.63330416279
1500		197.045	356.44747770802
1501		197.065	356.33533920114
1502		197.085	356.1469209581
1503		197.105	355.55622162658
1504		197.125	-nan
1505		197.145	355.14345182138
1506		197.165	355.24694960348
1507		197.185	354.99503815322
1508		197.205	354.75362563684
1509		197.225	354.37615443403
1510		197.245	354.03545226489
1511		197.265	353.8720027035
1512		197.285	353.55861016151
1513		197.305	353.26995669211
1514		197.325	353.05530252149
1515		197.345	352.80517090755
1516		197.365	352.51704670984
1517		197.385	352.50273986423
1518		197.405	352.1114156809
1519		197.425	351.7553954929
1520		197.445	351.43933378092
1521		197.465	351.32000926752
1522		197.485	351.15670657063
1523		197.505	351.09726533327
1524		197.525	351.30469018442
1525		197.545	351.548583107
1526		197.565	-nan
1527		197.585	-nan
1528		197.605	-nan
1529		197.625	-nan
1530		197.645	-nan
1531		197.665	-nan
1532		197.685	-nan
1533		197.705	-nan
1534		197.725	-nan
1535		197.745	-nan
