0				167.045	-nan
1				167.065	-nan
2				167.085	-nan
3				167.105	-nan
4				167.125	-nan
5				167.145	-nan
6				167.165	-nan
7				167.185	-nan
8				167.205	-nan
9				167.225	-nan
10			167.245	0.63142366368867
11			167.265	0.62076093402988
12			167.285	0.61462513249546
13			167.305	0.6097117592873
14			167.325	0.60271237129013
15			167.345	0.60232198288916
16			167.365	0.59993627599435
17			167.385	0.62850560897436
18			167.405	0.59386356753483
19			167.425	0.59722327377347
20			167.445	0.59060244422572
21			167.465	0.58855586260852
22			167.485	0.58531445588532
23			167.505	0.58253441727236
24			167.525	0.5820572758934
25			167.545	0.58363854608318
26			167.565	0.58335857056329
27			167.585	0.58355967973955
28			167.605	0.63343869876842
29			167.625	0.68213472264284
30			167.645	0.77681376817081
31			167.665	1.9529593806784
32			167.685	-nan
33			167.705	1.9551834115687
34			167.725	0.75271615687462
35			167.745	0.70418180900464
36			167.765	0.67039152407632
37			167.785	0.61490905133253
38			167.805	0.61647454825358
39			167.825	0.61571743135473
40			167.845	0.60986949197456
41			167.865	0.60747589844539
42			167.885	0.60666751842318
43			167.905	0.60201046083182
44			167.925	0.60104829143953
45			167.945	0.60289770719766
46			167.965	0.60217213683626
47			167.985	0.59947885120129
48			168.005	0.60150571623259
49			168.025	0.5938911707551
50			168.045	0.59565383353523
51			168.065	0.59016867933576
52			168.085	0.59126492151221
53			168.105	0.59980220321018
54			168.125	-nan
55			168.145	-nan
56			168.165	-nan
57			168.185	-nan
58			168.205	-nan
59			168.225	-nan
60			168.245	-nan
61			168.265	-nan
62			168.285	-nan
63			168.305	-nan
64			168.325	-nan
65			168.345	-nan
66			168.365	-nan
67			168.385	-nan
68			168.405	-nan
69			168.425	-nan
70			168.445	-nan
71			168.465	-nan
72			168.485	-nan
73			168.505	-nan
74			168.525	0.61843043357561
75			168.545	0.61455415278619
76			168.565	0.60858397057339
77			168.585	0.60231803957198
78			168.605	0.60617066045831
79			168.625	0.6050625883303
80			168.645	0.60551606980618
81			168.665	0.60157275262467
82			168.685	0.60538199702201
83			168.705	0.60386776322431
84			168.725	0.60236141606097
85			168.745	0.6018014650212
86			168.765	0.60681736447608
87			168.785	0.60099702831617
88			168.805	0.59920676231577
89			168.825	0.59980220321018
90			168.845	0.59722721709065
91			168.865	0.60186850141328
92			168.885	0.60426209494246
93			168.905	0.64595478750252
94			168.925	0.68598734352917
95			168.945	1.9096341548052
96			168.965	-nan
97			168.985	2.0442550600646
98			169.005	0.76649016378962
99			169.025	0.66298597440945
100			169.045	0.60622192358167
101			169.065	0.59919493236422
102			169.085	0.59314194049061
103			169.105	0.59275549540682
104			169.125	0.58652899757723
105			169.145	0.58469535508783
106			169.165	0.58739258403998
107			169.185	0.58560231803957
108			169.205	0.58249104078336
109			169.225	0.58800379820311
110			169.245	0.58200601277004
111			169.265	0.5792851239148
112			169.285	0.57826380476479
113			169.305	0.57682055067636
114			169.325	0.57526688370684
115			169.345	0.57718727917424
116			169.365	0.58239245785383
117			169.385	0.5840407644357
118			169.405	-nan
119			169.425	-nan
120			169.445	-nan
121			169.465	-nan
122			169.485	-nan
123			169.505	-nan
124			169.525	-nan
125			169.545	-nan
126			169.565	-nan
127			169.585	-nan
128			169.605	-nan
129			169.625	-nan
130			169.645	-nan
131			169.665	-nan
132			169.685	-nan
133			169.705	-nan
134			169.725	-nan
135			169.745	-nan
136			169.765	-nan
137			169.785	-nan
138			169.805	0.61806764839491
139			169.825	0.60747195512821
140			169.845	0.60087478548355
141			169.865	0.60202623410055
142			169.885	0.59801193720977
143			169.905	0.59276732535837
144			169.925	0.59865864122754
145			169.945	0.59344557591359
146			169.965	0.59356781874621
147			169.985	0.58977040430042
148			170.005	0.59158038688674
149			170.025	0.58814575762164
150			170.045	0.58751088355542
151			170.065	0.58318506460731
152			170.085	0.58512911997779
153			170.105	0.58285776928124
154			170.125	0.58491223753281
155			170.145	0.59458125126186
156			170.165	0.59348895240258
157			170.185	0.64097437790228
158			170.205	0.69277773571573
159			170.225	2.0866417764486
160			170.245	-nan
161			170.265	2.1143869561377
162			170.285	0.70695001766606
163			170.305	0.65871930521906
164			170.325	0.60827639183323
165			170.345	0.60912026171007
166			170.365	0.60191582121946
167			170.385	0.59969179032909
168			170.405	0.60387170654149
169			170.425	0.59779899808197
170			170.445	0.59587071598021
171			170.465	0.59773984832425
172			170.485	0.60008217873006
173			170.505	0.59882031723198
174			170.525	0.5931656003937
175			170.545	0.59162770669291
176			170.565	0.59197866192207
177			170.585	0.58913158691702
178			170.605	0.58878851832223
179			170.625	0.58811421108419
180			170.645	0.58905666389057
181			170.665	0.59146603068847
182			170.685	-nan
183			170.705	-nan
184			170.725	-nan
185			170.745	-nan
186			170.765	-nan
187			170.785	-nan
188			170.805	-nan
189			170.825	-nan
190			170.845	-nan
191			170.865	-nan
192			170.885	-nan
193			170.905	-nan
194			170.925	-nan
195			170.945	-nan
196			170.965	-nan
197			170.985	-nan
198			171.005	-nan
199			171.025	-nan
200			171.045	-nan
201			171.065	-nan
202			171.085	0.60938446396124
203			171.105	0.60161612911367
204			171.125	0.60031483444377
205			171.145	0.59884792045225
206			171.165	0.59898199323642
207			171.185	0.59982586311326
208			171.205	0.60124151398143
209			171.225	0.60150965954977
210			171.245	0.60320134262063
211			171.265	0.60552001312336
212			171.285	0.60318951266909
213			171.305	0.60289770719766
214			171.325	0.59924619548758
215			171.345	0.5993487217343
216			171.365	0.59594958232384
217			171.385	0.60023991141732
218			171.405	0.59898987987079
219			171.425	0.60201834746618
220			171.445	0.60591434484151
221			171.465	0.6552570727337
222			171.485	0.75814610463356
223			171.505	2.0675600646073
224			171.525	-nan
225			171.545	1.9960834973753
226			171.565	0.70005709923279
227			171.585	0.65133741545528
228			171.605	0.607815023723
229			171.625	0.60220762669089
230			171.645	0.59332333308096
231			171.665	0.59225863744195
232			171.685	0.59503473273773
233			171.705	0.59062610412881
234			171.725	0.59021599914193
235			171.745	0.59183670250353
236			171.765	0.58820096406218
237			171.785	0.58975068771452
238			171.805	0.5874083573087
239			171.825	0.62855292878054
240			171.845	0.5887096519786
241			171.865	0.59127675146376
242			171.885	0.59236905032304
243			171.905	0.58878457500505
244			171.925	0.59967207374319
245			171.945	0.60331175550172
246			171.965	-nan
247			171.985	-nan
248			172.005	-nan
249			172.025	-nan
250			172.045	-nan
251			172.065	-nan
252			172.085	-nan
253			172.105	-nan
254			172.125	-nan
255			172.145	-nan
256			172.165	-nan
257			172.185	-nan
258			172.205	-nan
259			172.225	-nan
260			172.245	-nan
261			172.265	-nan
262			172.285	-nan
263			172.305	-nan
264			172.325	-nan
265			172.345	-nan
266			172.365	0.61772457980012
267			172.385	0.6088600027761
268			172.405	0.60273208787603
269			172.425	0.60011372526751
270			172.445	0.59978642994145
271			172.465	0.59566172016959
272			172.485	0.59614280486574
273			172.505	0.5981341800424
274			172.525	0.59684077200686
275			172.545	0.59509782581264
276			172.565	0.59440380198869
277			172.585	0.59698667474258
278			172.605	0.59699850469412
279			172.625	0.59227835402786
280			172.645	0.59693541161922
281			172.665	0.59219554436705
282			172.685	0.59115056531395
283			172.705	0.60501132520695
284			172.725	0.60353258126388
285			172.745	0.64529625353321
286			172.765	0.69511612280436
287			172.785	1.9227575143852
288			172.805	-nan
289			172.825	2.0579975204422
290			172.845	0.77942030082778
291			172.865	0.67581752851807
292			172.885	0.61951090248334
293			172.905	0.61595008706844
294			172.925	0.606663575106
295			172.945	0.60365482409651
296			172.965	0.5993487217343
297			172.985	0.60002697228952
298			173.005	0.60113504441752
299			173.025	0.60051200030285
300			173.045	0.59781082803352
301			173.065	0.5964701001918
302			173.085	0.58906849384212
303			173.105	0.58596904653745
304			173.125	0.58559048808803
305			173.145	0.58283805269534
306			173.165	0.57952172294569
307			173.185	0.57989633807793
308			173.205	0.58083484756713
309			173.225	0.58423793029477
310			173.245	-nan
311			173.265	-nan
312			173.285	-nan
313			173.305	-nan
314			173.325	-nan
315			173.345	-nan
316			173.365	-nan
317			173.385	-nan
318			173.405	-nan
319			173.425	-nan
320			173.445	-nan
321			173.465	-nan
322			173.485	-nan
323			173.505	-nan
324			173.525	-nan
325			173.545	-nan
326			173.565	-nan
327			173.585	-nan
328			173.605	-nan
329			173.625	-nan
330			173.645	0.64688146704018
331			173.665	0.63460592065415
332			173.685	0.62808761735312
333			173.705	0.63194812487381
334			173.725	0.62574134363012
335			173.745	0.62354885927721
336			173.765	0.62674294619423
337			173.785	0.62406543382798
338			173.805	0.62087923354533
339			173.825	0.6434862709469
340			173.845	0.61684127675146
341			173.865	0.61552420881284
342			173.885	0.606620198617
343			173.905	0.60597743791641
344			173.925	0.60612334065213
345			173.945	0.60371003053705
346			173.965	0.5998179764789
347			173.985	0.60140713330305
348			174.005	0.64280013375732
349			174.025	0.68942591611145
350			174.045	0.73767240182718
351			174.065	2.0507536467797
352			174.085	-nan
353			174.105	2.152479400111
354			174.125	0.78406158515041
355			174.145	0.73326377321825
356			174.165	0.68371599283263
357			174.185	0.6370034575005
358			174.205	0.6335293950636
359			174.225	0.62390375782354
360			174.245	0.6293494788512
361			174.265	0.6242547130527
362			174.285	0.6199683272764
363			174.305	0.62572162704422
364			174.325	0.6262579181809
365			174.345	0.62174676332526
366			174.365	0.6178349926812
367			174.385	0.61329623460529
368			174.405	0.61138372577226
369			174.425	0.60809499924288
370			174.445	0.60622192358167
371			174.465	0.60958557313749
372			174.485	0.60633627977993
373			174.505	0.60951065011104
374			174.525	-nan
375			174.545	-nan
376			174.565	-nan
377			174.585	-nan
378			174.605	-nan
379			174.625	-nan
380			174.645	-nan
381			174.665	-nan
382			174.685	-nan
383			174.705	-nan
384			174.725	-nan
385			174.745	-nan
386			174.765	-nan
387			174.785	-nan
388			174.805	-nan
389			174.825	-nan
390			174.845	-nan
391			174.865	-nan
392			174.885	-nan
393			174.905	-nan
394			174.925	0.64950377296588
395			174.945	0.63882921335554
396			174.965	0.63822588582677
397			174.985	0.63486223627095
398			175.005	1.0274825547648
399			175.025	0.63371867428831
400			175.045	0.62550080128205
401			175.065	0.62001564708258
402			175.085	0.61981453790632
403			175.105	0.62117498233394
404			175.125	0.61307146552594
405			175.145	0.61475131864527
406			175.165	0.60817386558651
407			175.185	0.60505864501312
408			175.205	0.60823301534424
409			175.225	0.60366271073087
410			175.245	0.61062660887341
411			175.265	0.60468402988088
412			175.285	0.65610094261054
413			175.305	0.69831809635574
414			175.325	0.79789868514032
415			175.345	2.111133719463
416			175.365	-nan
417			175.385	2.2035611308803
418			175.405	0.80887293685645
419			175.425	0.76820550676358
420			175.445	0.71085390167575
421			175.465	0.66419262946699
422			175.485	0.64569058525136
423			175.505	0.64729551534424
424			175.525	0.63544190389663
425			175.545	0.64513063421159
426			175.565	0.62921540606703
427			175.585	0.62302834140925
428			175.605	0.61348157051282
429			175.625	0.61293739274177
430			175.645	0.60838680471431
431			175.665	0.60777559055118
432			175.685	0.59699061805976
433			175.705	0.58998728674541
434			175.725	0.5863633782556
435			175.745	0.58525924944478
436			175.765	0.59003460655158
437			175.785	0.59059061427418
438			175.805	-nan
439			175.825	-nan
440			175.845	-nan
441			175.865	-nan
442			175.885	-nan
443			175.905	-nan
444			175.925	-nan
445			175.945	-nan
446			175.965	-nan
447			175.985	-nan
448			176.005	-nan
449			176.025	-nan
450			176.045	-nan
451			176.065	-nan
452			176.085	-nan
453			176.105	-nan
454			176.125	-nan
455			176.145	-nan
456			176.165	-nan
457			176.185	-nan
458			176.205	0.67329380552191
459			176.225	0.70971822632748
460			176.245	0.65270574651726
461			176.265	0.64454702326873
462			176.285	0.64570241520291
463			176.305	0.64346655436099
464			176.325	0.63147098349485
465			176.345	0.6706714995962
466			176.365	0.6273659903089
467			176.385	0.62021675625883
468			176.405	0.61483807162326
469			176.425	0.61167553124369
470			176.445	0.60627713002221
471			176.465	0.60291742378357
472			176.485	0.59706948440339
473			176.505	0.59761760549162
474			176.525	0.59064187739754
475			176.545	0.59319320361397
476			176.565	0.63253962245104
477			176.585	0.67241050247325
478			176.605	0.7232753507975
479			176.625	2.0561205014638
480			176.645	-nan
481			176.665	2.348876312336
482			176.685	0.88298758328286
483			176.705	0.77014956213406
484			176.725	0.72133129542701
485			176.745	0.66166890647083
486			176.765	0.66036366848375
487			176.785	0.65231141479911
488			176.805	0.71362999697153
489			176.825	0.64903846153846
490			176.845	0.63735835604684
491			176.865	0.63721639662831
492			176.885	0.68633041212397
493			176.905	0.6336792411165
494			176.925	0.62886050752069
495			176.945	0.62701897839693
496			176.965	0.6211828689683
497			176.985	0.61453837951746
498			177.005	0.61186086715122
499			177.025	0.61143498889562
500			177.045	0.60814231904906
501			177.065	0.61207380627902
502			177.085	-nan
503			177.105	-nan
504			177.125	-nan
505			177.145	-nan
506			177.165	-nan
507			177.185	-nan
508			177.205	-nan
509			177.225	-nan
510			177.245	-nan
511			177.265	-nan
512			177.285	-nan
513			177.305	-nan
514			177.325	-nan
515			177.345	-nan
516			177.365	-nan
517			177.385	-nan
518			177.405	-nan
519			177.425	-nan
520			177.445	-nan
521			177.465	-nan
522			177.485	0.69320755728851
523			177.505	0.67587273495861
524			177.525	0.66753261911973
525			177.545	0.66928345194831
526			177.565	0.66426755249344
527			177.585	0.65838017994145
528			177.605	0.66347100242277
529			177.625	0.67147593630123
530			177.645	0.64843513400969
531			177.665	0.65147937487381
532			177.685	0.64926717393499
533			177.705	0.64318263552392
534			177.725	0.64267000429033
535			177.745	0.63710598374722
536			177.765	0.63475182338986
537			177.785	0.63461380728851
538			177.805	0.63061922698365
539			177.825	0.62965705759136
540			177.845	0.67298228346457
541			177.865	0.7145330166061
542			177.885	0.76488129037957
543			177.905	2.2405652193115
544			177.925	-nan
545			177.945	2.4231408048153
546			177.965	0.8416142994145
547			177.985	0.78436916389057
548			178.005	0.72846869952554
549			178.025	0.67784833686655
550			178.045	0.66780076468807
551			178.065	0.66289922143146
552			178.085	0.66507987583283
553			178.105	0.65404647435897
554			178.125	0.64664486800929
555			178.145	0.64863624318595
556			178.165	0.64294603649303
557			178.185	0.64201147032102
558			178.205	0.64076143877448
559			178.225	0.63676291515243
560			178.245	0.6350002523723
561			178.265	0.63078090298809
562			178.285	0.6268336424894
563			178.305	0.62608046890773
564			178.325	0.6260883555421
565			178.345	0.63102933197052
566			178.365	-nan
567			178.385	-nan
568			178.405	-nan
569			178.425	-nan
570			178.445	-nan
571			178.465	-nan
572			178.485	-nan
573			178.505	-nan
574			178.525	-nan
575			178.545	-nan
576			178.565	-nan
577			178.585	-nan
578			178.605	-nan
579			178.625	-nan
580			178.645	-nan
581			178.665	-nan
582			178.685	-nan
583			178.705	-nan
584			178.725	-nan
585			178.745	-nan
586			178.765	0.69167755022209
587			178.785	0.67713065313951
588			178.805	0.67935468402988
589			178.825	0.66983945967091
590			178.845	0.661759602766
591			178.865	0.66094333610943
592			178.885	0.65599841636382
593			178.905	0.64936575686453
594			178.925	0.65280827276398
595			178.945	0.64933815364426
596			178.965	0.64087579497274
597			178.985	0.64348232762972
598			179.005	0.63604128810822
599			179.025	0.63800900338179
600			179.045	0.63776846103372
601			179.065	0.64105718756309
602			179.085	0.64266606097315
603			179.105	0.6398623624571
604			179.125	0.68901581112457
605			179.145	0.77042559433677
606			179.165	0.83711891782758
607			179.185	2.379945708409
608			179.205	-nan
609			179.225	2.4759615384615
610			179.245	0.84518300146376
611			179.265	0.79158543433273
612			179.285	0.75589052720573
613			179.305	0.69554594437715
614			179.325	0.69427225292752
615			179.345	0.68903947102766
616			179.365	0.68251328109227
617			179.385	0.67614482384413
618			179.405	0.67795480643045
619			179.425	0.67062023647284
620			179.445	0.6683686023622
621			179.465	0.66340790934787
622			179.485	0.66411770644054
623			179.505	0.65260322027054
624			179.525	0.6436361169998
625			179.545	0.63907764233798
626			179.565	0.63708626716132
627			179.585	0.63078090298809
628			179.605	0.62324522385423
629			179.625	0.63144732359176
630			179.645	-nan
631			179.665	-nan
632			179.685	-nan
633			179.705	-nan
634			179.725	-nan
635			179.745	-nan
636			179.765	-nan
637			179.785	-nan
638			179.805	-nan
639			179.825	-nan
640			179.845	-nan
641			179.865	-nan
642			179.885	-nan
643			179.905	-nan
644			179.925	-nan
645			179.945	-nan
646			179.965	-nan
647			179.985	-nan
648			180.005	-nan
649			180.025	-nan
650			180.045	0.684745198617
651			180.065	0.68625548909752
652			180.085	0.67207137719564
653			180.105	0.66784808449425
654			180.125	0.6711407543408
655			180.145	0.6680925701595
656			180.165	0.6618660723299
657			180.185	0.6612272549465
658			180.205	0.66016650262467
659			180.225	0.65558831137694
660			180.245	0.65358116293156
661			180.265	0.65106138325257
662			180.285	0.66364056506158
663			180.305	0.66737094311528
664			180.325	0.6391367920957
665			180.345	0.63627788713911
666			180.365	0.63197967141127
667			180.385	0.62627763476681
668			180.405	0.67402726251767
669			180.425	0.71290442661014
670			180.445	0.75885984504341
671			180.465	2.3191713040077
672			180.485	-nan
673			180.505	2.5447724232788
674			180.525	0.86734838734101
675			180.545	0.76766921562689
676			180.565	0.71154398218252
677			180.585	0.65425152685241
678			180.605	0.65854974258025
679			180.625	0.64886889889966
680			180.645	0.64493346835251
681			180.665	0.64561171890773
682			180.685	0.63921171512215
683			180.705	0.63786310064607
684			180.725	0.63748454219665
685			180.745	0.63565089970725
686			180.765	0.63321787300626
687			180.785	0.62744091333535
688			180.805	0.62899458030487
689			180.825	0.65628233520089
690			180.845	0.62186900615788
691			180.865	0.62263795300828
692			180.885	0.68613718958207
693			180.905	0.62785890495659
694			180.925	-nan
695			180.945	-nan
696			180.965	-nan
697			180.985	-nan
698			181.005	-nan
699			181.025	-nan
700			181.045	-nan
701			181.065	-nan
702			181.085	-nan
703			181.105	-nan
704			181.125	-nan
705			181.145	-nan
706			181.165	-nan
707			181.185	-nan
708			181.205	-nan
709			181.225	-nan
710			181.245	-nan
711			181.265	-nan
712			181.285	-nan
713			181.305	-nan
714			181.325	0.65556070815667
715			181.345	0.64405016530386
716			181.365	0.63076907303654
717			181.385	0.63862021754492
718			181.405	0.63281171133656
719			181.425	0.63144338027458
720			181.445	0.63645533641228
721			181.465	0.63307985690491
722			181.485	0.63386852034121
723			181.505	0.64888467216838
724			181.525	0.63460986397133
725			181.545	0.63204670780335
726			181.565	0.63103721860489
727			181.585	0.63329673934989
728			181.605	0.63331251261861
729			181.625	0.63393161341611
730			181.645	0.63817462270341
731			181.665	0.63546162048254
732			181.685	0.68618845270543
733			181.705	0.72840954976782
734			181.725	0.78468857258227
735			181.745	2.4914351150818
736			181.765	-nan
737			181.785	2.6181851592469
738			181.805	0.81942919695134
739			181.825	0.76532688522108
740			181.845	0.71392574576015
741			181.865	0.66099065591561
742			181.885	0.6505448087018
743			181.905	0.64789884287301
744			181.925	0.64267789092469
745			181.945	0.63999643524127
746			181.965	0.63319815642035
747			181.985	0.63518164496265
748			182.005	0.62932187563093
749			182.025	0.62807184408439
750			182.045	0.62492902029073
751			182.065	0.61719223198062
752			182.085	0.61647849157077
753			182.105	0.62547714137896
754			182.125	0.61013369422572
755			182.145	0.61330412123965
756			182.165	0.60675427140117
757			182.185	0.61282697986069
758			182.205	-nan
759			182.225	-nan
760			182.245	-nan
761			182.265	-nan
762			182.285	-nan
763			182.305	-nan
764			182.325	-nan
765			182.345	-nan
766			182.365	-nan
767			182.385	-nan
768			182.405	-nan
769			182.425	-nan
770			182.445	-nan
771			182.465	-nan
772			182.485	-nan
773			182.505	-nan
774			182.525	-nan
775			182.545	-nan
776			182.565	-nan
777			182.585	-nan
778			182.605	0.65927531294165
779			182.625	0.65078535104987
780			182.645	0.64774899682011
781			182.665	0.63967308323238
782			182.685	0.6334229254997
783			182.705	0.63611226781748
784			182.725	0.63123438446396
785			182.745	0.63156167979003
786			182.765	0.63403019634565
787			182.785	0.62936130880275
788			182.805	0.62499605668282
789			182.825	0.62405754719362
790			182.845	0.61421897082576
791			182.865	0.62280751564708
792			182.885	0.61748403745205
793			182.905	0.62081614047042
794			182.925	0.61650609479104
795			182.945	0.61593037048254
796			182.965	0.67345153820917
797			182.985	0.72118144937412
798			183.005	0.8230412754896
799			183.025	2.4656221608116
800			183.045	-nan
801			183.065	2.4684416325964
802			183.085	0.7932337409146
803			183.105	0.73663136609126
804			183.125	0.70288445765193
805			183.145	0.64980346507167
806			183.165	0.64852583030487
807			183.185	0.64556834241874
808			183.205	0.64144757596406
809			183.225	0.63958633025439
810			183.245	0.64305250605694
811			183.265	0.63436932162326
812			183.285	0.63556414672925
813			183.305	0.63440086816071
814			183.325	0.63235034322633
815			183.345	0.63039840122148
816			183.365	0.62401417070462
817			183.385	0.62409698036544
818			183.405	0.6225472567131
819			183.425	0.62420344992934
820			183.445	0.61879321875631
821			183.465	0.62638804764789
822			183.485	-nan
823			183.505	-nan
824			183.525	-nan
825			183.545	-nan
826			183.565	-nan
827			183.585	-nan
828			183.605	-nan
829			183.625	-nan
830			183.645	-nan
831			183.665	-nan
832			183.685	-nan
833			183.705	-nan
834			183.725	-nan
835			183.745	-nan
836			183.765	-nan
837			183.785	-nan
838			183.805	-nan
839			183.825	-nan
840			183.845	-nan
841			183.865	-nan
842			183.885	0.64475601907935
843			183.905	0.63784732737735
844			183.925	0.63403019634565
845			183.945	0.62804029754694
846			183.965	0.63342686881688
847			183.985	0.63167603598829
848			184.005	0.63358854482132
849			184.025	0.63352545174642
850			184.045	0.6371966800424
851			184.065	0.63653814607309
852			184.085	0.64066285584494
853			184.105	0.63824954572986
854			184.125	0.63905792575207
855			184.145	0.63894356955381
856			184.165	0.63458226075106
857			184.185	0.63391584014739
858			184.205	0.63538275413891
859			184.225	0.63257116898849
860			184.245	0.72061755501716
861			184.265	0.71820818821926
862			184.285	0.76978677695336
863			184.305	2.413944989148
864			184.325	-nan
865			184.345	2.651080311175
866			184.365	0.87231302367252
867			184.385	0.76705405814658
868			184.405	0.71267177089643
869			184.425	0.64421972794266
870			184.445	0.64763069730466
871			184.465	0.63912101882697
872			184.485	0.63039840122148
873			184.505	0.63523290808601
874			184.525	0.62759470270543
875			184.545	0.62135243160711
876			184.565	0.62232248763376
877			184.585	0.61731841813043
878			184.605	0.61429783716939
879			184.625	0.61524423329295
880			184.645	0.61151385523925
881			184.665	0.60746801181102
882			184.685	0.59908846280032
883			184.705	0.60262956162932
884			184.725	0.60884028619019
885			184.745	0.61174651095296
886			184.765	-nan
887			184.785	-nan
888			184.805	-nan
889			184.825	-nan
890			184.845	-nan
891			184.865	-nan
892			184.885	-nan
893			184.905	-nan
894			184.925	-nan
895			184.945	-nan
896			184.965	-nan
897			184.985	-nan
898			185.005	-nan
899			185.025	-nan
900			185.045	-nan
901			185.065	-nan
902			185.085	-nan
903			185.105	-nan
904			185.125	-nan
905			185.145	-nan
906			185.165	0.66209478472643
907			185.185	0.64599027735716
908			185.205	0.66382590096911
909			185.225	0.71632722592368
910			185.245	0.63191263501918
911			185.265	0.6294993249041
912			185.285	0.63514221179083
913			185.305	0.62550474459923
914			185.325	0.623848551383
915			185.345	0.62546136811024
916			185.365	0.62299285155461
917			185.385	0.61997621391076
918			185.405	0.61639962522714
919			185.425	0.61438459014739
920			185.445	0.61155723172825
921			185.465	0.61091052771048
922			185.485	0.63048121088229
923			185.505	0.61057534575005
924			185.525	0.65896773420149
925			185.545	0.70237182641833
926			185.565	0.76119823213204
927			185.585	2.4782565490612
928			185.605	-nan
929			185.625	2.6411470951948
930			185.645	0.82274947001817
931			185.665	0.77155732636786
932			185.685	0.72170985387644
933			185.705	0.666365397234
934			185.725	0.65702762214819
935			185.745	0.65530044922269
936			185.765	0.65167654073289
937			185.785	0.64811966863517
938			185.805	0.72899316071068
939			185.825	0.63884104330709
940			185.845	0.63317449651726
941			185.865	0.62773666212397
942			185.885	0.62572951367858
943			185.905	0.61790991570765
944			185.925	0.61003905461337
945			185.945	0.59979037325863
946			185.965	0.59764520871189
947			185.985	0.59696301483949
948			186.005	0.59174600620836
949			186.025	0.59475870053503
950			186.045	-nan
951			186.065	-nan
952			186.085	-nan
953			186.105	-nan
954			186.125	-nan
955			186.145	-nan
956			186.165	-nan
957			186.185	-nan
958			186.205	-nan
959			186.225	-nan
960			186.245	-nan
961			186.265	-nan
962			186.285	-nan
963			186.305	-nan
964			186.325	-nan
965			186.345	-nan
966			186.365	-nan
967			186.385	-nan
968			186.405	-nan
969			186.425	-nan
970			186.445	0.66229589390269
971			186.465	0.64799348248536
972			186.485	0.65040679260044
973			186.505	0.64469686932162
974			186.525	0.63550105365435
975			186.545	0.6409073415102
976			186.565	0.63935367454068
977			186.585	0.62926666919039
978			186.605	0.63190080506764
979			186.625	0.63157350974157
980			186.645	0.6233792966384
981			186.665	0.62956636129618
982			186.685	0.61718040202907
983			186.705	0.61325285811629
984			186.725	0.60365876741369
985			186.745	0.60474712295578
986			186.765	0.60483387593378
987			186.785	0.60267688143549
988			186.805	0.65056058197052
989			186.825	0.69480065742984
990			186.845	0.79378974863719
991			186.865	2.5024803465072
992			186.885	-nan
993			186.905	2.6369514057137
994			186.925	0.81166480542096
995			186.945	0.75918319705229
996			186.965	0.71741952478296
997			186.985	0.65384142186554
998			187.005	0.68968223172825
999			187.025	0.64762675398748
1000		187.045	0.63940099434686
1001		187.065	0.71682802720573
1002		187.085	0.63271312840703
1003		187.105	0.62747640318999
1004		187.125	0.62189660937815
1005		187.145	0.61976327478296
1006		187.165	0.61222365233192
1007		187.185	0.6109696774682
1008		187.205	0.65033975620836
1009		187.225	0.60822907202705
1010		187.245	0.61183720724813
1011		187.265	0.60728661922067
1012		187.285	0.60980245558248
1013		187.305	0.62167184029881
1014		187.325	-nan
1015		187.345	-nan
1016		187.365	-nan
1017		187.385	-nan
1018		187.405	-nan
1019		187.425	-nan
1020		187.445	-nan
1021		187.465	-nan
1022		187.485	-nan
1023		187.505	-nan
1024		187.525	-nan
1025		187.545	-nan
1026		187.565	-nan
1027		187.585	-nan
1028		187.605	-nan
1029		187.625	-nan
1030		187.645	-nan
1031		187.665	-nan
1032		187.685	-nan
1033		187.705	-nan
1034		187.725	0.63051275741975
1035		187.745	0.63790647713507
1036		187.765	0.63680234832425
1037		187.785	0.64974825863113
1038		187.805	0.61424657404603
1039		187.825	0.60852087749849
1040		187.845	0.60046468049667
1041		187.865	0.61042549969715
1042		187.885	0.60650189910155
1043		187.905	0.60566591585908
1044		187.925	0.60052777357157
1045		187.945	0.67496577200686
1046		187.965	0.59188402230971
1047		187.985	0.58463226201292
1048		188.005	0.6047234630527
1049		188.025	0.57245529855643
1050		188.045	0.56307809029881
1051		188.065	0.57344112785181
1052		188.085	0.56844888830002
1053		188.105	0.57091740485564
1054		188.125	0.58095709039976
1055		188.145	0.73495545628912
1056		188.165	-nan
1057		188.185	0.77479478977387
1058		188.205	0.60750350166566
1059		188.225	0.59953800095901
1060		188.245	0.58390669165152
1061		188.265	0.5622263337876
1062		188.285	0.56874069377145
1063		188.305	0.56307414698163
1064		188.325	0.55868129164143
1065		188.345	0.58943522234
1066		188.365	0.55997469967696
1067		188.385	0.55558578765395
1068		188.405	0.56245504618413
1069		188.425	0.55692257217848
1070		188.445	0.54765972011912
1071		188.465	0.54750198743186
1072		188.485	0.54036852665051
1073		188.505	0.53407104911165
1074		188.525	0.53132255703614
1075		188.545	0.53324295250353
1076		188.565	0.53663026196245
1077		188.585	0.54284887315768
1078		188.605	-nan
1079		188.625	-nan
1080		188.645	-nan
1081		188.665	-nan
1082		188.685	-nan
1083		188.705	-nan
1084		188.725	-nan
1085		188.745	-nan
1086		188.765	-nan
1087		188.785	-nan
1088		188.805	-nan
1089		188.825	-nan
1090		188.845	-nan
1091		188.865	-nan
1092		188.885	-nan
1093		188.905	-nan
1094		188.925	-nan
1095		188.945	-nan
1096		188.965	-nan
1097		188.985	-nan
1098		189.005	0.69614532858873
1099		189.025	0.66660988289925
1100		189.045	0.65015442030083
1101		189.065	0.65081295427014
1102		189.085	0.63827714895013
1103		189.105	0.62959002119927
1104		189.125	0.63205065112053
1105		189.145	0.62820591686856
1106		189.165	0.61857633631133
1107		189.185	0.61303203235413
1108		189.205	0.67446497072481
1109		189.225	0.60171865536039
1110		189.245	0.59054723778518
1111		189.265	0.58340983368665
1112		189.285	0.57880009590147
1113		189.305	0.55963557439935
1114		189.325	0.55508892968908
1115		189.345	0.55260069654755
1116		189.365	0.55238775741975
1117		189.385	0.56228154022814
1118		189.405	0.57373687664042
1119		189.425	0.74537764359984
1120		189.445	-nan
1121		189.465	0.77828068216233
1122		189.485	0.60341822506562
1123		189.505	0.58517643978397
1124		189.525	0.56793625706642
1125		189.545	0.55969472415708
1126		189.565	0.55700538183929
1127		189.585	0.55550692131032
1128		189.605	0.56650877624672
1129		189.625	0.56302288385827
1130		189.645	0.5570250984252
1131		189.665	0.56842522839693
1132		189.685	0.56689127801333
1133		189.705	0.55740365687462
1134		189.725	0.56210409095498
1135		189.745	0.55445799894004
1136		189.765	0.54816052140117
1137		189.785	0.59257410281647
1138		189.805	0.58747933701797
1139		189.825	0.54538836942257
1140		189.845	0.54631110564304
1141		189.865	0.55025442282455
1142		189.885	-nan
1143		189.905	-nan
1144		189.925	-nan
1145		189.945	-nan
1146		189.965	-nan
1147		189.985	-nan
1148		190.005	-nan
1149		190.025	-nan
1150		190.045	-nan
1151		190.065	-nan
1152		190.085	-nan
1153		190.105	-nan
1154		190.125	-nan
1155		190.145	-nan
1156		190.165	-nan
1157		190.185	-nan
1158		190.205	-nan
1159		190.225	-nan
1160		190.245	-nan
1161		190.265	-nan
1162		190.285	0.6782426685847
1163		190.305	0.65605756612154
1164		190.325	0.65375861220472
1165		190.345	0.64117548707854
1166		190.365	0.63283537123965
1167		190.385	0.63847037149203
1168		190.405	0.63709809711286
1169		190.425	0.63082427947708
1170		190.445	0.65761517640824
1171		190.465	0.62807973071876
1172		190.485	0.62619876842318
1173		190.505	0.61568588481728
1174		190.525	0.61035846330507
1175		190.545	0.60660048203109
1176		190.565	0.59164347996164
1177		190.585	0.58947071219463
1178		190.605	0.58530656925096
1179		190.625	0.57350027760953
1180		190.645	0.58749116696951
1181		190.665	0.59693146830204
1182		190.685	0.60504681506158
1183		190.705	0.78229892237028
1184		190.725	-nan
1185		190.745	0.81604188749243
1186		190.765	0.64806446219463
1187		190.785	0.60911237507571
1188		190.805	0.60366271073087
1189		190.825	0.58541303881486
1190		190.845	0.5784964604785
1191		190.865	0.59115845194831
1192		190.885	0.58700613895619
1193		190.905	0.58438383303049
1194		190.925	0.58912764359984
1195		190.945	0.5855313383303
1196		190.965	0.58541303881486
1197		190.985	0.58738864072279
1198		191.005	0.58251075736927
1199		191.025	0.5820138994044
1200		191.045	0.57455708661417
1201		191.065	0.57404839869776
1202		191.085	0.5745294833939
1203		191.105	0.57051124318595
1204		191.125	0.57394981576822
1205		191.145	0.58955352185544
1206		191.165	-nan
1207		191.185	-nan
1208		191.205	-nan
1209		191.225	-nan
1210		191.245	-nan
1211		191.265	-nan
1212		191.285	-nan
1213		191.305	-nan
1214		191.325	-nan
1215		191.345	-nan
1216		191.365	-nan
1217		191.385	-nan
1218		191.405	-nan
1219		191.425	-nan
1220		191.445	-nan
1221		191.465	-nan
1222		191.485	-nan
1223		191.505	-nan
1224		191.525	-nan
1225		191.545	-nan
1226		191.565	0.72659562386432
1227		191.585	0.72236838784575
1228		191.605	0.69875580456289
1229		191.625	0.6925056468302
1230		191.645	0.69620842166364
1231		191.665	1.0234209380678
1232		191.685	0.68817588456491
1233		191.705	0.68860570613769
1234		191.725	0.68274199348879
1235		191.745	0.67573471885726
1236		191.765	0.67049010700585
1237		191.785	0.6643819086917
1238		191.805	0.6570039622451
1239		191.825	0.64434985740965
1240		191.845	0.64444844033919
1241		191.865	0.63910524555825
1242		191.885	0.63829292221886
1243		191.905	0.62218841484959
1244		191.925	0.64085607838684
1245		191.945	0.65161739097517
1246		191.965	0.65445657934585
1247		191.985	0.85924881385019
1248		192.005	-nan
1249		192.025	0.9009533363618
1250		192.045	0.64085607838684
1251		192.065	0.62595033944074
1252		192.085	0.61432938370684
1253		192.105	0.60251126211387
1254		192.125	0.60100097163335
1255		192.145	0.59466011760549
1256		192.165	0.59010952957803
1257		192.185	0.60560676610135
1258		192.205	0.59772013173834
1259		192.225	0.59357964869776
1260		192.245	0.60247577225924
1261		192.265	0.59708525767212
1262		192.285	0.59298420780335
1263		192.305	0.58853614602261
1264		192.325	0.58557077150212
1265		192.345	0.5806928881486
1266		192.365	0.57641044568948
1267		192.385	0.5760003407026
1268		192.405	0.57607132041187
1269		192.425	0.58169843402988
1270		192.445	-nan
1271		192.465	-nan
1272		192.485	-nan
1273		192.505	-nan
1274		192.525	-nan
1275		192.545	-nan
1276		192.565	-nan
1277		192.585	-nan
1278		192.605	-nan
1279		192.625	-nan
1280		192.645	-nan
1281		192.665	-nan
1282		192.685	-nan
1283		192.705	-nan
1284		192.725	-nan
1285		192.745	-nan
1286		192.765	-nan
1287		192.785	-nan
1288		192.805	-nan
1289		192.825	-nan
1290		192.845	0.69288420527963
1291		192.865	0.68049824601252
1292		192.885	0.66977242327882
1293		192.905	0.66693717822532
1294		192.925	0.65882183146578
1295		192.945	0.65477204472037
1296		192.965	0.64764647057339
1297		192.985	0.64709834948516
1298		193.005	0.64572213178881
1299		193.025	0.63990573894609
1300		193.045	0.63290635094892
1301		193.065	0.63192840828791
1302		193.085	0.61261404073289
1303		193.105	0.60819358217242
1304		193.125	0.6063638830002
1305		193.145	0.58326787426812
1306		193.165	0.59004643650313
1307		193.185	0.573314941702
1308		193.205	0.57397347567131
1309		193.225	0.62229094109631
1310		193.245	0.5874517337977
1311		193.265	0.82907060746013
1312		193.285	-nan
1313		193.305	0.80280417171411
1314		193.325	0.55930827907329
1315		193.345	0.53706797016959
1316		193.365	0.510158773723
1317		193.385	0.51483554790026
1318		193.405	0.50464207298607
1319		193.425	0.5007539622451
1320		193.445	0.51328188093075
1321		193.465	0.50830541464769
1322		193.485	0.50665710806582
1323		193.505	0.520435058298
1324		193.525	0.51323061780739
1325		193.545	0.51475273823945
1326		193.565	0.51659426736321
1327		193.585	0.51476851150818
1328		193.605	0.51132599560872
1329		193.625	0.51185834342823
1330		193.645	0.5097959885423
1331		193.665	0.5115428780537
1332		193.685	0.51444910281647
1333		193.705	0.52685083535231
1334		193.725	-nan
1335		193.745	-nan
1336		193.765	-nan
1337		193.785	-nan
1338		193.805	-nan
1339		193.825	-nan
1340		193.845	-nan
1341		193.865	-nan
1342		193.885	-nan
1343		193.905	-nan
1344		193.925	-nan
1345		193.945	-nan
1346		193.965	-nan
1347		193.985	-nan
1348		194.005	-nan
1349		194.025	-nan
1350		194.045	-nan
1351		194.065	-nan
1352		194.085	-nan
1353		194.105	-nan
1354		194.125	0.63355699828387
1355		194.145	0.61404152155259
1356		194.165	0.61290190288714
1357		194.185	0.61126542625681
1358		194.205	0.59772013173834
1359		194.225	0.59912789597214
1360		194.245	0.59603633530184
1361		194.265	0.59640306379972
1362		194.285	0.5941672029578
1363		194.305	0.59283830506764
1364		194.325	0.58994391025641
1365		194.345	0.57699405663234
1366		194.365	0.57360280385625
1367		194.385	0.57243558197052
1368		194.405	0.55621671840299
1369		194.425	0.59462068443368
1370		194.445	1.7263487722088
1371		194.465	0.55375214516455
1372		194.485	0.54488756814052
1373		194.505	0.56050310417929
1374		194.525	0.56965554335756
1375		194.545	0.80563941676762
1376		194.565	-nan
1377		194.585	0.78616731652534
1378		194.605	0.55062115132243
1379		194.625	0.53458368034525
1380		194.645	0.53034067105794
1381		194.665	0.52966636381991
1382		194.685	0.52363703184938
1383		194.705	0.5355103598829
1384		194.725	0.55696989198466
1385		194.745	0.52598330557238
1386		194.765	0.53648435922673
1387		194.785	0.53324295250353
1388		194.805	0.53148817635776
1389		194.825	0.53603087775086
1390		194.845	0.53131467040178
1391		194.865	0.52657085983242
1392		194.885	0.52307313749243
1393		194.905	0.5190272940642
1394		194.925	0.51691367605492
1395		194.945	0.54751776070059
1396		194.965	0.5172804045528
1397		194.985	0.52330184988896
1398		195.005	-nan
1399		195.025	-nan
1400		195.045	-nan
1401		195.065	-nan
1402		195.085	-nan
1403		195.105	-nan
1404		195.125	-nan
1405		195.145	-nan
1406		195.165	-nan
1407		195.185	-nan
1408		195.205	-nan
1409		195.225	-nan
1410		195.245	-nan
1411		195.265	-nan
1412		195.285	-nan
1413		195.305	-nan
1414		195.325	-nan
1415		195.345	-nan
1416		195.365	-nan
1417		195.385	-nan
1418		195.405	0.64724819553806
1419		195.425	0.64242551862508
1420		195.445	0.63089131586917
1421		195.465	0.62251965349283
1422		195.485	0.62386038133454
1423		195.505	0.62433357939633
1424		195.525	0.68971772158288
1425		195.545	0.62156142741773
1426		195.565	0.61344608065819
1427		195.585	0.60899407556027
1428		195.605	0.60878902306683
1429		195.625	0.60086689884918
1430		195.645	0.59567355012114
1431		195.665	0.58615438244498
1432		195.685	0.57919442761962
1433		195.705	0.5799042247123
1434		195.725	0.57037717040178
1435		195.745	0.56479737658995
1436		195.765	0.55873649808197
1437		195.785	0.61848169669897
1438		195.805	0.57599245406824
1439		195.825	0.7680517173935
1440		195.845	-nan
1441		195.865	0.75671862381385
1442		195.885	0.55281363567535
1443		195.905	0.54534499293358
1444		195.925	0.52901965980214
1445		195.945	0.5251039458409
1446		195.965	0.53266328487785
1447		195.985	0.5306916262871
1448		196.005	0.52836112583283
1449		196.025	0.5395404300424
1450		196.045	0.56969103321219
1451		196.065	0.53893710251363
1452		196.085	0.54828670755098
1453		196.105	0.54783716939229
1454		196.125	0.54095608091056
1455		196.145	0.54276606349687
1456		196.165	0.55123630880275
1457		196.185	0.54739551786796
1458		196.205	0.53731245583485
1459		196.225	0.53750962169392
1460		196.245	0.54119662325863
1461		196.265	0.54778196295175
1462		196.285	-nan
1463		196.305	-nan
1464		196.325	-nan
1465		196.345	-nan
1466		196.365	-nan
1467		196.385	-nan
1468		196.405	-nan
1469		196.425	-nan
1470		196.445	-nan
1471		196.465	-nan
1472		196.485	-nan
1473		196.505	-nan
1474		196.525	-nan
1475		196.545	-nan
1476		196.565	-nan
1477		196.585	-nan
1478		196.605	-nan
1479		196.625	-nan
1480		196.645	-nan
1481		196.665	-nan
1482		196.685	0.64486643196043
1483		196.705	0.63371473097113
1484		196.725	0.6160447266808
1485		196.745	0.61729870154452
1486		196.765	0.61511016050878
1487		196.785	0.61189635700585
1488		196.805	0.61321736826166
1489		196.825	0.60979062563093
1490		196.845	0.60931742756915
1491		196.865	0.60544509009691
1492		196.885	0.60050411366848
1493		196.905	0.59637940389663
1494		196.925	0.58409991419342
1495		196.945	0.58009744725419
1496		196.965	0.57454525666263
1497		196.985	0.55917026297194
1498		197.005	0.55520722920452
1499		197.025	0.55462361826166
1500		197.045	0.53927228447406
1501		197.065	0.55546354482132
1502		197.085	0.57281019710277
1503		197.105	0.87161899984858
1504		197.125	-nan
1505		197.145	0.82281256309307
1506		197.165	0.53600721784777
1507		197.185	0.51605797622653
1508		197.205	0.49311970018171
1509		197.225	0.50701200661215
1510		197.245	0.49583664571977
1511		197.265	0.49498094589138
1512		197.285	0.50815556859479
1513		197.305	0.50358526398143
1514		197.325	0.50219327301635
1515		197.345	0.51240646451645
1516		197.365	0.50908619144963
1517		197.385	0.63110425499697
1518		197.405	0.55329472037149
1519		197.425	0.50363652710479
1520		197.445	0.49871132394508
1521		197.465	0.50413732838684
1522		197.485	0.49777675777307
1523		197.505	0.49490602286493
1524		197.525	0.50805698566525
1525		197.545	0.50517442080557
1526		197.565	-nan
1527		197.585	-nan
1528		197.605	-nan
1529		197.625	-nan
1530		197.645	-nan
1531		197.665	-nan
1532		197.685	-nan
1533		197.705	-nan
1534		197.725	-nan
1535		197.745	-nan
