0				131.215	-nan
1				131.255	-nan
2				131.295	-nan
3				131.335	-nan
4				131.375	-nan
5				131.415	0.6075132755805
6				131.455	0.38928183886167
7				131.495	0.40703668854929
8				131.535	3.3123880182704
9				131.575	0.67162901196515
10			131.615	0.3986729827066
11			131.655	0.43544444804949
12			131.695	0.39875409623309
13			131.735	0.40552256938812
14			131.775	0.40951515741432
15			131.815	0.41896037694357
16			131.855	-nan
17			131.895	0.39593314803399
18			131.935	0.38982259570495
19			131.975	1.3882580059051
20			132.015	5.2376355947785
21			132.055	0.41806812815216
22			132.095	0.38048552754435
23			132.135	0.38221594944284
24			132.175	0.36401948166654
25			132.215	0.38172025566984
26			132.255	0.44702565710969
27			132.295	-nan
28			132.335	-nan
29			132.375	-nan
30			132.415	-nan
31			132.455	-nan
32			132.495	-nan
33			132.535	-nan
34			132.575	-nan
35			132.615	-nan
36			132.655	-nan
37			132.695	0.45583999365512
38			132.735	0.38909257396652
39			132.775	0.382242987285
40			132.815	0.38475750660625
41			132.855	0.39075089495258
42			132.895	0.40876711044778
43			132.935	0.4097765232219
44			132.975	0.40982158629217
45			133.015	0.42346668397089
46			133.055	0.4355616120322
47			133.095	0.44447508733223
48			133.135	-nan
49			133.175	0.40731607958499
50			133.215	0.40255741936414
51			133.255	0.39017408765308
52			133.295	0.3916791942002
53			133.335	0.40108836327324
54			133.375	0.38237817649582
55			133.415	0.38406353532404
56			133.455	0.4010162623608
57			133.495	1.0590091892613
58			133.535	0.45474045474045
59			133.575	-nan
60			133.615	-nan
61			133.655	-nan
62			133.695	-nan
63			133.735	-nan
64			133.775	-nan
65			133.815	-nan
66			133.855	-nan
67			133.895	-nan
68			133.935	-nan
69			133.975	0.47181935837398
70			134.015	1.1285685445349
71			134.055	0.37920573634859
72			134.095	0.38873206940434
73			134.135	0.39370703236249
74			134.175	0.39512201276907
75			134.215	0.41316526610644
76			134.255	0.41197560105123
77			134.295	0.42011399154256
78			134.335	0.42790089008576
79			134.375	0.43969840188328
80			134.415	-nan
81			134.455	0.39461730638201
82			134.495	0.39573487052479
83			134.535	0.39949313058557
84			134.575	0.38493775888734
85			134.615	0.39046249130283
86			134.655	0.39560869392802
87			134.695	0.36529026024824
88			134.735	0.36950816362581
89			134.775	0.38851576666703
90			134.815	0.41562570974336
91			134.855	-nan
92			134.895	-nan
93			134.935	-nan
94			134.975	-nan
95			135.015	-nan
96			135.055	-nan
97			135.095	-nan
98			135.135	-nan
99			135.175	-nan
100			135.215	-nan
101			135.255	0.43835552238914
102			135.295	0.39315726290516
103			135.335	0.37788989469662
104			135.375	0.37998983377135
105			135.415	0.40184542285383
106			135.455	0.40772164721745
107			135.495	0.41102026396144
108			135.535	0.43082998965352
109			135.575	0.44205970676559
110			135.615	0.46511397351733
111			135.655	0.49724394262209
112			135.695	-nan
113			135.735	0.57556355875684
114			135.775	0.6684205213617
115			135.815	0.85253921388375
116			135.855	1.1050816723086
117			135.895	1.4294456521347
118			135.935	2.0144183799646
119			135.975	2.9528117553328
120			136.015	3.737792414263
121			136.055	4.1639718950643
122			136.095	4.7742069800893
123			136.135	-nan
124			136.175	-nan
125			136.215	-nan
126			136.255	-nan
127			136.295	-nan
128			136.335	-nan
129			136.375	-nan
130			136.415	-nan
131			136.455	-nan
132			136.495	-nan
133			136.535	15.714817458515
134			136.575	17.948017044656
135			136.615	14.476502312637
136			136.655	13.317579283966
137			136.695	16.36261711892
138			136.735	17.007577805897
139			136.775	19.830067162
140			136.815	21.089913442855
141			136.855	20.862281849677
142			136.895	25.147653656057
143			136.935	24.069348460105
144			136.975	-nan
145			137.015	37.079976134598
146			137.055	25.496342681217
147			137.095	27.045232507417
148			137.135	28.520723604757
149			137.175	49.292158304763
150			137.215	99.999495293613
151			137.255	64.222454747665
152			137.295	31.920840408235
153			137.335	30.977156628417
154			137.375	34.220616174398
155			137.415	-nan
156			137.455	-nan
157			137.495	-nan
158			137.535	-nan
159			137.575	-nan
160			137.615	-nan
161			137.655	-nan
162			137.695	-nan
163			137.735	-nan
164			137.775	-nan
165			137.815	10.334854662586
166			137.855	6.3435013645098
167			137.895	9.2084040823537
168			137.935	4.5604097494854
169			137.975	2.7232694879754
170			138.015	1.7678602972721
171			138.055	1.251807029118
172			138.095	0.94370180504634
173			138.135	0.74747917184892
174			138.175	0.62170814271655
175			138.215	0.55613236285505
176			138.255	-nan
177			138.295	0.48571680924622
178			138.335	0.46402344721672
179			138.375	0.44443002426196
180			138.415	0.4216551485459
181			138.455	0.41637375670989
182			138.495	0.42289888928544
183			138.535	0.39007494889848
184			138.575	0.38211681068824
185			138.615	0.38910158658058
186			138.655	0.4240795417266
187			138.695	-nan
188			138.735	-nan
189			138.775	-nan
190			138.815	-nan
191			138.855	-nan
192			138.895	-nan
193			138.935	-nan
194			138.975	-nan
195			139.015	-nan
196			139.055	-nan
197			139.095	0.4747754957839
198			139.135	0.43356081171207
199			139.175	0.40585603610814
200			139.215	0.39962831979639
201			139.255	0.42021313029716
202			139.295	0.41981657527876
203			139.335	0.407153852532
204			139.375	0.41365194726539
205			139.415	0.41631968102556
206			139.455	0.41472444833789
207			139.495	0.42584601408131
208			139.535	-nan
209			139.575	0.45264051566573
210			139.615	0.44048249930603
211			139.655	0.42995576609022
212			139.695	0.43013601837131
213			139.735	0.41336354361564
214			139.775	0.41604028998987
215			139.815	0.40611740191572
216			139.855	0.39248131685106
217			139.895	0.40030426585048
218			139.935	0.44124857150067
219			139.975	-nan
220			140.015	-nan
221			140.055	-nan
222			140.095	-nan
223			140.135	-nan
224			140.175	-nan
225			140.215	-nan
226			140.255	-nan
227			140.295	-nan
228			140.335	-nan
229			140.375	0.47911957575823
230			140.415	0.41922174275115
231			140.455	0.41708575322021
232			140.495	0.41668018558775
233			140.535	0.41392232568703
234			140.575	0.42818929373551
235			140.615	0.42528723200992
236			140.655	0.42064573577179
237			140.695	0.43437194697699
238			140.735	0.4356607507868
239			140.775	0.44019409565628
240			140.815	-nan
241			140.855	0.4656367051325
242			140.895	0.45345165093064
243			140.935	0.44561968931717
244			140.975	0.44041039839359
245			141.015	0.44005890644546
246			141.055	0.41826640566136
247			141.095	0.41093915043495
248			141.135	0.40440500524534
249			141.175	0.40125960294028
250			141.215	0.44637674889776
251			141.255	-nan
252			141.295	-nan
253			141.335	-nan
254			141.375	-nan
255			141.415	-nan
256			141.455	-nan
257			141.495	-nan
258			141.535	-nan
259			141.575	-nan
260			141.615	-nan
261			141.655	0.56853371979422
262			141.695	0.4307939391973
263			141.735	0.41722995504508
264			141.775	0.42585502669536
265			141.815	0.43041540940701
266			141.855	0.42606231681862
267			141.895	0.43763451326477
268			141.935	0.4334166098872
269			141.975	0.43094715363623
270			142.015	0.43641781036739
271			142.055	0.44653897595074
272			142.095	-nan
273			142.135	0.45670520460436
274			142.175	0.44793593112921
275			142.215	0.44809815818219
276			142.255	0.44180735357206
277			142.295	0.43374106399316
278			142.335	0.44104128137742
279			142.375	0.41983460050687
280			142.415	0.41603127737582
281			142.455	0.42560267350183
282			142.495	0.44643983719614
283			142.535	-nan
284			142.575	-nan
285			142.615	-nan
286			142.655	-nan
287			142.695	-nan
288			142.735	-nan
289			142.775	-nan
290			142.815	-nan
291			142.855	-nan
292			142.895	-nan
293			142.935	0.48598718766786
294			142.975	0.43900443060107
295			143.015	0.42516105541316
296			143.055	0.42798200361226
297			143.095	0.4462685975291
298			143.135	0.44302405646943
299			143.175	0.44330344750513
300			143.215	0.44758443918108
301			143.255	0.4523070489457
302			143.295	0.45887724459153
303			143.335	0.46199560905443
304			143.375	-nan
305			143.415	0.45556961523348
306			143.455	0.44444804949007
307			143.495	0.44568277761555
308			143.535	0.4423751482575
309			143.575	0.43332648374665
310			143.615	0.43397539195859
311			143.655	0.43297499179852
312			143.695	0.41334551838754
313			143.735	0.42885622717555
314			143.775	0.47783978456247
315			143.815	-nan
316			143.855	-nan
317			143.895	-nan
318			143.935	-nan
319			143.975	-nan
320			144.015	-nan
321			144.055	-nan
322			144.095	-nan
323			144.135	-nan
324			144.175	-nan
325			144.215	0.48032726604155
326			144.255	0.43706671857932
327			144.295	0.43265053769255
328			144.335	0.43384921536182
329			144.375	0.43900443060107
330			144.415	0.45054958920505
331			144.455	0.50833847052334
332			144.495	0.4597965312251
333			144.535	0.46749330362776
334			144.575	0.47966934521556
335			144.615	0.49050250730923
336			144.655	-nan
337			144.695	0.46085100706949
338			144.735	0.45548850170699
339			144.775	0.44458323870089
340			144.815	0.4523070489457
341			144.855	0.45599320809405
342			144.895	0.44191550494072
343			144.935	0.44038336055143
344			144.975	0.44135672286933
345			145.015	0.4438261791203
346			145.055	0.49237713103259
347			145.095	-nan
348			145.135	-nan
349			145.175	-nan
350			145.215	-nan
351			145.255	-nan
352			145.295	-nan
353			145.335	-nan
354			145.375	-nan
355			145.415	-nan
356			145.455	-nan
357			145.495	0.49598217665445
358			145.535	0.44735011121566
359			145.575	0.42913561821125
360			145.615	0.44134771025527
361			145.655	0.45157702720728
362			145.695	0.46198659644038
363			145.735	0.47174725746154
364			145.775	0.58274661215838
365			145.815	13.014241732729
366			145.855	0.61142475008021
367			145.895	0.49824434278216
368			145.935	-nan
369			145.975	0.45539837556644
370			146.015	0.45137874969808
371			146.055	0.45307312114035
372			146.095	0.44388025480462
373			146.135	0.4499637692915
374			146.175	0.48979952341297
375			146.215	0.4414017859396
376			146.255	0.44351073762838
377			146.295	0.46378010663725
378			146.335	0.48952914499133
379			146.375	-nan
380			146.415	-nan
381			146.455	-nan
382			146.495	-nan
383			146.535	-nan
384			146.575	-nan
385			146.615	-nan
386			146.655	-nan
387			146.695	-nan
388			146.735	-nan
389			146.775	0.49708171556911
390			146.815	0.46152695312359
391			146.855	0.44244724916994
392			146.895	0.44710677063618
393			146.935	0.458624891398
394			146.975	0.46860185515648
395			147.015	0.47023313830037
396			147.055	0.47922772712689
397			147.095	0.49231404273421
398			147.135	0.50077688733151
399			147.175	0.50569777460534
400			147.215	-nan
401			147.255	0.4747754957839
402			147.295	0.46175226847496
403			147.335	0.46478951941137
404			147.375	0.46081495661328
405			147.415	0.44926979800929
406			147.455	0.449386961992
407			147.495	0.45593011979567
408			147.535	0.43709375642149
409			147.575	0.45525417374157
410			147.615	0.5031021417576
411			147.655	-nan
412			147.695	-nan
413			147.735	-nan
414			147.775	-nan
415			147.815	-nan
416			147.855	-nan
417			147.895	-nan
418			147.935	-nan
419			147.975	-nan
420			148.015	-nan
421			148.055	0.52605726975475
422			148.095	0.47482055885417
423			148.135	0.46131966300034
424			148.175	0.45632667481407
425			148.215	0.46223894963391
426			148.255	0.47140477812747
427			148.295	0.47405448665953
428			148.335	0.53225794822433
429			148.375	0.48210275101031
430			148.415	0.49024114150165
431			148.455	0.49760444718428
432			148.495	-nan
433			148.535	0.4823641168179
434			148.575	0.47814621344033
435			148.615	0.46651994130986
436			148.655	0.47148589165396
437			148.695	0.474297827239
438			148.735	0.4629960092145
439			148.775	0.46295995875828
440			148.815	0.4572549740617
441			148.855	0.46078791877111
442			148.895	0.50106529098126
443			148.935	-nan
444			148.975	-nan
445			149.015	-nan
446			149.055	-nan
447			149.095	-nan
448			149.135	-nan
449			149.175	-nan
450			149.215	-nan
451			149.255	-nan
452			149.295	-nan
453			149.335	0.53264549062868
454			149.375	0.48103926255187
455			149.415	0.46431185086647
456			149.455	0.47314421264001
457			149.495	0.47661406905104
458			149.535	0.47953415600474
459			149.575	0.48741118068849
460			149.615	0.48493271182347
461			149.655	0.48400441257584
462			149.695	0.49158402099579
463			149.735	0.49855077166002
464			149.775	-nan
465			149.815	0.50399439054901
466			149.855	0.48913258997293
467			149.895	0.47718186373649
468			149.935	0.47469438225741
469			149.975	0.47110736186366
470			150.015	0.4753523030834
471			150.055	0.45691249472762
472			150.095	0.45632667481407
473			150.135	0.46774565682129
474			150.175	0.6734856104604
475			150.215	-nan
476			150.255	-nan
477			150.295	-nan
478			150.335	-nan
479			150.375	-nan
480			150.415	-nan
481			150.455	-nan
482			150.495	-nan
483			150.535	-nan
484			150.575	-nan
485			150.615	0.53340255020927
486			150.655	0.52512897050712
487			150.695	0.47359484334274
488			150.735	0.46867395606891
489			150.775	0.47538835353961
490			150.815	0.47689346008674
491			150.855	0.47276568284972
492			150.895	0.47509093727581
493			150.935	0.47834449094953
494			150.975	0.47569478241747
495			151.015	0.4923951562607
496			151.055	-nan
497			151.095	0.52095613019983
498			151.135	0.50634668281727
499			151.175	0.50512096730584
500			151.215	0.49655898395394
501			151.255	0.49011496490488
502			151.295	0.48472542170021
503			151.335	0.51726997105148
504			151.375	0.45680434335897
505			151.415	0.4649427338503
506			151.455	0.5015339469121
507			151.495	-nan
508			151.535	-nan
509			151.575	-nan
510			151.615	-nan
511			151.655	-nan
512			151.695	-nan
513			151.735	-nan
514			151.775	-nan
515			151.815	-nan
516			151.855	-nan
517			151.895	0.55648385480318
518			151.935	0.62993665934842
519			151.975	0.49460324670409
520			152.015	0.48474344692832
521			152.055	0.47795694854518
522			152.095	0.48819527811124
523			152.135	0.48065172014752
524			152.175	0.47509093727581
525			152.215	0.48205768794004
526			152.255	0.47804707468573
527			152.295	0.48481554784076
528			152.335	-nan
529			152.375	0.51933385966999
530			152.415	0.50734708297734
531			152.455	0.55448305448305
532			152.495	0.51538633471407
533			152.535	0.48911456474482
534			152.575	0.48346365573256
535			152.615	0.47572182025964
536			152.655	0.46690748371421
537			152.695	0.47173824484749
538			152.735	0.50389525179441
539			152.775	-nan
540			152.815	-nan
541			152.855	-nan
542			152.895	-nan
543			152.935	-nan
544			152.975	-nan
545			153.015	-nan
546			153.055	-nan
547			153.095	-nan
548			153.135	-nan
549			153.175	0.54902141036595
550			153.215	0.49253935808558
551			153.255	0.48094913641132
552			153.295	0.48775366002257
553			153.335	0.48742019330255
554			153.375	0.48262548262548
555			153.415	0.49694652635829
556			153.455	0.48666313372196
557			153.495	0.48744723114471
558			153.535	0.49113339029305
559			153.575	0.50006489082119
560			153.615	-nan
561			153.655	0.53471839186125
562			153.695	0.51388122816694
563			153.735	0.50946504728017
564			153.775	0.49971339887306
565			153.815	0.49134068041631
566			153.855	0.48457220726128
567			153.895	0.47369398209734
568			153.935	0.47043141580957
569			153.975	0.47002584817711
570			154.015	0.49962327273252
571			154.055	-nan
572			154.095	-nan
573			154.135	-nan
574			154.175	-nan
575			154.215	-nan
576			154.255	-nan
577			154.295	-nan
578			154.335	-nan
579			154.375	-nan
580			154.415	-nan
581			154.455	0.54425373753105
582			154.495	0.51042038436996
583			154.535	0.48737513023227
584			154.575	0.48451813157696
585			154.615	0.49198958862824
586			154.655	0.49003385137839
587			154.695	0.48468937124399
588			154.735	0.48848368176099
589			154.775	0.487330067162
590			154.815	0.48521210285916
591			154.855	0.50476947535771
592			154.895	-nan
593			154.935	0.51538633471407
594			154.975	0.50321029312626
595			155.015	0.49994772683848
596			155.055	0.5012365306483
597			155.095	0.49104326415251
598			155.135	0.49518005400358
599			155.175	0.48384218552286
600			155.215	0.47576688332991
601			155.255	0.47882215949443
602			155.295	0.51498977969566
603			155.335	-nan
604			155.375	-nan
605			155.415	-nan
606			155.455	-nan
607			155.495	-nan
608			155.535	-nan
609			155.575	-nan
610			155.615	-nan
611			155.655	-nan
612			155.695	-nan
613			155.735	0.53592608214457
614			155.775	0.49149389485524
615			155.815	0.49165612190822
616			155.855	0.48960124590377
617			155.895	0.49207971476879
618			155.935	0.50055157198014
619			155.975	0.50422871851443
620			156.015	0.50333646972302
621			156.055	0.51052853573862
622			156.095	0.51206969274196
623			156.135	0.52440796138275
624			156.175	-nan
625			156.215	0.51229500809333
626			156.255	0.49499980172249
627			156.295	0.48951111976322
628			156.335	0.48877208541074
629			156.375	0.49244923194503
630			156.415	0.47986762272477
631			156.455	0.47888524779281
632			156.495	0.48124655267512
633			156.535	0.48357180710122
634			156.575	0.51856778747535
635			156.615	-nan
636			156.655	-nan
637			156.695	-nan
638			156.735	-nan
639			156.775	-nan
640			156.815	-nan
641			156.855	-nan
642			156.895	-nan
643			156.935	-nan
644			156.975	-nan
645			157.015	0.53380811784173
646			157.055	0.49334148073644
647			157.095	0.48211176362437
648			157.135	0.49148488224118
649			157.175	0.49469337284463
650			157.215	0.49352173301753
651			157.255	0.50332745710897
652			157.295	0.50156098475426
653			157.335	0.51033025822942
654			157.375	0.51601721769789
655			157.415	0.53400639535093
656			157.455	-nan
657			157.495	0.50591407734265
658			157.535	0.49902844020491
659			157.575	0.49895633929247
660			157.615	0.49386421235161
661			157.655	0.4918994624877
662			157.695	0.49884818792382
663			157.735	0.486834373389
664			157.775	0.48795193753177
665			157.815	0.49725295523615
666			157.855	0.51551251131083
667			157.895	-nan
668			157.935	-nan
669			157.975	-nan
670			158.015	-nan
671			158.055	-nan
672			158.095	-nan
673			158.135	-nan
674			158.175	-nan
675			158.215	-nan
676			158.255	-nan
677			158.295	0.53572780463537
678			158.335	0.58630659470996
679			158.375	0.4887810980248
680			158.415	0.49246725717314
681			158.455	0.50534628265721
682			158.495	0.50513899253395
683			158.535	0.51066372494944
684			158.575	0.51507990583621
685			158.615	0.51821629552722
686			158.655	0.52166812671014
687			158.695	0.52705766991481
688			158.735	-nan
689			158.775	0.49761345979833
690			158.815	0.48751933205715
691			158.855	0.49223292920772
692			158.895	0.49540536935495
693			158.935	0.48948408192106
694			158.975	0.48945704407889
695			159.015	0.49405347724675
696			159.055	0.47961526953124
697			159.095	0.50182235056185
698			159.135	0.53798095814903
699			159.175	-nan
700			159.215	-nan
701			159.255	-nan
702			159.295	-nan
703			159.335	-nan
704			159.375	-nan
705			159.415	-nan
706			159.455	-nan
707			159.495	-nan
708			159.535	-nan
709			159.575	0.53309612133142
710			159.615	0.49883917530976
711			159.655	0.48892529984967
712			159.695	0.49316122845535
713			159.735	0.49694652635829
714			159.775	0.50266953628298
715			159.815	0.50977147615803
716			159.855	0.512736626182
717			159.895	0.51711675661255
718			159.935	0.52388522976758
719			159.975	0.53525013609047
720			160.015	-nan
721			160.055	0.51165511249545
722			160.095	0.50653594771242
723			160.135	0.5016330856667
724			160.175	0.50176827487752
725			160.215	0.49718986693777
726			160.255	0.48887122416534
727			160.295	0.48902443860427
728			160.335	0.48614040210679
729			160.375	0.48712277703874
730			160.415	0.51805406847424
731			160.455	-nan
732			160.495	-nan
733			160.535	-nan
734			160.575	-nan
735			160.615	-nan
736			160.655	-nan
737			160.695	-nan
738			160.735	-nan
739			160.775	-nan
740			160.815	-nan
741			160.855	0.55697053596213
742			160.895	0.51784677835098
743			160.935	0.50698657841515
744			160.975	0.50454416000634
745			161.015	0.50637372065943
746			161.055	0.50219186773809
747			161.095	0.50331844449492
748			161.135	0.51089805291486
749			161.175	0.50284978856407
750			161.215	0.51425074534318
751			161.255	0.52146984920094
752			161.295	-nan
753			161.335	0.52778769165324
754			161.375	0.51988362912733
755			161.415	0.5124392099182
756			161.455	0.51066372494944
757			161.495	0.50751832264437
758			161.535	0.50978048877209
759			161.575	0.4955135207236
760			161.615	0.49200761385635
761			161.655	0.49877608701138
762			161.695	0.51370097588585
763			161.735	-nan
764			161.775	-nan
765			161.815	-nan
766			161.855	-nan
767			161.895	-nan
