0				-5.71		7.3477747172384
1				-5.7		-inf
2				-5.69		-inf
3				-5.68		7.3177747172384
4				-5.67		-inf
5				-5.66		-inf
6				-5.65		-inf
7				-5.64		-inf
8				-5.63		-inf
9				-5.62		-inf
10			-5.61		-inf
11			-5.6		-inf
12			-5.59		-inf
13			-5.58		-inf
14			-5.57		-inf
15			-5.56		-inf
16			-5.55		-inf
17			-5.54		-inf
18			-5.53		-inf
19			-5.52		-inf
20			-5.51		-inf
21			-5.5		-inf
22			-5.49		-inf
23			-5.48		-inf
24			-5.47		-inf
25			-5.46		-inf
26			-5.45		-inf
27			-5.44		-inf
28			-5.43		-inf
29			-5.42		-inf
30			-5.41		-inf
31			-5.4		-inf
32			-5.39		7.3288047129024
33			-5.38		-inf
34			-5.37		-inf
35			-5.36		-inf
36			-5.35		-inf
37			-5.34		-inf
38			-5.33		-inf
39			-5.32		-inf
40			-5.31		6.9477747172384
41			-5.3		-inf
42			-5.29		-inf
43			-5.28		-inf
44			-5.27		-inf
45			-5.26		-inf
46			-5.25		-inf
47			-5.24		6.8777747172384
48			-5.23		-inf
49			-5.22		-inf
50			-5.21		-inf
51			-5.2		-inf
52			-5.19		-inf
53			-5.18		-inf
54			-5.17		-inf
55			-5.16		-inf
56			-5.15		-inf
57			-5.14		-inf
58			-5.13		-inf
59			-5.12		6.7577747172384
60			-5.11		7.0488047129024
61			-5.1		-inf
62			-5.09		7.0288047129024
63			-5.08		-inf
64			-5.07		7.3098347085663
65			-5.06		-inf
66			-5.05		-inf
67			-5.04		-inf
68			-5.03		6.6677747172384
69			-5.02		7.2598347085663
70			-5.01		-inf
71			-5			-inf
72			-4.99		6.6277747172384
73			-4.98		-inf
74			-4.97		7.385925967622
75			-4.96		6.8988047129024
76			-4.95		6.5877747172384
77			-4.94		6.5777747172384
78			-4.93		-inf
79			-4.92		6.5577747172384
80			-4.91		6.5477747172384
81			-4.9		-inf
82			-4.89		6.5277747172384
83			-4.88		6.5177747172384
84			-4.87		-inf
85			-4.86		-inf
86			-4.85		6.4877747172384
87			-4.84		6.4777747172384
88			-4.83		6.7688047129024
89			-4.82		7.4120172266777
90			-4.81		6.7488047129024
91			-4.8		6.914895971958
92			-4.79		7.1267447215744
93			-4.78		-inf
94			-4.77		7.3108647042303
95			-4.76		6.3977747172384
96			-4.75		6.3877747172384
97			-4.74		-inf
98			-4.73		-inf
99			-4.72		6.3577747172384
100			-4.71		-inf
101			-4.7		6.3377747172384
102			-4.69		6.3277747172384
103			-4.68		6.794895971958
104			-4.67		6.9098347085663
105			-4.66		-inf
106			-4.65		6.8898347085663
107			-4.64		6.5788047129024
108			-4.63		6.2677747172384
109			-4.62		6.734895971958
110			-4.61		6.5488047129024
111			-4.6		6.5388047129024
112			-4.59		6.5288047129024
113			-4.58		-inf
114			-4.57		-inf
115			-4.56		6.975925967622
116			-4.55		-inf
117			-4.54		6.1777747172384
118			-4.53		6.4688047129024
119			-4.52		6.4588047129024
120			-4.51		6.8467447215744
121			-4.5		7.2517180695452
122			-4.49		6.7298347085663
123			-4.48		6.1177747172384
124			-4.47		7.1491674023966
125			-4.46		-inf
126			-4.45		6.3888047129024
127			-4.44		6.0777747172384
128			-4.43		6.544895971958
129			-4.42		6.9028727572526
130			-4.41		6.825925967622
131			-4.4		-inf
132			-4.39		6.9820172266777
133			-4.38		6.494895971958
134			-4.37		6.7067447215744
135			-4.36		6.775925967622
136			-4.35		6.8328727572526
137			-4.34		6.8808647042303
138			-4.33		6.6667447215744
139			-4.32		6.8608647042303
140			-4.31		6.424895971958
141			-4.3		6.5398347085663
142			-4.29		6.705925967622
143			-4.28		5.9177747172384
144			-4.27		6.9077747172384
145			-4.26		6.8977747172384
146			-4.25		6.1888047129024
147			-4.24		6.5767447215744
148			-4.23		6.7708647042303
149			-4.22		6.635925967622
150			-4.21		6.6928727572526
151			-4.2		6.7920172266777
152			-4.19		6.7820172266777
153			-4.18		5.8177747172384
154			-4.17		6.7108647042303
155			-4.16		6.575925967622
156			-4.15		6.7420172266777
157			-4.14		6.6808647042303
158			-4.13		6.0688047129024
159			-4.12		6.7120172266777
160			-4.11		6.7020172266777
161			-4.1		6.0388047129024
162			-4.09		6.7277747172384
163			-4.08		6.495925967622
164			-4.07		6.6108647042303
165			-4.06		6.174895971958
166			-4.05		6.465925967622
167			-4.04		6.5808647042303
168			-4.03		6.3667447215744
169			-4.02		6.5028727572526
170			-4.01		6.2498347085663
171			-4			6.5408647042303
172			-3.99		6.5820172266777
173			-3.98		6.395925967622
174			-3.97		6.5108647042303
175			-3.96		6.5008647042303
176			-3.95		6.2867447215744
177			-3.94		6.355925967622
178			-3.93		6.5220172266777
179			-3.92		6.1598347085663
180			-3.91		6.325925967622
181			-3.9		5.5377747172384
182			-3.89		6.2267447215744
183			-3.88		5.994895971958
184			-3.87		6.2067447215744
185			-3.86		6.0998347085663
186			-3.85		5.7888047129024
187			-3.84		5.7788047129024
188			-3.83		5.4677747172384
189			-3.82		5.934895971958
190			-3.81		5.4477747172384
191			-3.8		6.1367447215744
192			-3.79		6.0298347085663
193			-3.78		5.894895971958
194			-3.77		-inf
195			-3.76		5.6988047129024
196			-3.75		5.6888047129024
197			-3.74		5.854895971958
198			-3.73		5.844895971958
199			-3.72		-inf
200			-3.71		5.6488047129024
201			-3.7		-inf
202			-3.69		-inf
203			-3.68		-inf
204			-3.67		-inf
205			-3.66		5.5988047129024
206			-3.65		-inf
207			-3.64		-inf
208			-3.63		5.2677747172384
209			-3.62		5.5588047129024
210			-3.61		5.2477747172384
211			-3.6		5.2377747172384
212			-3.59		-inf
213			-3.58		-inf
214			-3.57		-inf
215			-3.56		-inf
216			-3.55		5.1877747172384
217			-3.54		-inf
218			-3.53		-inf
219			-3.52		5.1577747172384
220			-3.51		5.1477747172384
221			-3.5		-inf
222			-3.49		-inf
223			-3.48		-inf
224			-3.47		-inf
225			-3.46		-inf
226			-3.45		-inf
227			-3.44		-inf
228			-3.43		-inf
229			-3.42		-inf
230			-3.41		-inf
231			-3.4		-inf
232			-3.39		-inf
233			-3.38		-inf
234			-3.37		-inf
235			-3.36		-inf
236			-3.35		-inf
237			-3.34		-inf
238			-3.33		-inf
239			-3.32		-inf
240			-3.31		-inf
241			-3.3		-inf
242			-3.29		-inf
243			-3.28		-inf
244			-3.27		-inf
245			-3.26		-inf
246			-3.25		-inf
247			-3.24		-inf
248			-3.23		-inf
249			-3.22		-inf
250			-3.21		-inf
251			-3.2		-inf
252			-3.19		-inf
253			-3.18		-inf
254			-3.17		-inf
255			-3.16		-inf
256			-3.15		-inf
257			-3.14		-inf
258			-3.13		-inf
259			-3.12		-inf
260			-3.11		-inf
261			-3.1		-inf
262			-3.09		-inf
263			-3.08		-inf
264			-3.07		-inf
265			-3.06		-inf
266			-3.05		-inf
267			-3.04		-inf
268			-3.03		-inf
269			-3.02		-inf
270			-3.01		-inf
271			-3			-inf
272			-2.99		-inf
273			-2.98		-inf
274			-2.97		-inf
275			-2.96		-inf
276			-2.95		-inf
277			-2.94		-inf
278			-2.93		-inf
279			-2.92		-inf
280			-2.91		-inf
281			-2.9		-inf
282			-2.89		-inf
283			-2.88		-inf
284			-2.87		-inf
285			-2.86		-inf
286			-2.85		-inf
287			-2.84		-inf
288			-2.83		-inf
289			-2.82		-inf
290			-2.81		-inf
291			-2.8		-inf
292			-2.79		-inf
293			-2.78		-inf
294			-2.77		-inf
295			-2.76		-inf
296			-2.75		-inf
297			-2.74		-inf
298			-2.73		-inf
299			-2.72		-inf
300			-2.71		-inf
301			-2.7		-inf
302			-2.69		-inf
303			-2.68		-inf
304			-2.67		-inf
305			-2.66		-inf
306			-2.65		-inf
307			-2.64		-inf
308			-2.63		-inf
309			-2.62		-inf
310			-2.61		-inf
311			-2.6		-inf
312			-2.59		-inf
313			-2.58		-inf
314			-2.57		-inf
315			-2.56		-inf
316			-2.55		-inf
317			-2.54		-inf
318			-2.53		-inf
319			-2.52		-inf
320			-2.51		-inf
321			-2.5		-inf
322			-2.49		-inf
323			-2.48		-inf
324			-2.47		-inf
325			-2.46		-inf
326			-2.45		-inf
327			-2.44		-inf
328			-2.43		-inf
329			-2.42		-inf
330			-2.41		-inf
331			-2.4		-inf
332			-2.39		-inf
333			-2.38		-inf
334			-2.37		-inf
335			-2.36		-inf
336			-2.35		-inf
337			-2.34		-inf
338			-2.33		-inf
339			-2.32		-inf
340			-2.31		-inf
341			-2.3		-inf
342			-2.29		-inf
343			-2.28		-inf
344			-2.27		-inf
345			-2.26		-inf
346			-2.25		-inf
347			-2.24		-inf
348			-2.23		-inf
349			-2.22		-inf
350			-2.21		-inf
351			-2.2		-inf
352			-2.19		-inf
353			-2.18		-inf
354			-2.17		-inf
355			-2.16		-inf
356			-2.15		-inf
357			-2.14		-inf
358			-2.13		-inf
359			-2.12		-inf
360			-2.11		-inf
361			-2.1		-inf
362			-2.09		-inf
363			-2.08		-inf
364			-2.07		-inf
365			-2.06		-inf
366			-2.05		-inf
367			-2.04		-inf
368			-2.03		-inf
369			-2.02		-inf
370			-2.01		-inf
371			-2			-inf
372			-1.99		-inf
373			-1.98		-inf
374			-1.97		-inf
375			-1.96		-inf
376			-1.95		-inf
377			-1.94		-inf
378			-1.93		-inf
379			-1.92		-inf
380			-1.91		-inf
381			-1.9		-inf
382			-1.89		-inf
383			-1.88		-inf
384			-1.87		-inf
385			-1.86		-inf
386			-1.85		-inf
387			-1.84		-inf
388			-1.83		-inf
389			-1.82		-inf
390			-1.81		-inf
391			-1.8		-inf
392			-1.79		-inf
393			-1.78		-inf
394			-1.77		-inf
395			-1.76		-inf
396			-1.75		-inf
397			-1.74		-inf
398			-1.73		-inf
399			-1.72		-inf
400			-1.71		-inf
401			-1.7		-inf
402			-1.69		-inf
403			-1.68		-inf
404			-1.67		-inf
405			-1.66		-inf
406			-1.65		-inf
407			-1.64		-inf
408			-1.63		-inf
409			-1.62		-inf
410			-1.61		-inf
411			-1.6		-inf
412			-1.59		-inf
413			-1.58		-inf
414			-1.57		-inf
415			-1.56		-inf
416			-1.55		-inf
417			-1.54		-inf
418			-1.53		-inf
419			-1.52		-inf
420			-1.51		-inf
421			-1.5		-inf
422			-1.49		-inf
423			-1.48		-inf
424			-1.47		-inf
425			-1.46		-inf
426			-1.45		-inf
427			-1.44		-inf
428			-1.43		-inf
429			-1.42		-inf
430			-1.41		-inf
431			-1.4		-inf
432			-1.39		-inf
433			-1.38		-inf
434			-1.37		-inf
435			-1.36		-inf
436			-1.35		-inf
437			-1.34		-inf
438			-1.33		-inf
439			-1.32		-inf
440			-1.31		-inf
441			-1.3		-inf
442			-1.29		-inf
443			-1.28		-inf
444			-1.27		-inf
445			-1.26		-inf
446			-1.25		-inf
447			-1.24		-inf
448			-1.23		-inf
449			-1.22		-inf
450			-1.21		-inf
451			-1.2		-inf
452			-1.19		-inf
453			-1.18		-inf
454			-1.17		-inf
455			-1.16		-inf
456			-1.15		-inf
457			-1.14		-inf
458			-1.13		-inf
459			-1.12		-inf
460			-1.11		-inf
461			-1.1		-inf
462			-1.09		-inf
463			-1.08		-inf
464			-1.07		-inf
465			-1.06		-inf
466			-1.05		-inf
467			-1.04		-inf
468			-1.03		-inf
469			-1.02		-inf
470			-1.01		-inf
471			-1			-inf
472			-0.99		-inf
473			-0.98		-inf
474			-0.97		-inf
475			-0.96		-inf
476			-0.95		-inf
477			-0.94		-inf
478			-0.93		-inf
479			-0.92		-inf
480			-0.91		-inf
481			-0.9		-inf
482			-0.89		-inf
483			-0.88		-inf
484			-0.87		-inf
485			-0.86		-inf
486			-0.85		-inf
487			-0.84		-inf
488			-0.83		-inf
489			-0.82		-inf
490			-0.81		-inf
491			-0.8		-inf
492			-0.79		-inf
493			-0.78		-inf
494			-0.77		-inf
495			-0.76		-inf
496			-0.75		-inf
497			-0.74		-inf
498			-0.73		-inf
499			-0.72		-inf
500			-0.71		-inf
501			-0.7		-inf
502			-0.69		-inf
503			-0.68		-inf
504			-0.67		-inf
505			-0.66		-inf
506			-0.65		-inf
507			-0.64		-inf
508			-0.63		-inf
509			-0.62		-inf
510			-0.61		-inf
511			-0.6		5.4720388416172
512			-0.59		4.566231210843
513			-0.58		-inf
514			-0.57		-inf
515			-0.56		-inf
516			-0.55		-inf
517			-0.54		-inf
518			-0.53		-inf
519			-0.52		-inf
520			-0.51		-inf
521			-0.5		-inf
522			-0.49		-inf
523			-0.48		-inf
524			-0.47		-inf
525			-0.46		-inf
526			-0.45		5.3377064738726
527			-0.44		4.3958380522011
528			-0.43		-inf
529			-0.42		-inf
530			-0.41		-inf
531			-0.4		-inf
532			-0.39		-inf
533			-0.38		-inf
534			-0.37		-inf
535			-0.36		-inf
536			-0.35		-inf
537			-0.34		-inf
538			-0.33		-inf
539			-0.32		-inf
540			-0.31		-inf
541			-0.3		5.1850112667451
542			-0.29		3.9489640163083
543			-0.28		3.978472557592
544			-0.27		-inf
545			-0.26		-inf
546			-0.25		5.4464832877715
547			-0.24		4.5348305700955
548			-0.23		-inf
549			-0.22		-inf
550			-0.21		-inf
551			-0.2		-inf
552			-0.19		-inf
553			-0.18		-inf
554			-0.17		-inf
555			-0.16		-inf
556			-0.15		5.0290721043484
557			-0.14		3.823097696025
558			-0.13		4.9353873899659
559			-0.12		4.286691417516
560			-0.11		4.0637450626953
561			-0.1		5.2880030702935
562			-0.09		4.367261206507
563			-0.08		-inf
564			-0.07		-inf
565			-0.06		-inf
566			-0.05		5.179416510716
567			-0.04		4.2552665170756
568			-0.03		4.3190527312365
569			-0.02		-inf
570			-0.01		-inf
571			0				4.889899269744
572			0.01		5.1629422023533
573			0.02		4.8108993155928
574			0.03		4.6260590256649
575			0.04		3.8855764471686
576			0.05		5.1207837397339
577			0.06		4.241475642628
578			0.07		-inf
579			0.08		-inf
580			0.09		-inf
581			0.1			5.414685028583
582			0.11		4.8391046695422
583			0.12		4.1671095759505
584			0.13		5.063231934443
585			0.14		3.771932566502
586			0.15		4.7907546539866
587			0.16		5.0199774996724
588			0.17		4.4224995082174
589			0.18		5.1663655623887
590			0.19		4.1048305700955
591			0.2			5.2873783753208
592			0.21		4.0682561542088
593			0.22		5.010284565139
594			0.23		3.9988393242649
595			0.24		4.7204074289306
596			0.25		5.2225767712871
597			0.26		5.1946123481404
598			0.27		4.167115266692
599			0.28		4.948282179247
600			0.29		4.930406156728
601			0.3			5.2875549256004
602			0.31		4.933941031846
603			0.32		4.4868610747254
604			0.33		5.2714681224764
605			0.34		4.1106880738812
606			0.35		5.2451425256699
607			0.36		5.1704257511157
608			0.37		5.1427780708384
609			0.38		4.4082241266992
610			0.39		5.019288707218
611			0.4			5.2176416398033
612			0.41		5.1533961720292
613			0.42		5.0868303359403
614			0.43		5.1051268515827
615			0.44		5.0381944949749
616			0.45		5.3653400729858
617			0.46		4.9567936891532
618			0.47		4.7796041967367
619			0.48		5.4526816278436
620			0.49		5.0068529419853
621			0.5			5.1622603849375
622			0.51		5.2847779140709
623			0.52		5.1642698815731
624			0.53		5.2359477319881
625			0.54		5.2021252364811
626			0.55		5.3341009247507
627			0.56		5.0562291506036
628			0.57		5.3844578114378
629			0.58		5.2594994873548
630			0.59		5.2260032281741
631			0.6			5.3199208163878
632			0.61		5.334864082287
633			0.62		5.1733536487153
634			0.63		5.476564979338
635			0.64		5.2029249263786
636			0.65		5.4267440309764
637			0.66		5.3614464910595
638			0.67		5.2421635127887
639			0.68		5.4887679748818
640			0.69		5.2849943016566
641			0.7			5.4796159563989
642			0.71		5.3410409437713
643			0.72		5.4748486116044
644			0.73		5.3274496522922
645			0.74		5.5125348769808
646			0.75		5.3605750324697
647			0.76		5.5035911512431
648			0.77		5.4406927655628
649			0.78		5.5329570986918
650			0.79		5.4054743615896
651			0.8			5.5487885291289
652			0.81		5.4915039038223
653			0.82		5.4769680758154
654			0.83		5.5785972841887
655			0.84		5.5057109089146
656			0.85		5.5783765122012
657			0.86		5.5566925442632
658			0.87		5.5620884534469
659			0.88		5.56401575959
660			0.89		5.6304073884558
661			0.9			5.5658026874959
662			0.91		5.5848417303581
663			0.92		5.6447136516783
664			0.93		5.6373264656576
665			0.94		5.6197731485466
666			0.95		5.6580983436769
667			0.96		5.6474328722462
668			0.97		5.6715065986113
669			0.98		5.6852996385693
670			0.99		5.6851414457707
671			1				5.7095794279703
672			1.01		5.702664265279
673			1.02		5.7170996297772
674			1.03		5.740428167895
675			1.04		5.7301785071353
676			1.05		5.7487291941197
677			1.06		5.7500418744233
678			1.07		5.7808486562311
679			1.08		5.757357129373
680			1.09		5.7919949182244
681			1.1			5.8006954453382
682			1.11		5.8046109102595
683			1.12		5.8312876111977
684			1.13		5.825808819858
685			1.14		5.8226248831996
686			1.15		5.8580434821734
687			1.16		5.8491344751313
688			1.17		5.8635238391718
689			1.18		5.8839996076957
690			1.19		5.8821647573055
691			1.2			5.9024028471812
692			1.21		5.901810230566
693			1.22		5.9251582729748
694			1.23		5.9185863881606
695			1.24		5.9433415903124
696			1.25		5.9392503329504
697			1.26		5.9573033767559
698			1.27		5.9664995825954
699			1.28		5.9813413402585
700			1.29		5.9790561028203
701			1.3			5.9959884193624
702			1.31		6.0061956649948
703			1.32		6.0162415171527
704			1.33		6.029063371083
705			1.34		6.0352647418701
706			1.35		6.045825490239
707			1.36		6.0550905954819
708			1.37		6.064925876491
709			1.38		6.0787829124768
710			1.39		6.0825151423318
711			1.4			6.0910700770375
712			1.41		6.1108396524702
713			1.42		6.1107987171658
714			1.43		6.1268983296624
715			1.44		6.1314426704525
716			1.45		6.1463992732288
717			1.46		6.1524319180004
718			1.47		6.1633677963896
719			1.48		6.1736418312111
720			1.49		6.1834701543473
721			1.5			6.1928581941021
722			1.51		6.2017920231435
723			1.52		6.2140787274174
724			1.53		6.221717067326
725			1.54		6.2300014170713
726			1.55		6.2397543581767
727			1.56		6.2514739661823
728			1.57		6.2608784355485
729			1.58		6.2703048262449
730			1.59		6.2791329162203
731			1.6			6.290116241262
732			1.61		6.2978131666035
733			1.62		6.309481812619
734			1.63		6.3179278519382
735			1.64		6.3277281786968
736			1.65		6.3376241262895
737			1.66		6.3457030449739
738			1.67		6.3571302544788
739			1.68		6.3648917003482
740			1.69		6.3745594817215
741			1.7			6.3854439844159
742			1.71		6.3928507770563
743			1.72		6.40250948756
744			1.73		6.4124938517965
745			1.74		6.4213456103761
746			1.75		6.4308683533103
747			1.76		6.4395889992443
748			1.77		6.4487148530604
749			1.78		6.458805514996
750			1.79		6.4672001144014
751			1.8			6.4763104961216
752			1.81		6.4850838984175
753			1.82		6.4949642364966
754			1.83		6.503773036832
755			1.84		6.5120993626749
756			1.85		6.5213673234055
757			1.86		6.5304395025378
758			1.87		6.5379395585865
759			1.88		6.5475897160113
760			1.89		6.5563966907718
761			1.9			6.5645576849212
762			1.91		6.5734664041422
763			1.92		6.5817505506956
764			1.93		6.5908594921603
765			1.94		6.5983037884199
766			1.95		6.6068338153561
767			1.96		6.6150632652953
768			1.97		6.6232097529635
769			1.98		6.6313828012502
770			1.99		6.6391272517067
771			2				6.6475018673297
772			2.01		6.6550657218885
773			2.02		6.6631720283585
774			2.03		6.6703786600437
775			2.04		6.678081606009
776			2.05		6.6856356965776
777			2.06		6.6930914066996
778			2.07		6.7007062106285
779			2.08		6.7079382705601
780			2.09		6.7150442474188
781			2.1			6.7218129095772
782			2.11		6.7291790524262
783			2.12		6.7353420116731
784			2.13		6.7421513384383
785			2.14		6.7490721565666
786			2.15		6.7553954851914
787			2.16		6.7615145427792
788			2.17		6.7675997866546
789			2.18		6.7737449158324
790			2.19		6.7794029777735
791			2.2			6.7854451250351
792			2.21		6.7907754347927
793			2.22		6.7963908553781
794			2.23		6.8015871647291
795			2.24		6.8066172211923
796			2.25		6.8111755820627
797			2.26		6.8163505267693
798			2.27		6.8202147879283
799			2.28		6.8252284321786
800			2.29		6.8288817343608
801			2.3			6.8327360152282
802			2.31		6.8363265476325
803			2.32		6.8397152423227
804			2.33		6.8427131653017
805			2.34		6.845532591851
806			2.35		6.8479728199443
807			2.36		6.850244143805
808			2.37		6.852070608503
809			2.38		6.8535094268999
810			2.39		6.8549287612556
811			2.4			6.8557589836685
812			2.41		6.856303876218
813			2.42		6.8564575165781
814			2.43		6.8564159818771
815			2.44		6.8554529252024
816			2.45		6.8544878056834
817			2.46		6.8530670185815
818			2.47		6.8508521189885
819			2.48		6.8485502202931
820			2.49		6.8455734582556
821			2.5			6.8420440651652
822			2.51		6.8378431135217
823			2.52		6.8333925871296
824			2.53		6.8282615950092
825			2.54		6.8225063240652
826			2.55		6.8162349817057
827			2.56		6.8092304744821
828			2.57		6.8015350761006
829			2.58		6.7933437901001
830			2.59		6.7844863949482
831			2.6			6.774772512098
832			2.61		6.7644198755404
833			2.62		6.7533246602478
834			2.63		6.7414711099867
835			2.64		6.7288795748609
836			2.65		6.7155669873596
837			2.66		6.7015261260188
838			2.67		6.686577816453
839			2.68		6.6710023191849
840			2.69		6.6545400133997
841			2.7			6.6373641915073
842			2.71		6.6195133805714
843			2.72		6.6010902232491
844			2.73		6.5817415858804
845			2.74		6.5621677199426
846			2.75		6.5419173905298
847			2.76		6.5211805959729
848			2.77		6.5000411613793
849			2.78		6.4786639581238
850			2.79		6.4570882701552
851			2.8			6.4355669395919
852			2.81		6.4137968464704
853			2.82		6.3925074696385
854			2.83		6.3716758920307
855			2.84		6.3510775248095
856			2.85		6.331289614642
857			2.86		6.3123835804145
858			2.87		6.294113516387
859			2.88		6.2771694600843
860			2.89		6.2612630008894
861			2.9			6.2463527109131
862			2.91		6.2330034178696
863			2.92		6.2204811708022
864			2.93		6.2092032330473
865			2.94		6.1989637415079
866			2.95		6.189104705752
867			2.96		6.1794339735043
868			2.97		6.1697380007431
869			2.98		6.159482087715
870			2.99		6.1487873279692
871			3				6.1368929552434
872			3.01		6.1239301057901
873			3.02		6.1103738148173
874			3.03		6.0953394821732
875			3.04		6.0795191543442
876			3.05		6.0618593759777
877			3.06		6.0427263471454
878			3.07		6.0211097558931
879			3.08		5.9965921270006
880			3.09		5.9683063248487
881			3.1			5.9355946703232
882			3.11		5.897898303041
883			3.12		5.8543284446558
884			3.13		5.8047011732786
885			3.14		5.7491009121638
886			3.15		5.6886515785016
887			3.16		5.6239241569029
888			3.17		5.5570346518855
889			3.18		5.4896428459024
890			3.19		5.4236673227099
891			3.2			5.3601342174921
892			3.21		5.2992504510052
893			3.22		5.2431134479829
894			3.23		5.1914565925999
895			3.24		5.1441319846263
896			3.25		5.1015101434471
897			3.26		5.0639643987473
898			3.27		5.0319651490876
899			3.28		5.0035608750595
900			3.29		4.9787872247772
901			3.3			4.9575096196719
902			3.31		4.9383732444584
903			3.32		4.9204871799473
904			3.33		4.9039666855902
905			3.34		4.8884570883189
906			3.35		4.8735598619706
907			3.36		4.8582704298074
908			3.37		4.8435579227654
909			3.38		4.8294719056073
910			3.39		4.8140860866181
911			3.4			4.799294206281
912			3.41		4.7841185946477
913			3.42		4.7694202257069
914			3.43		4.754674909562
915			3.44		4.7401800816355
916			3.45		4.7256934997769
917			3.46		4.7116363443878
918			3.47		4.6978935702127
919			3.48		4.684467619666
920			3.49		4.6713531550007
921			3.5			4.6589884034611
922			3.51		4.6464823355831
923			3.52		4.6335640771602
924			3.53		4.6216177304147
925			3.54		4.6095852442663
926			3.55		4.5980091763088
927			3.56		4.5859865105739
928			3.57		4.5748877420212
929			3.58		4.5632432422818
930			3.59		4.5517479289863
931			3.6			4.5404280757556
932			3.61		4.5290064299931
933			3.62		4.5172124212498
934			3.63		4.5052547681798
935			3.64		4.4941732055266
936			3.65		4.4820542921321
937			3.66		4.4708191899459
938			3.67		4.4588772981466
939			3.68		4.4470975936668
940			3.69		4.4358108848945
941			3.7			4.4241825243372
942			3.71		4.4122621882202
943			3.72		4.4001488608443
944			3.73		4.3885746018475
945			3.74		4.3757493901421
946			3.75		4.3647539344381
947			3.76		4.3523094443012
948			3.77		4.3401625178494
949			3.78		4.3277233226483
950			3.79		4.3147720136816
951			3.8			4.3020680873791
952			3.81		4.2883807784049
953			3.82		4.2751834747144
954			3.83		4.2616464300496
955			3.84		4.2479763893855
956			3.85		4.234641984175
957			3.86		4.2208010084033
958			3.87		4.2072528358881
959			3.88		4.1930224738968
960			3.89		4.1792869203996
961			3.9			4.1647988588206
962			3.91		4.1511864108417
963			3.92		4.1377299703349
964			3.93		4.1238021206409
965			3.94		4.1104462284574
966			3.95		4.0971922958308
967			3.96		4.0832486316173
968			3.97		4.0697948917857
969			3.98		4.0573176115945
970			3.99		4.0433986355346
971			4				4.0304806376195
972			4.01		4.0168094298124
973			4.02		4.0040481835065
974			4.03		3.9902087345662
975			4.04		3.9778484105844
976			4.05		3.9645456036934
977			4.06		3.9516240417007
978			4.07		3.939452196594
979			4.08		3.9265413858711
980			4.09		3.9128257543658
981			4.1			3.9006095362968
982			4.11		3.8873337941447
983			4.12		3.8746066188418
984			4.13		3.8624694423544
985			4.14		3.8494564464657
986			4.15		3.8365963363367
987			4.16		3.8247921232343
988			4.17		3.8114152667293
989			4.18		3.7993326865745
990			4.19		3.7866414054296
991			4.2			3.7744179367632
992			4.21		3.7625329709385
993			4.22		3.7500947905236
994			4.23		3.7382875146746
995			4.24		3.7261981557013
996			4.25		3.7145669620584
997			4.26		3.7030826248603
998			4.27		3.6916712817814
999			4.28		3.6796280163975
1000		4.29		3.6686783838325
1001		4.3			3.6569047297799
1002		4.31		3.6446381191121
1003		4.32		3.6327969728844
1004		4.33		3.6207333968014
1005		4.34		3.6092948437919
1006		4.35		3.5984455178907
1007		4.36		3.587484710872
1008		4.37		3.5757471480093
1009		4.38		3.5650490586335
1010		4.39		3.5560695071064
1011		4.4			3.5471757551814
1012		4.41		3.5380671043893
1013		4.42		3.5285644343796
1014		4.43		3.5200333375568
1015		4.44		3.5089245950978
1016		4.45		3.4963380637357
1017		4.46		3.4837639449266
1018		4.47		3.4676085401381
1019		4.48		3.451212852504
1020		4.49		3.4337674525129
1021		4.5			3.4155631126664
1022		4.51		3.3963248428388
1023		4.52		3.3771700365961
1024		4.53		3.3586634070004
1025		4.54		3.3406936288129
1026		4.55		3.3240113449303
1027		4.56		3.3076269681492
1028		4.57		3.2901719816874
1029		4.58		3.2744535496173
1030		4.59		3.2570837952082
1031		4.6			3.2375375713467
1032		4.61		3.2171695711106
1033		4.62		3.1962028413593
1034		4.63		3.174465270456
1035		4.64		3.1552991780536
1036		4.65		3.13762571507
1037		4.66		3.1197788420605
1038		4.67		3.1028609141202
1039		4.68		3.0856941875283
1040		4.69		3.070202938176
1041		4.7			3.0531918332961
1042		4.71		3.0359665067955
1043		4.72		3.019017799723
1044		4.73		3.0008495288019
1045		4.74		2.9827343633475
1046		4.75		2.9658264157335
1047		4.76		2.949304729798
1048		4.77		2.93254670764
1049		4.78		2.9143945169139
1050		4.79		2.8980020763049
1051		4.8			2.8803584981258
1052		4.81		2.8636869146636
1053		4.82		2.8479520818514
1054		4.83		2.8311778159385
1055		4.84		2.8145753961255
1056		4.85		2.7975446300426
1057		4.86		2.7811520877801
1058		4.87		2.7643516162257
1059		4.88		2.7476603904981
1060		4.89		2.7331989457391
1061		4.9			2.72198463213
1062		4.91		2.7101997356757
1063		4.92		2.7029415250736
1064		4.93		2.7024138412695
1065		4.94		2.7157457876572
1066		4.95		2.6951896076766
1067		4.96		2.6863714827557
1068		4.97		2.6820339286765
1069		4.98		2.6774911244719
1070		4.99		2.664886139006
1071		5				2.6518170168392
1072		5.01		2.6410835067324
1073		5.02		2.6251123242025
1074		5.03		2.607599661286
1075		5.04		2.5852590944374
1076		5.05		2.5630038076849
1077		5.06		2.5458512001586
1078		5.07		2.534726533524
1079		5.08		2.5307103298875
1080		5.09		2.5378923718874
1081		5.1			2.533971937437
1082		5.11		2.5195238469938
1083		5.12		2.5078892618455
1084		5.13		2.4986399127198
1085		5.14		2.4880402953031
1086		5.15		2.4736316794529
1087		5.16		2.4528345736715
1088		5.17		2.4292926268234
1089		5.18		2.4125072203706
1090		5.19		2.4017691254202
1091		5.2			2.3919187754369
1092		5.21		2.3829441792786
1093		5.22		2.3837713479078
1094		5.23		2.3709489063406
1095		5.24		2.3377130863675
1096		5.25		2.2980676727401
1097		5.26		2.2489756580501
1098		5.27		2.1815617966766
1099		5.28		2.0996886177461
1100		5.29		2.0243741433216
1101		5.3			1.9657935729465
1102		5.31		1.918992970515
1103		5.32		1.8770899164084
1104		5.33		1.8294461845588
1105		5.34		1.7803095905359
1106		5.35		1.7411114073688
1107		5.36		1.7071021819209
1108		5.37		1.6795038246974
1109		5.38		1.653457487486
1110		5.39		1.6227612185395
1111		5.4			1.5924419988641
1112		5.41		1.5557953186802
1113		5.42		1.5117645014039
1114		5.43		1.4658586043942
1115		5.44		1.4106731299837
1116		5.45		1.3520204735076
1117		5.46		1.2802187141362
1118		5.47		1.2078942396464
1119		5.48		1.1268503300244
1120		5.49		1.0381789675889
1121		5.5			0.9452623897446
1122		5.51		0.83569389177256
1123		5.52		0.71158118256831
1124		5.53		0.57516080979073
1125		5.54		0.42306455444593
1126		5.55		0.2612232319827
1127		5.56		0.088625674612302
1128		5.57		-0.12327198360571
1129		5.58		-0.35316975170928
1130		5.59		-0.65599899550046
1131		5.6			-1.0247073907443
1132		5.61		-1.5622921594303
1133		5.62		-2.4770753044417
