0				-7.53		9.1677747172384
1				-7.23		8.8677747172384
2				-7.22		8.8577747172384
3				-7.05		8.6877747172384
4				-7.04		8.6777747172384
5				-6.92		9.5577747172384
6				-6.91		9.024895971958
7				-6.87		8.8088047129024
8				-6.75		8.6888047129024
9				-6.69		8.3277747172384
10			-6.68		8.3177747172384
11			-6.62		9.7201727151373
12			-6.61		8.8498347085663
13			-6.55		8.1877747172384
14			-6.53		8.7698347085663
15			-6.47		8.1077747172384
16			-6.45		8.3888047129024
17			-6.44		8.0777747172384
18			-6.43		8.544895971958
19			-6.42		8.0577747172384
20			-6.39		8.0277747172384
21			-6.38		8.0177747172384
22			-6.36		7.9977747172384
23			-6.35		7.9877747172384
24			-6.32		9.8715885696221
25			-6.31		9.1518946998943
26			-6.28		8.2188047129024
27			-6.27		8.384895971958
28			-6.25		8.1888047129024
29			-6.24		7.8777747172384
30			-6.23		8.344895971958
31			-6.22		7.8577747172384
32			-6.21		8.324895971958
33			-6.2		7.8377747172384
34			-6.18		7.8177747172384
35			-6.17		8.284895971958
36			-6.16		7.7977747172384
37			-6.15		9.264895971958
38			-6.14		8.0788047129024
39			-6.13		8.4667447215744
40			-6.12		7.7577747172384
41			-6.11		8.0488047129024
42			-6.09		7.7277747172384
43			-6.08		8.6208647042303
44			-6.07		7.7077747172384
45			-6.06		8.174895971958
46			-6.05		8.2898347085663
47			-6.04		7.9788047129024
48			-6.02		10.270558573958
49			-6.01		9.2275583138552
50			-6			9.2505585739581
51			-5.99		8.104895971958
52			-5.97		8.8118946998943
53			-5.96		8.375925967622
54			-5.95		8.064895971958
55			-5.93		8.345925967622
56			-5.92		8.9891384813974
57			-5.91		8.2467447215744
58			-5.9		8.2367447215744
59			-5.89		7.8288047129024
60			-5.88		8.4720172266777
61			-5.87		9.1098347085663
62			-5.86		8.275925967622
63			-5.85		9.0898347085663
64			-5.84		8.9691364110727
65			-5.83		8.5091674023966
66			-5.82		8.235925967622
67			-5.81		8.5617180695452
68			-5.8		7.7388047129024
69			-5.79		8.0298347085663
70			-5.78		8.7188047129024
71			-5.77		8.6382236386167
72			-5.76		8.2428727572526
73			-5.75		8.5339027529166
74			-5.74		7.6788047129024
75			-5.73		8.4091674023966
76			-5.72		10.547265030938
77			-5.71		9.5858208203672
78			-5.7		9.3630805825032
79			-5.69		9.0179707972669
80			-5.68		8.5730472223417
81			-5.67		9.7455252800588
82			-5.66		8.8659764413054
83			-5.65		9.0037780608732
84			-5.64		8.2320172266777
85			-5.63		8.2677747172384
86			-5.62		9.3848795156032
87			-5.61		8.7918427615887
88			-5.6		8.6357147259104
89			-5.59		8.7191364110727
90			-5.58		8.7975583138552
91			-5.57		9.8541784434614
92			-5.56		8.9686267288805
93			-5.55		9.1222731684819
94			-5.54		9.7743718128648
95			-5.53		9.1454983225272
96			-5.52		9.2511964024006
97			-5.51		8.9186267288805
98			-5.5		8.7059764413054
99			-5.49		8.6462886571163
100			-5.48		9.1177747172384
101			-5.47		8.9206880738812
102			-5.46		9.4557095642388
103			-5.45		8.865925967622
104			-5.44		8.6798347085663
105			-5.43		8.6698347085663
106			-5.42		10.695864439223
107			-5.41		9.9995977525543
108			-5.4		9.7098725751741
109			-5.39		9.5476027110141
110			-5.38		9.1005600875548
111			-5.37		10.344234451087
112			-5.36		9.4043148976723
113			-5.35		9.4942797496433
114			-5.34		9.0346795685749
115			-5.33		8.9634099118359
116			-5.32		9.9599407789949
117			-5.31		9.3710205911752
118			-5.3		9.2579210033494
119			-5.29		9.4449706151884
120			-5.28		9.2274048846643
121			-5.27		10.336071531221
122			-5.26		9.3863254337388
123			-5.25		9.3159095112672
124			-5.24		10.1666943229
125			-5.23		9.4621672676138
126			-5.22		9.922606936977
127			-5.21		9.5777490029379
128			-5.2		9.3509923173063
129			-5.19		9.4006463194389
130			-5.18		9.5354452202406
131			-5.17		9.29349614372
132			-5.16		10.149571024135
133			-5.15		9.4823799161719
134			-5.14		9.2155252800588
135			-5.13		9.3889509990134
136			-5.12		10.604544670776
137			-5.11		10.215974303311
138			-5.1		10.049528578294
139			-5.09		9.9856931675524
140			-5.08		9.4698231650578
141			-5.07		10.578061546231
142			-5.06		9.7819934039776
143			-5.05		9.8244952843948
144			-5.04		9.4133736169366
145			-5.03		9.6418256200313
146			-5.02		10.276032062079
147			-5.01		9.8162722007614
148			-5			9.7155058968908
149			-4.99		10.016586130712
150			-4.98		9.6406153281149
151			-4.97		10.344808248572
152			-4.96		9.712719132951
153			-4.95		9.7583297757596
154			-4.94		10.374903705035
155			-4.93		9.8177064738726
156			-4.92		10.24315812704
157			-4.91		10.101536415628
158			-4.9		9.7144446499065
159			-4.89		9.9950867802189
160			-4.88		9.7983530876065
161			-4.87		9.8584103254973
162			-4.86		10.359309128097
163			-4.85		9.8003751564996
164			-4.84		9.7733418172009
165			-4.83		9.8195710241354
166			-4.82		10.294162136565
167			-4.81		10.275014716744
168			-4.8		10.280321553733
169			-4.79		10.193741142024
170			-4.78		9.7220497677155
171			-4.77		10.433735627095
172			-4.76		10.011299420092
173			-4.75		9.9641160674442
174			-4.74		9.7817526809077
175			-4.73		9.8789894183748
176			-4.72		10.317674305104
177			-4.71		10.075722426783
178			-4.7		9.8520567650988
179			-4.69		10.177807974928
180			-4.68		9.8265736826423
181			-4.67		10.153306834732
182			-4.66		9.6849865175521
183			-4.65		10.000845043094
184			-4.64		10.281622839273
185			-4.63		9.9866914032532
186			-4.62		10.19614431469
187			-4.61		10.08649790727
188			-4.6		9.8106463194389
189			-4.59		10.049811965311
190			-4.58		9.7012193653369
191			-4.57		10.035337828493
192			-4.56		10.184143310809
193			-4.55		9.7174616710113
194			-4.54		9.9327343049601
195			-4.53		9.8609738623921
196			-4.52		9.9189505303941
197			-4.51		10.101631015463
198			-4.5		10.040647502684
199			-4.49		9.9982956672511
200			-4.48		9.7264077067284
201			-4.47		9.9992006600864
202			-4.46		9.8780920293785
203			-4.45		9.8104086397722
204			-4.44		9.7627097998793
205			-4.43		9.6878066123647
206			-4.42		10.000278823406
207			-4.41		9.8435852419058
208			-4.4		9.6569724330313
209			-4.39		9.8337510679559
210			-4.38		9.6261937685557
211			-4.37		9.7670647502627
212			-4.36		9.53483786002
213			-4.35		9.6582988750205
214			-4.34		9.7901532283926
215			-4.33		9.6976681212016
216			-4.32		9.6901684770614
217			-4.31		9.6171845845262
218			-4.3		9.4997104805522
219			-4.29		9.6001496959845
220			-4.28		9.3439605424829
221			-4.27		9.5907316435396
222			-4.26		9.6216406816819
223			-4.25		9.3060760085581
224			-4.24		9.4430320606586
225			-4.23		9.3223147022032
226			-4.22		9.2915445511632
227			-4.21		9.5483919129204
228			-4.2		9.3843173807165
229			-4.19		9.37812538954
230			-4.18		9.1868049390475
231			-4.17		9.2752348267456
232			-4.16		9.205675257381
233			-4.15		9.2082255763444
234			-4.14		9.1633809908367
235			-4.13		8.9902310539176
236			-4.12		9.2665736826423
237			-4.11		9.1239865675211
238			-4.1		8.9947328697993
239			-4.09		9.0713802253425
240			-4.08		8.948989365201
241			-4.07		8.9640112504443
242			-4.06		8.8956064105673
243			-4.05		8.8858817161118
244			-4.04		8.9601702219809
245			-4.03		8.9304630615401
246			-4.02		8.89882286791
247			-4.01		8.7302010180992
248			-4			8.7697140124488
249			-3.99		8.7080403445782
250			-3.98		8.566187683017
251			-3.97		8.7606743136321
252			-3.96		8.7226048666522
253			-3.95		8.5400827269005
254			-3.94		8.5495143081262
255			-3.93		8.4078808116951
256			-3.92		8.4090330659575
257			-3.91		8.6991445674858
258			-3.9		8.4732819830631
259			-3.89		8.4463292477887
260			-3.88		8.3647300422582
261			-3.87		8.2966498330138
262			-3.86		8.3257897814624
263			-3.85		8.2919141495737
264			-3.84		8.2344108254842
265			-3.83		8.0383176571203
266			-3.82		8.2966238079756
267			-3.81		8.1857620435718
268			-3.8		8.0861347282193
269			-3.79		8.0437247688948
270			-3.78		8.013270939064
271			-3.77		7.9852665170756
272			-3.76		7.8705311665556
273			-3.75		7.8501727151373
274			-3.74		7.8606483008471
275			-3.73		7.8102544863028
276			-3.72		7.7710744813196
277			-3.71		7.6444399074999
278			-3.7		7.6474048846643
279			-3.69		7.5708127659247
280			-3.68		7.4576538036396
281			-3.67		7.5955764471686
282			-3.66		7.3946847302464
283			-3.65		7.3211984727253
284			-3.64		7.3422327064653
285			-3.63		7.2022731684819
286			-3.62		7.1554018085288
287			-3.61		7.2209025708381
288			-3.6		7.0702836299446
289			-3.59		6.9759627442446
290			-3.58		6.9167447215744
291			-3.57		6.9067447215744
292			-3.56		6.8879707972669
293			-3.55		6.7192536342806
294			-3.54		6.5927480652092
295			-3.53		6.5101973980606
296			-3.52		6.5727480652092
297			-3.51		6.4901973980606
298			-3.5		6.3138659762941
299			-3.49		6.0308647042303
300			-3.48		6.2317180695452
301			-3.47		6.2217180695452
302			-3.46		5.9428727572526
303			-3.45		6.0877747172384
304			-3.44		5.6798347085663
305			-3.43		5.6698347085663
306			-3.42		5.534895971958
307			-3.41		5.7467447215744
308			-3.4		5.3388047129024
309			-3.39		5.6298347085663
310			-3.38		5.0177747172384
311			-3.37		5.3088047129024
312			-3.36		5.2988047129024
313			-3.35		5.2888047129024
314			-3.34		4.9777747172384
315			-3.31		5.2488047129024
316			-1.21		7.5975728496863
317			-1.2		7.6853226998566
318			-1.19		6.9780705300639
319			-1.06		6.9749941521328
320			-1.05		7.7193285952951
321			-1.04		6.8352617066232
322			-0.91		5.448687784976
323			-0.9		7.6683336171024
324			-0.89		6.691949059155
325			-0.88		4.9344152245767
326			-0.86		7.7015172425814
327			-0.85		7.4567383924459
328			-0.84		6.9282701638978
329			-0.76		2.3977747172384
330			-0.75		7.5212401725364
331			-0.74		6.5404287213579
332			-0.73		7.4463547733337
333			-0.72		6.4965824824561
334			-0.71		7.4359214415919
335			-0.7		7.4757013905315
336			-0.69		6.7791005257279
337			-0.65		7.6702942414638
338			-0.64		6.6904871999835
339			-0.63		6.4099137973705
340			-0.6		8.4769713051969
341			-0.59		7.877988959055
342			-0.58		7.345598423053
343			-0.57		6.6429977634494
344			-0.56		6.8347538006079
345			-0.55		7.5609534717439
346			-0.54		6.6417572422481
347			-0.53		4.8879340206443
348			-0.51		7.6778578192668
349			-0.5		7.5837196846078
350			-0.49		6.9716985762929
351			-0.48		6.2661614049052
352			-0.47		7.5079879436318
353			-0.46		6.5468209211422
354			-0.45		8.3262253040328
355			-0.44		7.727263401907
356			-0.43		7.2212359066648
357			-0.42		7.493851451379
358			-0.41		6.5132170570071
359			-0.4		7.7692337387211
360			-0.39		6.6680374612013
361			-0.38		7.4421368491214
362			-0.37		6.1660467218905
363			-0.36		7.5765525584612
364			-0.35		7.5949347489754
365			-0.34		7.4797714266484
366			-0.33		6.7243880073113
367			-0.32		7.3624972812838
368			-0.31		7.3950444099487
369			-0.3		8.3168266563023
370			-0.29		7.5381548404313
371			-0.28		7.3402709915109
372			-0.27		7.6363127309205
373			-0.26		6.6520848211186
374			-0.25		8.4743287172221
375			-0.24		7.839527457149
376			-0.23		7.6018076562888
377			-0.22		6.701860292274
378			-0.21		7.6243596864865
379			-0.2		7.7125150632327
380			-0.19		7.5954855316385
381			-0.18		7.3469560252422
382			-0.17		7.5620175249208
383			-0.16		7.7583182674876
384			-0.15		8.1692293358387
385			-0.14		7.6481399908319
386			-0.13		7.9794749990601
387			-0.12		7.958954093457
388			-0.11		7.6513768696008
389			-0.1		8.3311325698625
390			-0.09		7.9215402619375
391			-0.08		7.6395974409934
392			-0.07		7.5232873829199
393			-0.06		7.7038803380963
394			-0.05		8.3232620831589
395			-0.04		7.6664406739488
396			-0.03		7.9051538044482
397			-0.02		7.6828277167371
398			-0.01		7.8165558432492
399			0				8.117692778919
400			0.01		8.2849007785501
401			0.02		7.9669828686374
402			0.03		8.0623997838689
403			0.04		7.8170833343025
404			0.05		8.3065679415438
405			0.06		7.9115165268867
406			0.07		7.7659849107141
407			0.08		7.9132695305545
408			0.09		7.7382215582288
409			0.1			8.5010557294336
410			0.11		8.1016572570718
411			0.12		7.9761322614729
412			0.13		8.2112149339582
413			0.14		8.0041606743973
414			0.15		8.1395116000437
415			0.16		8.2651486076195
416			0.17		7.9445240566791
417			0.18		8.3705946996378
418			0.19		8.0170295599973
419			0.2			8.4336878590789
420			0.21		8.0244624005439
421			0.22		8.2299392394909
422			0.23		8.0578608589375
423			0.24		8.1596540141512
424			0.25		8.4001396113022
425			0.26		8.4044484204284
426			0.27		8.0791900612003
427			0.28		8.2507094790338
428			0.29		8.2812196871528
429			0.3			8.4751275940968
430			0.31		8.2808973309498
431			0.32		8.131821971752
432			0.33		8.478660546385
433			0.34		8.1583504125195
434			0.35		8.4558393111083
435			0.36		8.4187349201376
436			0.37		8.400194675415
437			0.38		8.1945754817585
438			0.39		8.3783416231977
439			0.4			8.4774447029847
440			0.41		8.4420137865423
441			0.42		8.4213643469253
442			0.43		8.4321039995033
443			0.44		8.4046713963813
444			0.45		8.577009077964
445			0.46		8.3950675034957
446			0.47		8.335145788911
447			0.48		8.6399844088493
448			0.49		8.4302697628359
449			0.5			8.5057318967967
450			0.51		8.5553701489682
451			0.52		8.4948989053824
452			0.53		8.5426730810803
453			0.54		8.5438702824758
454			0.55		8.6040113894966
455			0.56		8.4900763695069
456			0.57		8.6368649785781
457			0.58		8.5814071472737
458			0.59		8.5744637322604
459			0.6			8.6235032505334
460			0.61		8.6294290618527
461			0.62		8.5712972876224
462			0.63		8.7161870843801
463			0.64		8.5909059838696
464			0.65		8.7024848964931
465			0.66		8.66871927445
466			0.67		8.6282976218118
467			0.68		8.7411629232966
468			0.69		8.6610308628751
469			0.7			8.7461351009348
470			0.71		8.6937649106963
471			0.72		8.7537847105329
472			0.73		8.6981860546996
473			0.74		8.7836410027809
474			0.75		8.727620728254
475			0.76		8.7898195699274
476			0.77		8.7674127667236
477			0.78		8.8153037907315
478			0.79		8.7638401116817
479			0.8			8.8344419676594
480			0.81		8.8127198458517
481			0.82		8.8119852456653
482			0.83		8.8632771374137
483			0.84		8.8357116056188
484			0.85		8.8729807157874
485			0.86		8.8686516343657
486			0.87		8.8764608766773
487			0.88		8.8841427196764
488			0.89		8.9167911641645
489			0.9			8.8950709662205
490			0.91		8.9097871557644
491			0.92		8.9391008300071
492			0.93		8.9449991164804
493			0.94		8.9397391545057
494			0.95		8.9642219619621
495			0.96		8.963965973058
496			0.97		8.9786728281181
497			0.98		8.991234113521
498			0.99		8.9984489182663
499			1				9.0131757532804
500			1.01		9.0152966219893
501			1.02		9.0267979299647
502			1.03		9.0424527623662
503			1.04		9.0438318666308
504			1.05		9.0574046604513
505			1.06		9.0642205527009
506			1.07		9.0824453339499
507			1.08		9.0779165098695
508			1.09		9.0970440049672
509			1.1			9.1091776968945
510			1.11		9.11485579271
511			1.12		9.131735579717
512			1.13		9.1353210747857
513			1.14		9.1380154724855
514			1.15		9.1608905474472
515			1.16		9.1613805481761
516			1.17		9.1731518660753
517			1.18		9.1877604699401
518			1.19		9.1916902824036
519			1.2			9.2055514854921
520			1.21		9.2109084497707
521			1.22		9.226191663049
522			1.23		9.2283228635193
523			1.24		9.2452387243958
524			1.25		9.248429392909
525			1.26		9.2621310475259
526			1.27		9.2709457615307
527			1.28		9.2821249141806
528			1.29		9.2861259399962
529			1.3			9.2981965618216
530			1.31		9.3086404172094
531			1.32		9.3186311755732
532			1.33		9.3282715494717
533			1.34		9.336016890863
534			1.35		9.3456298224717
535			1.36		9.3548181054996
536			1.37		9.3642033618738
537			1.38		9.3747454421041
538			1.39		9.381594304037
539			1.4			9.3896938400424
540			1.41		9.4038302775577
541			1.42		9.4078037246559
542			1.43		9.4202408149224
543			1.44		9.4263601265565
544			1.45		9.438290936834
545			1.46		9.4449670703835
546			1.47		9.4541720317789
547			1.48		9.4637038878543
548			1.49		9.4716624560286
549			1.5			9.4804382478361
550			1.51		9.4885110626739
551			1.52		9.4981666367241
552			1.53		9.5060508509122
553			1.54		9.5139687750744
554			1.55		9.5221314416629
555			1.56		9.5312528461149
556			1.57		9.5391779032517
557			1.58		9.5473094058264
558			1.59		9.5547725169299
559			1.6			9.5632210589165
560			1.61		9.5705478208802
561			1.62		9.5787794864646
562			1.63		9.5858962452622
563			1.64		9.5936706065091
564			1.65		9.6011654891225
565			1.66		9.6079495042639
566			1.67		9.6158032731397
567			1.68		9.6220647333325
568			1.69		9.6294006345235
569			1.7			9.636631701187
570			1.71		9.642543832873
571			1.72		9.6492013323649
572			1.73		9.6557504742238
573			1.74		9.6621596185445
574			1.75		9.6678627733874
575			1.76		9.6739365732617
576			1.77		9.6792552371605
577			1.78		9.6854886954907
578			1.79		9.6904409413445
579			1.8			9.6957030348169
580			1.81		9.7005841784779
581			1.82		9.7055876292542
582			1.83		9.710230212283
583			1.84		9.7142259032981
584			1.85		9.7188616855119
585			1.86		9.7227533637182
586			1.87		9.7259797284251
587			1.88		9.7298100030473
588			1.89		9.7331856982294
589			1.9			9.735866137515
590			1.91		9.7387805558474
591			1.92		9.7411269503102
592			1.93		9.7437253124307
593			1.94		9.745131968275
594			1.95		9.7469869617141
595			1.96		9.7482652577074
596			1.97		9.7491809304292
597			1.98		9.7501066201575
598			1.99		9.7503579894848
599			2				9.7506399831897
600			2.01		9.7502213818875
601			2.02		9.7498015523931
602			2.03		9.7489181328474
603			2.04		9.7476635536604
604			2.05		9.7460509684354
605			2.06		9.7440326309503
606			2.07		9.7418901925958
607			2.08		9.7390916474399
608			2.09		9.7361016251011
609			2.1			9.7326260141222
610			2.11		9.7288795522441
611			2.12		9.7245427017609
612			2.13		9.7198911254028
613			2.14		9.7149777828101
614			2.15		9.7096243892518
615			2.16		9.7036630945979
616			2.17		9.6974279342557
617			2.18		9.6907979117518
618			2.19		9.6835928060176
619			2.2			9.6762563602302
620			2.21		9.6680471011658
621			2.22		9.6597246786044
622			2.23		9.6508951225106
623			2.24		9.6416011894374
624			2.25		9.6316487683363
625			2.26		9.6216349328635
626			2.27		9.6106568191871
627			2.28		9.5998784883811
628			2.29		9.5880447258268
629			2.3			9.5759688679091
630			2.31		9.5633674412343
631			2.32		9.5503896746739
632			2.33		9.5368748522467
633			2.34		9.5228401733698
634			2.35		9.508344966275
635			2.36		9.4934614582896
636			2.37		9.4779454668717
637			2.38		9.4620289041363
638			2.39		9.4457362715828
639			2.4			9.428759949856
640			2.41		9.41145774189
641			2.42		9.3936068722095
642			2.43		9.375350329012
643			2.44		9.356540201003
644			2.45		9.3373673207578
645			2.46		9.3177190141968
646			2.47		9.2975648534278
647			2.48		9.2770431236533
648			2.49		9.2560430907229
649			2.5			9.2346775105792
650			2.51		9.2127811723525
651			2.52		9.1906324338511
652			2.53		9.1679540572374
653			2.54		9.1449591651097
654			2.55		9.12153492457
655			2.56		9.0978109650539
656			2.57		9.0736176161258
657			2.58		9.0491823386881
658			2.59		9.0243101836049
659			2.6			8.9991069270479
660			2.61		8.9735932484386
661			2.62		8.9477168768346
662			2.63		8.9215132199844
663			2.64		8.8949919467973
664			2.65		8.8681016926668
665			2.66		8.8409246285193
666			2.67		8.8133857667013
667			2.68		8.7855086635081
668			2.69		8.757294946179
669			2.7			8.7287546195647
670			2.71		8.6998100032166
671			2.72		8.6705829108718
672			2.73		8.6409517091499
673			2.74		8.6109685638503
674			2.75		8.5806203716861
675			2.76		8.5498638472458
676			2.77		8.5187419575951
677			2.78		8.4872419781547
678			2.79		8.4552917347288
679			2.8			8.4229557530642
680			2.81		8.3901758092664
681			2.82		8.3569903487483
682			2.83		8.3233493281614
683			2.84		8.2892379637263
684			2.85		8.2546251774336
685			2.86		8.2195485366125
686			2.87		8.1839234107131
687			2.88		8.147743463605
688			2.89		8.1110598066449
689			2.9			8.0737186000713
690			2.91		8.0357328294169
691			2.92		7.9970464962038
692			2.93		7.9577226108614
693			2.94		7.9175783240656
694			2.95		7.8766330113716
695			2.96		7.8348752568265
696			2.97		7.7921884830015
697			2.98		7.7485789454439
698			2.99		7.7039768192751
699			3				7.6582674493844
700			3.01		7.6115183936733
701			3.02		7.5635702793166
702			3.03		7.5144405702632
703			3.04		7.4640452969592
704			3.05		7.4123575003574
705			3.06		7.3593246923853
706			3.07		7.3049558533731
707			3.08		7.2491624558716
708			3.09		7.1919197544415
709			3.1			7.1332108380288
710			3.11		7.0729998742311
711			3.12		7.0113036632865
712			3.13		6.9481543155902
713			3.14		6.8834845193047
714			3.15		6.8173873961728
715			3.16		6.749839554141
716			3.17		6.6808537587285
717			3.18		6.6105627173764
718			3.19		6.5390409579812
719			3.2			6.4662288206812
720			3.21		6.392447645273
721			3.22		6.3176993394044
722			3.23		6.2420157969699
723			3.24		6.1659987614616
724			3.25		6.0892154604118
725			3.26		6.0122741650731
726			3.27		5.9352749119778
727			3.28		5.8584937813369
728			3.29		5.7820802024714
729			3.3			5.7066699692827
730			3.31		5.6321333425023
731			3.32		5.5589094439377
732			3.33		5.4875564053233
733			3.34		5.41781393979
734			3.35		5.3504590024285
735			3.36		5.2855849045884
736			3.37		5.2237581007687
737			3.38		5.1642315707211
738			3.39		5.106955901248
739			3.4			5.0525372327186
740			3.41		5.0004621190371
741			3.42		4.9508294686309
742			3.43		4.9038478920929
743			3.44		4.8595147304294
744			3.45		4.8170042405024
745			3.46		4.7774369850157
746			3.47		4.7392315152707
747			3.48		4.7020066458092
748			3.49		4.6665816412405
749			3.5			4.6313532107387
750			3.51		4.5963663065247
751			3.52		4.5620907843581
752			3.53		4.5284692934558
753			3.54		4.4931081009071
754			3.55		4.4578971917891
755			3.56		4.421791881522
756			3.57		4.3843666867538
757			3.58		4.3464039519034
758			3.59		4.3078752162954
759			3.6			4.2706140977771
760			3.61		4.2348912844419
761			3.62		4.2032267742641
762			3.63		4.175314164873
763			3.64		4.1488223283482
764			3.65		4.1224066073372
765			3.66		4.09760543511
766			3.67		4.0742620714694
767			3.68		4.0484012878061
768			3.69		4.0192778398103
769			3.7			3.9831990195835
770			3.71		3.9408442062896
771			3.72		3.8984714966232
772			3.73		3.8590043777035
773			3.74		3.8257442600816
774			3.75		3.8034778721746
775			3.76		3.7960315833591
776			3.77		3.795108117472
777			3.78		3.7921469017324
778			3.79		3.7783473325467
779			3.8			3.7489227340925
780			3.81		3.7042321622139
781			3.82		3.6498516753937
782			3.83		3.5936389039672
783			3.84		3.536376924766
784			3.85		3.4675722428156
785			3.86		3.3836957443094
786			3.87		3.2910541314452
787			3.88		3.1996818436453
788			3.89		3.1262979821798
789			3.9			3.0741323698807
790			3.91		3.0320476124026
791			3.92		3.0048886429843
792			3.93		2.9847738867555
793			3.94		2.9682299447804
794			3.95		2.9540816913877
795			3.96		2.9383922091826
796			3.97		2.9111055058055
797			3.98		2.8789776252754
798			3.99		2.8457688619459
799			4				2.8123607117747
800			4.01		2.7863482734106
801			4.02		2.7640919400138
802			4.03		2.7384654255856
803			4.04		2.7031043342208
804			4.05		2.6525657874022
805			4.06		2.5773184684598
806			4.07		2.4684967843526
807			4.08		2.3264498096263
808			4.09		2.182523966046
809			4.1			2.0226437499588
810			4.11		1.8467974506688
811			4.12		1.61339731226
812			4.13		1.3157830171488
813			4.14		0.94817780339375
814			4.15		0.59464526171703
815			4.16		0.30772141318002
816			4.17		0.17278267657172
817			4.18		0.090232009423102
818			4.19		0.046565224001497
819			4.2			0.0036225359119008
820			4.21		-0.035666840190093
821			4.22		-0.071680272555008
822			4.23		-0.12240326678346
823			4.24		-0.11650385628004
824			4.25		-0.10168027255501
825			4.26		-0.13650385628004
826			4.27		-0.089399855802443
827			4.28		-0.13707530444172
828			4.29		-0.0971308341833
829			4.3			-0.12566684019009
830			4.31		-0.14459538189028
831			4.32		-0.13322202073583
832			4.33		-0.1263774640881
833			4.34		-0.1544505773738
834			4.35		-0.22792544341483
835			4.36		-0.23086358892735
836			4.37		-0.27585924963258
837			4.38		-0.28132744000507
838			4.39		-0.31289258893135
839			4.4			-0.28221833980447
840			4.41		-0.28226680333678
841			4.42		-0.33043884723733
842			4.43		-0.29253820014321
843			4.44		-0.3294688334444
844			4.45		-0.34833229377571
845			4.46		-0.39409048873283
846			4.47		-0.33668094521517
847			4.48		-0.37982728486266
848			4.49		-0.39738042275311
849			4.5			-0.42447471994123
850			4.51		-0.46739156614168
851			4.52		-0.55181150941243
852			4.53		-0.4977736019354
853			4.54		-0.59047142170587
854			4.55		-0.73324833546845
855			4.56		-0.73470456192515
856			4.57		-0.94099920706913
857			4.58		-0.9008325976034
858			4.59		-0.96099920706913
859			4.6			-1.1768954477509
860			4.61		-1.1461504800608
861			4.62		-1.2263504270891
862			4.63		-1.3020292027331
863			4.64		-1.1960453087777
864			4.65		-1.3132552784256
865			4.66		-1.4311606757351
866			4.67		-1.3887726062754
867			4.68		-1.4859227819943
868			4.69		-1.5470753044417
869			4.7			-1.4494414260419
870			4.71		-1.710497446744
871			4.72		-1.720497446744
872			4.73		-1.615104028042
873			4.74		-1.5224416861448
874			4.75		-1.5937113428837
875			4.76		-1.8434716818088
876			4.77		-1.770497446744
877			4.78		-1.7272519347908
878			4.79		-1.7050672514194
879			4.8			-1.6059227819943
880			4.81		-1.9417763613833
881			4.82		-1.8398026019394
882			4.83		-1.9369527776583
883			4.84		-1.9234716818088
884			4.85		-2.3091352957697
885			4.86		-2.143044036714
886			4.87		-2.755104028042
887			4.88		-2.3971272427474
888			4.89		-2.474074032378
889			4.9			-2.3591352957697
890			4.91		-3.2722252827616
891			4.92		-2.6801652914337
892			4.93		-2.5932552784256
893			4.94		-3.3022252827616
894			4.95		-3.3122252827616
895			4.96		-3.3222252827616
896			4.98		-3.3422252827616
897			4.99		-3.3522252827616
898			5				-3.0611952870976
899			5.01		-3.3722252827616
900			5.02		-3.0811952870976
901			5.03		-3.0911952870976
902			5.1			-3.1611952870976
903			5.12		-3.4822252827616
904			5.14		-3.5022252827616
905			5.15		-3.5122252827616
906			5.17		-3.5322252827616
907			5.18		-3.5422252827616
908			5.25		-3.6122252827616
909			5.38		-3.7422252827616
910			5.43		-3.7922252827616
