0				-6.17		7.8077747172384
1				-6.16		-inf
2				-6.15		-inf
3				-6.14		-inf
4				-6.13		-inf
5				-6.12		-inf
6				-6.11		-inf
7				-6.1		-inf
8				-6.09		-inf
9				-6.08		-inf
10			-6.07		-inf
11			-6.06		-inf
12			-6.05		-inf
13			-6.04		-inf
14			-6.03		-inf
15			-6.02		-inf
16			-6.01		-inf
17			-6			7.6377747172384
18			-5.99		-inf
19			-5.98		-inf
20			-5.97		-inf
21			-5.96		-inf
22			-5.95		-inf
23			-5.94		-inf
24			-5.93		-inf
25			-5.92		-inf
26			-5.91		-inf
27			-5.9		-inf
28			-5.89		-inf
29			-5.88		-inf
30			-5.87		7.5077747172384
31			-5.86		-inf
32			-5.85		7.4877747172384
33			-5.84		-inf
34			-5.83		-inf
35			-5.82		-inf
36			-5.81		-inf
37			-5.8		-inf
38			-5.79		-inf
39			-5.78		-inf
40			-5.77		-inf
41			-5.76		-inf
42			-5.75		-inf
43			-5.74		-inf
44			-5.73		-inf
45			-5.72		7.6588047129024
46			-5.71		7.3477747172384
47			-5.7		7.6388047129024
48			-5.69		7.3277747172384
49			-5.68		-inf
50			-5.67		7.6088047129024
51			-5.66		-inf
52			-5.65		-inf
53			-5.64		-inf
54			-5.63		-inf
55			-5.62		7.5588047129024
56			-5.61		-inf
57			-5.6		-inf
58			-5.59		-inf
59			-5.58		-inf
60			-5.57		7.2077747172384
61			-5.56		-inf
62			-5.55		-inf
63			-5.54		7.1777747172384
64			-5.53		-inf
65			-5.52		-inf
66			-5.51		-inf
67			-5.5		-inf
68			-5.49		-inf
69			-5.48		-inf
70			-5.47		-inf
71			-5.46		-inf
72			-5.45		-inf
73			-5.44		-inf
74			-5.43		-inf
75			-5.42		8.3365283181912
76			-5.41		7.524895971958
77			-5.4		-inf
78			-5.39		7.0277747172384
79			-5.38		-inf
80			-5.37		7.8528727572526
81			-5.36		7.2988047129024
82			-5.35		-inf
83			-5.34		6.9777747172384
84			-5.33		-inf
85			-5.32		7.434895971958
86			-5.31		6.9477747172384
87			-5.3		-inf
88			-5.29		6.9277747172384
89			-5.28		-inf
90			-5.27		7.9491674023966
91			-5.26		6.8977747172384
92			-5.25		-inf
93			-5.24		7.5767447215744
94			-5.23		-inf
95			-5.22		7.1588047129024
96			-5.21		-inf
97			-5.2		7.314895971958
98			-5.19		7.4298347085663
99			-5.18		6.8177747172384
100			-5.17		6.8077747172384
101			-5.16		7.3998347085663
102			-5.15		6.7877747172384
103			-5.14		-inf
104			-5.13		7.0688047129024
105			-5.12		8.1557147259104
106			-5.11		7.7477747172384
107			-5.1		7.8839027529166
108			-5.09		7.6308647042303
109			-5.08		7.0188047129024
110			-5.07		8.1701727151373
111			-5.06		7.5428727572526
112			-5.05		7.465925967622
113			-5.04		6.6777747172384
114			-5.03		6.9688047129024
115			-5.02		7.9588047129024
116			-5.01		6.9488047129024
117			-5			6.9388047129024
118			-4.99		7.6691674023966
119			-4.98		-inf
120			-4.97		7.969502553256
121			-4.96		7.074895971958
122			-4.95		7.1898347085663
123			-4.94		7.9757147259104
124			-4.93		7.5677747172384
125			-4.92		7.9001973980606
126			-4.91		7.5477747172384
127			-4.9		7.014895971958
128			-4.89		7.5691674023966
129			-4.88		7.5591674023966
130			-4.87		7.3528727572526
131			-4.86		7.9127480652092
132			-4.85		6.964895971958
133			-4.84		7.1767447215744
134			-4.83		7.4220172266777
135			-4.82		7.7365283181912
136			-4.81		7.9391364110727
137			-4.8		7.81798595895
138			-4.79		7.6582236386167
139			-4.78		7.2628727572526
140			-4.77		7.9262886571163
141			-4.76		7.6988047129024
142			-4.75		7.6888047129024
143			-4.74		7.4917180695452
144			-4.73		7.6688047129024
145			-4.72		7.8049327485806
146			-4.71		7.5782236386167
147			-4.7		7.2920172266777
148			-4.69		7.5830472223417
149			-4.68		7.4639027529166
150			-4.67		7.6088047129024
151			-4.66		7.4738659762941
152			-4.65		7.5888047129024
153			-4.64		7.7691364110727
154			-4.63		7.5230472223417
155			-4.62		7.63798595895
156			-4.61		7.609502553256
157			-4.6		7.4418946998943
158			-4.59		7.4582236386167
159			-4.58		7.0628727572526
160			-4.57		7.684895971958
161			-4.56		7.4530472223417
162			-4.55		7.3339027529166
163			-4.54		7.4082236386167
164			-4.53		7.3718946998943
165			-4.52		7.6201727151373
166			-4.51		7.6101727151373
167			-4.5		7.4801973980606
168			-4.49		7.5591384813974
169			-4.48		7.0208647042303
170			-4.47		7.4501973980606
171			-4.46		7.3988047129024
172			-4.45		7.2918946998943
173			-4.44		7.0320172266777
174			-4.43		7.0677747172384
175			-4.42		7.43798595895
176			-4.41		7.3488047129024
177			-4.4		7.1839027529166
178			-4.39		7.3288047129024
179			-4.38		7.0177747172384
180			-4.37		7.086955963286
181			-4.36		6.9977747172384
182			-4.35		7.066955963286
183			-4.34		7.2082236386167
184			-4.33		7.1982236386167
185			-4.32		7.1618946998943
186			-4.31		6.9020172266777
187			-4.3		6.9791674023966
188			-4.29		7.006955963286
189			-4.28		6.6167447215744
190			-4.27		6.986955963286
191			-4.26		7.1282236386167
192			-4.25		6.7908647042303
193			-4.24		6.8320172266777
194			-4.23		6.7708647042303
195			-4.22		6.5567447215744
196			-4.21		7.1265283181912
197			-4.2		6.6828727572526
198			-4.19		7.0038659762941
199			-4.18		6.5167447215744
200			-4.17		6.6528727572526
201			-4.16		6.6428727572526
202			-4.15		6.4867447215744
203			-4.14		6.6808647042303
204			-4.13		6.3698347085663
205			-4.12		6.6608647042303
206			-4.11		6.6508647042303
207			-4.1		6.214895971958
208			-4.09		6.204895971958
209			-4.08		6.3198347085663
210			-4.07		6.3098347085663
211			-4.06		5.9988047129024
212			-4.05		6.465925967622
213			-4.04		6.5808647042303
214			-4.03		5.9688047129024
215			-4.02		6.3567447215744
216			-4.01		5.9488047129024
217			-4			6.3367447215744
218			-3.99		5.9288047129024
219			-3.98		5.9188047129024
220			-3.97		5.9088047129024
221			-3.96		5.5977747172384
222			-3.95		5.8888047129024
223			-3.94		6.054895971958
224			-3.93		5.5677747172384
225			-3.92		5.8588047129024
226			-3.91		6.024895971958
227			-3.9		5.8388047129024
228			-3.89		6.004895971958
229			-3.88		6.295925967622
230			-3.87		-inf
231			-3.86		5.4977747172384
232			-3.85		5.4877747172384
233			-3.84		5.4777747172384
234			-3.83		-inf
235			-3.82		5.4577747172384
236			-3.81		-inf
237			-3.8		5.7388047129024
238			-3.79		5.4277747172384
239			-3.78		5.4177747172384
240			-3.77		-inf
241			-3.76		5.6988047129024
242			-3.75		-inf
243			-3.74		-inf
244			-3.73		-inf
245			-3.72		-inf
246			-3.71		5.6488047129024
247			-3.7		5.3377747172384
248			-3.69		-inf
249			-3.68		-inf
250			-3.67		-inf
251			-3.66		5.2977747172384
252			-3.65		-inf
253			-3.64		-inf
254			-3.63		-inf
255			-3.62		-inf
256			-3.61		-inf
257			-3.6		-inf
258			-3.59		-inf
259			-3.58		-inf
260			-3.57		5.2077747172384
261			-3.56		-inf
262			-3.55		-inf
263			-3.54		-inf
264			-3.53		-inf
265			-3.52		-inf
266			-3.51		-inf
267			-3.5		-inf
268			-3.49		-inf
269			-3.48		-inf
270			-3.47		-inf
271			-3.46		-inf
272			-3.45		-inf
273			-3.44		-inf
274			-3.43		-inf
275			-3.42		-inf
276			-3.41		-inf
277			-3.4		-inf
278			-3.39		-inf
279			-3.38		-inf
280			-3.37		-inf
281			-3.36		-inf
282			-3.35		-inf
283			-3.34		-inf
284			-3.33		-inf
285			-3.32		-inf
286			-3.31		-inf
287			-3.3		-inf
288			-3.29		-inf
289			-3.28		-inf
290			-3.27		-inf
291			-3.26		-inf
292			-3.25		-inf
293			-3.24		-inf
294			-3.23		-inf
295			-3.22		-inf
296			-3.21		-inf
297			-3.2		-inf
298			-3.19		-inf
299			-3.18		-inf
300			-3.17		-inf
301			-3.16		-inf
302			-3.15		-inf
303			-3.14		-inf
304			-3.13		-inf
305			-3.12		-inf
306			-3.11		-inf
307			-3.1		-inf
308			-3.09		-inf
309			-3.08		-inf
310			-3.07		-inf
311			-3.06		-inf
312			-3.05		-inf
313			-3.04		-inf
314			-3.03		-inf
315			-3.02		-inf
316			-3.01		-inf
317			-3			-inf
318			-2.99		-inf
319			-2.98		-inf
320			-2.97		-inf
321			-2.96		-inf
322			-2.95		-inf
323			-2.94		-inf
324			-2.93		-inf
325			-2.92		-inf
326			-2.91		-inf
327			-2.9		-inf
328			-2.89		-inf
329			-2.88		-inf
330			-2.87		-inf
331			-2.86		-inf
332			-2.85		-inf
333			-2.84		-inf
334			-2.83		-inf
335			-2.82		-inf
336			-2.81		-inf
337			-2.8		-inf
338			-2.79		-inf
339			-2.78		-inf
340			-2.77		-inf
341			-2.76		-inf
342			-2.75		-inf
343			-2.74		-inf
344			-2.73		-inf
345			-2.72		-inf
346			-2.71		-inf
347			-2.7		-inf
348			-2.69		-inf
349			-2.68		-inf
350			-2.67		-inf
351			-2.66		-inf
352			-2.65		-inf
353			-2.64		-inf
354			-2.63		-inf
355			-2.62		-inf
356			-2.61		-inf
357			-2.6		-inf
358			-2.59		-inf
359			-2.58		-inf
360			-2.57		-inf
361			-2.56		-inf
362			-2.55		-inf
363			-2.54		-inf
364			-2.53		-inf
365			-2.52		-inf
366			-2.51		-inf
367			-2.5		-inf
368			-2.49		-inf
369			-2.48		-inf
370			-2.47		-inf
371			-2.46		-inf
372			-2.45		-inf
373			-2.44		-inf
374			-2.43		-inf
375			-2.42		-inf
376			-2.41		-inf
377			-2.4		-inf
378			-2.39		-inf
379			-2.38		-inf
380			-2.37		-inf
381			-2.36		-inf
382			-2.35		-inf
383			-2.34		-inf
384			-2.33		-inf
385			-2.32		-inf
386			-2.31		-inf
387			-2.3		-inf
388			-2.29		-inf
389			-2.28		-inf
390			-2.27		-inf
391			-2.26		-inf
392			-2.25		-inf
393			-2.24		-inf
394			-2.23		-inf
395			-2.22		-inf
396			-2.21		-inf
397			-2.2		-inf
398			-2.19		-inf
399			-2.18		-inf
400			-2.17		-inf
401			-2.16		-inf
402			-2.15		-inf
403			-2.14		-inf
404			-2.13		-inf
405			-2.12		-inf
406			-2.11		-inf
407			-2.1		-inf
408			-2.09		-inf
409			-2.08		-inf
410			-2.07		-inf
411			-2.06		-inf
412			-2.05		-inf
413			-2.04		-inf
414			-2.03		-inf
415			-2.02		-inf
416			-2.01		-inf
417			-2			-inf
418			-1.99		-inf
419			-1.98		-inf
420			-1.97		-inf
421			-1.96		-inf
422			-1.95		-inf
423			-1.94		-inf
424			-1.93		-inf
425			-1.92		-inf
426			-1.91		-inf
427			-1.9		-inf
428			-1.89		-inf
429			-1.88		-inf
430			-1.87		-inf
431			-1.86		-inf
432			-1.85		-inf
433			-1.84		-inf
434			-1.83		-inf
435			-1.82		-inf
436			-1.81		-inf
437			-1.8		-inf
438			-1.79		-inf
439			-1.78		-inf
440			-1.77		-inf
441			-1.76		-inf
442			-1.75		-inf
443			-1.74		-inf
444			-1.73		-inf
445			-1.72		-inf
446			-1.71		-inf
447			-1.7		-inf
448			-1.69		-inf
449			-1.68		-inf
450			-1.67		-inf
451			-1.66		-inf
452			-1.65		-inf
453			-1.64		-inf
454			-1.63		-inf
455			-1.62		-inf
456			-1.61		-inf
457			-1.6		-inf
458			-1.59		-inf
459			-1.58		-inf
460			-1.57		-inf
461			-1.56		-inf
462			-1.55		-inf
463			-1.54		-inf
464			-1.53		-inf
465			-1.52		-inf
466			-1.51		-inf
467			-1.5		-inf
468			-1.49		-inf
469			-1.48		-inf
470			-1.47		-inf
471			-1.46		-inf
472			-1.45		-inf
473			-1.44		-inf
474			-1.43		-inf
475			-1.42		-inf
476			-1.41		-inf
477			-1.4		-inf
478			-1.39		-inf
479			-1.38		-inf
480			-1.37		-inf
481			-1.36		-inf
482			-1.35		-inf
483			-1.34		-inf
484			-1.33		-inf
485			-1.32		-inf
486			-1.31		-inf
487			-1.3		-inf
488			-1.29		-inf
489			-1.28		-inf
490			-1.27		-inf
491			-1.26		-inf
492			-1.25		-inf
493			-1.24		-inf
494			-1.23		-inf
495			-1.22		-inf
496			-1.21		5.0678828052784
497			-1.2		5.176231210843
498			-1.19		4.5681374067326
499			-1.18		-inf
500			-1.17		-inf
501			-1.16		-inf
502			-1.15		-inf
503			-1.14		-inf
504			-1.13		-inf
505			-1.12		-inf
506			-1.11		-inf
507			-1.1		-inf
508			-1.09		-inf
509			-1.08		-inf
510			-1.07		-inf
511			-1.06		4.5173186527802
512			-1.05		5.2343173807165
513			-1.04		4.2688393242649
514			-1.03		-inf
515			-1.02		-inf
516			-1.01		-inf
517			-1			-inf
518			-0.99		-inf
519			-0.98		-inf
520			-0.97		-inf
521			-0.96		-inf
522			-0.95		-inf
523			-0.94		-inf
524			-0.93		-inf
525			-0.92		-inf
526			-0.91		3.024895971958
527			-0.9		5.2080205703125
528			-0.89		4.2601684770613
529			-0.88		-inf
530			-0.87		-inf
531			-0.86		5.2195853324509
532			-0.85		4.9929246955583
533			-0.84		4.3808647042303
534			-0.83		-inf
535			-0.82		-inf
536			-0.81		-inf
537			-0.8		-inf
538			-0.79		-inf
539			-0.78		-inf
540			-0.77		-inf
541			-0.76		-inf
542			-0.75		5.026263974193
543			-0.74		4.1181374067326
544			-0.73		4.9240772180057
545			-0.72		3.9488393242649
546			-0.71		4.9530797633795
547			-0.7		4.976263974193
548			-0.69		4.2520540033003
549			-0.68		-inf
550			-0.67		-inf
551			-0.66		-inf
552			-0.65		5.1570064369693
553			-0.64		4.1410975773588
554			-0.63		3.901243172818
555			-0.62		-inf
556			-0.61		-inf
557			-0.6		5.9702488945196
558			-0.59		5.387341910472
559			-0.58		4.8441150846134
560			-0.57		4.1715625445839
561			-0.56		4.3313136256086
562			-0.55		5.0748290952893
563			-0.54		4.1368161095595
564			-0.53		2.644895971958
565			-0.52		-inf
566			-0.51		5.1828039994407
567			-0.5		5.0977695555668
568			-0.49		4.5169408016029
569			-0.48		3.8420505868392
570			-0.47		5.0157232388506
571			-0.46		4.0220540033003
572			-0.45		5.8143389334006
573			-0.44		5.2334143509981
574			-0.43		4.7444683268632
575			-0.42		5.0239164499774
576			-0.41		4.0254983225272
577			-0.4		5.2901422316983
578			-0.39		4.2426185652861
579			-0.38		4.9612692331445
580			-0.37		3.5640772180057
581			-0.36		5.1005513321218
582			-0.35		5.118751408844
583			-0.34		5.0120019780089
584			-0.33		4.3218831563858
585			-0.32		4.8773757410225
586			-0.31		4.9087209129722
587			-0.3		5.803411604938
588			-0.29		5.0051426225225
589			-0.28		4.8512620050871
590			-0.27		5.1485734883557
591			-0.26		4.1788080844861
592			-0.25		5.9637594019825
593			-0.24		5.3329242384182
594			-0.23		5.1337710877335
595			-0.22		4.23798595895
596			-0.21		5.151618492127
597			-0.2		5.2150809683066
598			-0.19		5.1117540014769
599			-0.18		4.8669927399086
600			-0.17		5.082625037255
601			-0.16		5.2618169226772
602			-0.15		5.6661816048194
603			-0.14		5.1406340201971
604			-0.13		5.4858610120215
605			-0.12		5.461066095357
606			-0.11		5.1465824474416
607			-0.1		5.8197697425107
608			-0.09		5.4275257489279
609			-0.08		5.1627558293263
610			-0.07		5.0505920318741
611			-0.06		5.22398472108
612			-0.05		5.8235114607478
613			-0.04		5.1528645206274
614			-0.03		5.4133959385453
615			-0.02		5.187589913883
616			-0.01		5.3404454163947
617			0				5.6231562774704
618			0.01		5.7848081668996
619			0.02		5.4497084477051
620			0.03		5.586046558849
621			0.04		5.3214766112296
622			0.05		5.8002553049597
623			0.06		5.4324450491337
624			0.07		5.2880167355254
625			0.08		5.430338860329
626			0.09		5.254833657866
627			0.1			5.9974837626597
628			0.11		5.6087617641493
629			0.12		5.4851354572043
630			0.13		5.7090898914724
631			0.14		5.5179287488767
632			0.15		5.6479730433549
633			0.16		5.7698091532331
634			0.17		5.4445372405058
635			0.18		5.8704032377827
636			0.19		5.5271368816314
637			0.2			5.9327636909215
638			0.21		5.5360352222148
639			0.22		5.7268723346504
640			0.23		5.5670711439268
641			0.24		5.6652515183724
642			0.25		5.894117366212
643			0.26		5.9024174537679
644			0.27		5.58817049547
645			0.28		5.7476669726804
646			0.29		5.788431961383
647			0.3			5.9748038905105
648			0.31		5.785565811209
649			0.32		5.6354202604595
650			0.33		5.9783545145672
651			0.34		5.6716425875654
652			0.35		5.958956819865
653			0.36		5.916643192267
654			0.37		5.9068127353137
655			0.38		5.7019444720069
656			0.39		5.8829467056789
657			0.4			5.97839790528
658			0.41		5.9446374471777
659			0.42		5.9280529023787
660			0.43		5.9349010004449
661			0.44		5.9046119354638
662			0.45		6.0785979847391
663			0.46		5.8979588367628
664			0.47		5.8436996314693
665			0.48		6.1386503488388
666			0.49		5.9336381928838
667			0.5			6.0145927629183
668			0.51		6.0569687734849
669			0.52		5.995301551862
670			0.53		6.049420293353
671			0.54		6.0458158303926
672			0.55		6.106695635128
673			0.56		5.9961772967224
674			0.57		6.1365503733827
675			0.58		6.0842834677407
676			0.59		6.0786131748276
677			0.6			6.1224760825632
678			0.61		6.1320740033773
679			0.62		6.077345707776
680			0.63		6.216852536485
681			0.64		6.0941910912749
682			0.65		6.2036025567128
683			0.66		6.1729711841249
684			0.67		6.131442871021
685			0.68		6.2428344403693
686			0.69		6.1647398303737
687			0.7			6.248183361927
688			0.71		6.1985536740813
689			0.72		6.2558226225143
690			0.73		6.203728661715
691			0.74		6.2858759188089
692			0.75		6.2279053923851
693			0.76		6.2913544187953
694			0.77		6.2710102339798
695			0.78		6.3163657354646
696			0.79		6.2669007160574
697			0.8			6.3366928580909
698			0.81		6.3159629003821
699			0.82		6.315161931425
700			0.83		6.3645739597203
701			0.84		6.3397793114951
702			0.85		6.3762716384259
703			0.86		6.3704576712924
704			0.87		6.3787094209271
705			0.88		6.3880021806592
706			0.89		6.4183962395499
707			0.9			6.3965690468015
708			0.91		6.4133964486212
709			0.92		6.4412771821883
710			0.93		6.4464022947035
711			0.94		6.4427870159098
712			0.95		6.4658695056693
713			0.96		6.4675640662386
714			0.97		6.481659805587
715			0.98		6.4935971420741
716			0.99		6.500212011285
717			1				6.5161655152841
718			1.01		6.5180229899827
719			1.02		6.5280682066784
720			1.03		6.5453959048957
721			1.04		6.5469436165964
722			1.05		6.5603316066543
723			1.06		6.56609862778
724			1.07		6.5847516781134
725			1.08		6.5805572260103
726			1.09		6.5995113106218
727			1.1			6.6106474780157
728			1.11		6.6173531022341
729			1.12		6.6339735405558
730			1.13		6.6377168007255
731			1.14		6.6400925251141
732			1.15		6.6618388882484
733			1.16		6.6638140571319
734			1.17		6.6745166934996
735			1.18		6.6896552147436
736			1.19		6.6940863930187
737			1.2			6.707424466018
738			1.21		6.7125579325625
739			1.22		6.7283958181391
740			1.23		6.7304220980017
741			1.24		6.7467853679487
742			1.25		6.7497539936067
743			1.26		6.7639423511531
744			1.27		6.7727311816432
745			1.28		6.7831672472439
746			1.29		6.7879160248105
747			1.3			6.7996377543092
748			1.31		6.8102143610849
749			1.32		6.8197879677604
750			1.33		6.8294207068603
751			1.34		6.8371195937621
752			1.35		6.8465347522174
753			1.36		6.8560853892541
754			1.37		6.8647864485596
755			1.38		6.8759096641621
756			1.39		6.8820685574942
757			1.4			6.8904773596386
758			1.41		6.9042638403168
759			1.42		6.908724662782
760			1.43		6.9205301179921
761			1.44		6.9268634177066
762			1.45		6.9386906022696
763			1.46		6.9451236344151
764			1.47		6.9540661255888
765			1.48		6.9635705779418
766			1.49		6.9715377279364
767			1.5			6.9799325177887
768			1.51		6.9879374730948
769			1.52		6.9973418688658
770			1.53		7.0050987961881
771			1.54		7.0127895325431
772			1.55		7.0207841702344
773			1.56		7.0293599172793
774			1.57		7.0377914693216
775			1.58		7.0453243057017
776			1.59		7.0526319634677
777			1.6			7.0609803281728
778			1.61		7.068191473497
779			1.62		7.0757567676178
780			1.63		7.0829329754015
781			1.64		7.090170326307
782			1.65		7.0974020562597
783			1.66		7.1040746773048
784			1.67		7.1115316203918
785			1.68		7.1173759850111
786			1.69		7.1245898049133
787			1.7			7.1312465288268
788			1.71		7.1370580999142
789			1.72		7.1432901106718
790			1.73		7.1493652227046
791			1.74		7.1552138842836
792			1.75		7.1607182185032
793			1.76		7.1665601956269
794			1.77		7.1712903280546
795			1.78		7.1768384906623
796			1.79		7.181540854375
797			1.8			7.1862982304845
798			1.81		7.1905656689958
799			1.82		7.1951372735593
800			1.83		7.1991869682888
801			1.84		7.2026191543024
802			1.85		7.2067716980429
803			1.86		7.2100300247418
804			1.87		7.2126552721218
805			1.88		7.2157624055119
806			1.89		7.2183549674141
807			1.9			7.2203092045128
808			1.91		7.222507234206
809			1.92		7.2243774346207
810			1.93		7.2261300317024
811			1.94		7.2267529596219
812			1.95		7.2278345954754
813			1.96		7.2282504864904
814			1.97		7.2284515137246
815			1.98		7.2285333265029
816			1.99		7.2279032352434
817			2				7.2273663973115
818			2.01		7.2261744457551
819			2.02		7.224787199532
820			2.03		7.2230822846664
821			2.04		7.2209653428981
822			2.05		7.218354995763
823			2.06		7.2154968021779
824			2.07		7.2124970023276
825			2.08		7.2090105405804
826			2.09		7.2052157542734
827			2.1			7.2009549874606
828			2.11		7.1963413970114
829			2.12		7.1914427571251
830			2.13		7.1862125850047
831			2.14		7.1808480646365
832			2.15		7.1750032603833
833			2.16		7.1687274055855
834			2.17		7.1621600987698
835			2.18		7.1554316643681
836			2.19		7.148323107402
837			2.2			7.1411373911986
838			2.21		7.133200015437
839			2.22		7.1253602977439
840			2.23		7.117291163678
841			2.24		7.1086805292393
842			2.25		7.0998509484402
843			2.26		7.0912702836708
844			2.27		7.0817660062462
845			2.28		7.0728192251755
846			2.29		7.0631938510509
847			2.3			7.0534402070703
848			2.31		7.0435013271391
849			2.32		7.0335315956471
850			2.33		7.0231111241525
851			2.34		7.0124069440941
852			2.35		7.0015902631361
853			2.36		6.9906932615535
854			2.37		6.9791412131905
855			2.38		6.9674664853995
856			2.39		6.955607510986
857			2.4			6.943435665843
858			2.41		6.9309276580537
859			2.42		6.917945101401
860			2.43		6.9048382115623
861			2.44		6.8914441666896
862			2.45		6.8773645157462
863			2.46		6.8633219379028
864			2.47		6.848791203361
865			2.48		6.8340762791929
866			2.49		6.8190445106987
867			2.5			6.8036722057739
868			2.51		6.7880719219415
869			2.52		6.772653583543
870			2.53		6.7566257010859
871			2.54		6.7408856768426
872			2.55		6.7248586321667
873			2.56		6.7089417484561
874			2.57		6.6929731663742
875			2.58		6.6772256298148
876			2.59		6.6614620147997
877			2.6			6.6458309238881
878			2.61		6.6302042553308
879			2.62		6.6148943230039
880			2.63		6.5990405564255
881			2.64		6.5832050901937
882			2.65		6.5668324472413
883			2.66		6.5500811483971
884			2.67		6.5327540468589
885			2.68		6.5149473113427
886			2.69		6.4962631334005
887			2.7			6.4768720407139
888			2.71		6.4564361623876
889			2.72		6.4350483192279
890			2.73		6.4121748091133
891			2.74		6.3882189412013
892			2.75		6.3631706586705
893			2.76		6.3370545905059
894			2.77		6.3099855167354
895			2.78		6.2821752124329
896			2.79		6.2539270954663
897			2.8			6.2259692536607
898			2.81		6.1981438014834
899			2.82		6.1713351770077
900			2.83		6.1455573525858
901			2.84		6.1205726442785
902			2.85		6.0967560880359
903			2.86		6.0735980523041
904			2.87		6.0506980132061
905			2.88		6.0280246359436
906			2.89		6.0049067210285
907			2.9			5.9815290090453
908			2.91		5.9572730012812
909			2.92		5.9324262944603
910			2.93		5.9066430178485
911			2.94		5.8803158159904
912			2.95		5.8518375400127
913			2.96		5.8219817207681
914			2.97		5.7902526336484
915			2.98		5.7564139097587
916			2.99		5.7199117792407
917			3				5.6811965347201
918			3.01		5.640137838462
919			3.02		5.5972901771826
920			3.03		5.5541004092176
921			3.04		5.5108416827225
922			3.05		5.4683398334367
923			3.06		5.4274553048827
924			3.07		5.3886659007279
925			3.08		5.3522924594231
926			3.09		5.3184559218725
927			3.1			5.2872969238608
928			3.11		5.2584339522818
929			3.12		5.2309305482267
930			3.13		5.2045308748073
931			3.14		5.1792005809972
932			3.15		5.154039816124
933			3.16		5.127919179306
934			3.17		5.101327296601
935			3.18		5.073112223759
936			3.19		5.0435585363545
937			3.2			5.0111392077315
938			3.21		4.9767617849307
939			3.22		4.939452455763
940			3.23		4.9009788094844
941			3.24		4.8584684387092
942			3.25		4.8120080203665
943			3.26		4.7609868565583
944			3.27		4.705665662288
945			3.28		4.6453758194656
946			3.29		4.5805762404343
947			3.3			4.5118243437946
948			3.31		4.4375040768302
949			3.32		4.3596630048422
950			3.33		4.2783772590615
951			3.34		4.1954413879945
952			3.35		4.1105330097032
953			3.36		4.024134866184
954			3.37		3.9360981879578
955			3.38		3.8511106366314
956			3.39		3.7683433974124
957			3.4			3.6854133086389
958			3.41		3.6058254072698
959			3.42		3.5258715057103
960			3.43		3.447996873542
961			3.44		3.3735705555919
962			3.45		3.2982533147365
963			3.46		3.2279842802523
964			3.47		3.1585130457459
965			3.48		3.088795021839
966			3.49		3.021112760249
967			3.5			2.9557101040276
968			3.51		2.8921227394132
969			3.52		2.8302560550403
970			3.53		2.7734119846724
971			3.54		2.7122711855606
972			3.55		2.6625927924699
973			3.56		2.6189669172479
974			3.57		2.5674068223921
975			3.58		2.5320347000351
976			3.59		2.4868704585401
977			3.6			2.4466588604392
978			3.61		2.3957639107695
979			3.62		2.3609074809397
980			3.63		2.3158052715045
981			3.64		2.2617183514572
982			3.65		2.2052586614523
983			3.66		2.1553112171682
984			3.67		2.1017923629144
985			3.68		2.0440633462601
986			3.69		1.9997371670214
987			3.7			1.950063457073
988			3.71		1.8840872480796
989			3.72		1.8285591520312
990			3.73		1.7536785561372
991			3.74		1.6894653662585
992			3.75		1.6312060823851
993			3.76		1.5796879284507
994			3.77		1.5295874027756
995			3.78		1.4971615862561
996			3.79		1.4642502311269
997			3.8			1.4180152255038
998			3.81		1.3271868429107
999			3.82		1.2266927380852
1000		3.83		1.0805443037901
1001		3.84		0.95583551117499
1002		3.85		0.8676791849051
1003		3.86		0.79522544674892
1004		3.87		0.75454645150463
1005		3.88		0.70225738938855
1006		3.89		0.61817862251741
1007		3.9			0.58534737638049
1008		3.91		0.60167631510284
1009		3.92		0.59399255783003
1010		3.93		0.52797617672402
1011		3.94		0.53913418769324
1012		3.95		0.50666013183239
1013		3.96		0.45881165585952
1014		3.97		0.50409883294513
1015		3.98		0.48578978146236
1016		3.99		0.50691301453291
1017		4				0.49086424709024
1018		4.01		0.49169209419624
1019		4.02		0.501436152392
1020		4.03		0.42797617672402
1021		4.04		0.39986397512011
1022		4.05		0.39530974530723
1023		4.06		0.31417121951503
1024		4.07		0.31206770036105
1025		4.08		0.27126526033232
1026		4.09		0.23262007888279
1027		4.1			0.17325846405329
1028		4.11		0.15205681307405
1029		4.12		0.10436202191014
1030		4.13		0.068876100887437
1031		4.14		0.056483287771548
1032		4.15		-0.02650385628004
1033		4.16		-0.17587230831098
1034		4.17		-0.27215389477654
1035		4.18		-0.3435681958072
1036		4.19		-0.39688924529656
1037		4.2			-0.44495398710585
1038		4.21		-0.51152744240801
1039		4.22		-0.5177672935347
1040		4.23		-0.60545354849538
1041		4.24		-0.55300726009144
1042		4.25		-0.62995404972205
1043		4.26		-0.65843745541606
1044		4.27		-0.62790390897898
1045		4.28		-0.71794599669974
1046		4.29		-0.69318389044053
1047		4.3			-0.73280635704733
1048		4.31		-0.73772683151805
1049		4.32		-0.75280635704733
1050		4.33		-0.72374233420769
1051		4.34		-0.78314719038555
1052		4.35		-0.78794599669974
1053		4.36		-0.74909742916192
1054		4.37		-0.77318389044053
1055		4.38		-0.77843745541606
1056		4.39		-0.88299356303064
1057		4.4			-0.86459819147118
1058		4.41		-0.87459819147118
1059		4.42		-0.842706030143
1060		4.43		-0.82843745541606
1061		4.44		-0.96971637005538
1062		4.45		-0.89314719038554
1063		4.46		-0.93573455758914
1064		4.47		-0.89772683151805
1065		4.48		-0.89774261061145
1066		4.49		-0.87450167747277
1067		4.5			-0.97013068007114
1068		4.51		-0.98013068007114
1069		4.52		-1.0626813472198
1070		4.53		-1.0661504800608
1071		4.54		-1.0960453087777
1072		4.55		-1.1413732711195
1073		4.56		-1.1898315229386
1074		4.57		-1.2162219391268
1075		4.58		-1.0614116904808
1076		4.59		-1.1598335932634
1077		4.6			-1.29946745108
1078		4.61		-1.2087972891987
1079		4.62		-1.2746551066637
1080		4.63		-1.3201274248259
1081		4.64		-1.2540372557554
1082		4.65		-1.3590127689863
1083		4.66		-1.4907463657194
1084		4.67		-1.4301652914337
1085		4.68		-1.5370753044417
1086		4.69		-1.5470753044417
1087		4.7			-1.5059227819943
1088		4.71		-1.7298026019394
1089		4.72		-1.7600059880277
1090		4.73		-1.6450672514194
1091		4.74		-1.5707463657194
1092		4.75		-1.635104028042
1093		4.76		-1.9461340237059
1094		4.77		-1.7898026019394
1095		4.78		-1.76201404105
1096		4.79		-1.7208615186026
1097		4.8			-1.6708635889273
1098		4.81		-2.0260972470834
1099		4.82		-1.8811952870976
1100		4.83		-2.0161340237059
1101		4.84		-1.9469527776583
1102		4.85		-2.6101652914337
1103		4.86		-2.2679827733223
1104		4.87		-3.2322252827616
1105		4.88		-2.464074032378
1106		4.89		-2.5532552784256
1107		4.9			-2.4171272427474
1108		4.91		-inf
1109		4.92		-3.2822252827616
1110		4.93		-3.2922252827616
1111		4.94		-3.3022252827616
1112		4.95		-inf
1113		4.96		-inf
1114		4.97		-inf
1115		4.98		-inf
1116		4.99		-inf
1117		5				-inf
1118		5.01		-inf
1119		5.02		-inf
1120		5.03		-3.3922252827616
