0				-8.86		10.497774717238
1				-8.85		-inf
2				-8.84		-inf
3				-8.83		-inf
4				-8.82		-inf
5				-8.81		-inf
6				-8.8		-inf
7				-8.79		-inf
8				-8.78		-inf
9				-8.77		-inf
10			-8.76		-inf
11			-8.75		-inf
12			-8.74		-inf
13			-8.73		-inf
14			-8.72		-inf
15			-8.71		-inf
16			-8.7		-inf
17			-8.69		-inf
18			-8.68		10.317774717238
19			-8.67		-inf
20			-8.66		-inf
21			-8.65		-inf
22			-8.64		-inf
23			-8.63		-inf
24			-8.62		-inf
25			-8.61		-inf
26			-8.6		-inf
27			-8.59		-inf
28			-8.58		-inf
29			-8.57		-inf
30			-8.56		11.869872575174
31			-8.55		-inf
32			-8.54		10.478804712902
33			-8.53		-inf
34			-8.52		-inf
35			-8.51		-inf
36			-8.5		-inf
37			-8.49		-inf
38			-8.48		-inf
39			-8.47		-inf
40			-8.46		-inf
41			-8.45		-inf
42			-8.44		-inf
43			-8.43		-inf
44			-8.42		-inf
45			-8.41		10.348804712902
46			-8.4		-inf
47			-8.39		-inf
48			-8.38		-inf
49			-8.37		-inf
50			-8.36		-inf
51			-8.35		-inf
52			-8.34		10.755925967622
53			-8.33		10.444895971958
54			-8.32		9.9577747172383
55			-8.31		-inf
56			-8.3		-inf
57			-8.29		-inf
58			-8.28		-inf
59			-8.27		-inf
60			-8.26		11.073865976294
61			-8.25		-inf
62			-8.24		-inf
63			-8.23		-inf
64			-8.22		-inf
65			-8.21		10.148804712902
66			-8.2		-inf
67			-8.19		-inf
68			-8.18		-inf
69			-8.17		9.8077747172383
70			-8.16		-inf
71			-8.15		-inf
72			-8.14		-inf
73			-8.13		-inf
74			-8.12		-inf
75			-8.11		9.7477747172383
76			-8.1		-inf
77			-8.09		-inf
78			-8.08		10.562872757253
79			-8.07		-inf
80			-8.06		-inf
81			-8.05		-inf
82			-8.04		-inf
83			-8.03		9.6677747172383
84			-8.02		9.6577747172383
85			-8.01		-inf
86			-8			-inf
87			-7.99		-inf
88			-7.98		-inf
89			-7.97		-inf
90			-7.96		9.5977747172384
91			-7.95		-inf
92			-7.94		9.8788047129024
93			-7.93		-inf
94			-7.92		-inf
95			-7.91		9.8488047129024
96			-7.9		-inf
97			-7.89		-inf
98			-7.88		-inf
99			-7.87		-inf
100			-7.86		9.974895971958
101			-7.85		-inf
102			-7.84		-inf
103			-7.83		10.723047222342
104			-7.82		-inf
105			-7.81		9.7488047129024
106			-7.8		-inf
107			-7.79		-inf
108			-7.78		-inf
109			-7.77		-inf
110			-7.76		-inf
111			-7.75		-inf
112			-7.74		-inf
113			-7.73		9.6688047129024
114			-7.72		-inf
115			-7.71		-inf
116			-7.7		-inf
117			-7.69		-inf
118			-7.68		-inf
119			-7.67		-inf
120			-7.66		-inf
121			-7.65		-inf
122			-7.64		9.2777747172384
123			-7.63		-inf
124			-7.62		-inf
125			-7.61		-inf
126			-7.6		-inf
127			-7.59		-inf
128			-7.58		-inf
129			-7.57		-inf
130			-7.56		9.8967447215744
131			-7.55		-inf
132			-7.54		-inf
133			-7.53		10.724077218006
134			-7.52		9.634895971958
135			-7.51		9.925925967622
136			-7.5		-inf
137			-7.49		9.604895971958
138			-7.48		9.1177747172384
139			-7.47		-inf
140			-7.46		9.574895971958
141			-7.45		-inf
142			-7.44		-inf
143			-7.43		9.3688047129024
144			-7.42		-inf
145			-7.41		-inf
146			-7.4		9.0377747172384
147			-7.39		9.0277747172384
148			-7.38		9.3188047129024
149			-7.37		-inf
150			-7.36		-inf
151			-7.35		9.9877747172384
152			-7.34		9.6767447215744
153			-7.33		8.9677747172384
154			-7.32		-inf
155			-7.31		-inf
156			-7.3		-inf
157			-7.29		9.2288047129024
158			-7.28		-inf
159			-7.27		-inf
160			-7.26		9.1988047129024
161			-7.25		-inf
162			-7.24		8.8777747172384
163			-7.23		10.897158494924
164			-7.22		10.721097577359
165			-7.21		10.126528318191
166			-7.2		8.8377747172384
167			-7.19		9.304895971958
168			-7.18		-inf
169			-7.17		-inf
170			-7.16		9.274895971958
171			-7.15		-inf
172			-7.14		-inf
173			-7.13		9.8817180695452
174			-7.12		-inf
175			-7.11		-inf
176			-7.1		9.0388047129024
177			-7.09		8.7277747172384
178			-7.08		-inf
179			-7.07		-inf
180			-7.06		8.9988047129024
181			-7.05		10.150172715137
182			-7.04		9.154895971958
183			-7.03		9.3667447215744
184			-7.02		9.134895971958
185			-7.01		8.6477747172384
186			-7			8.6377747172384
187			-6.99		8.6277747172384
188			-6.98		9.2198347085663
189			-6.97		8.6077747172384
190			-6.96		8.5977747172384
191			-6.95		-inf
192			-6.94		-inf
193			-6.93		10.393849519939
194			-6.92		10.896231210843
195			-6.91		9.9791384813974
196			-6.9		8.8388047129024
197			-6.89		8.5277747172384
198			-6.88		9.295925967622
199			-6.87		8.984895971958
200			-6.86		-inf
201			-6.85		8.964895971958
202			-6.84		8.4777747172384
203			-6.83		9.7465283181912
204			-6.82		9.1567447215744
205			-6.81		8.4477747172384
206			-6.8		8.914895971958
207			-6.79		8.7288047129024
208			-6.78		-inf
209			-6.77		8.4077747172384
210			-6.76		-inf
211			-6.75		9.9788393242649
212			-6.74		8.3777747172384
213			-6.73		9.2128727572526
214			-6.72		8.6588047129024
215			-6.71		8.3477747172384
216			-6.7		8.3377747172384
217			-6.69		-inf
218			-6.68		9.3177747172384
219			-6.67		8.784895971958
220			-6.66		8.5988047129024
221			-6.65		8.2877747172384
222			-6.64		8.2777747172384
223			-6.63		8.2677747172384
224			-6.62		10.840973491207
225			-6.61		10.047115266692
226			-6.6		8.2377747172384
227			-6.59		-inf
228			-6.58		8.995925967622
229			-6.57		9.286955963286
230			-6.56		8.674895971958
231			-6.55		8.1877747172384
232			-6.54		8.4788047129024
233			-6.53		9.3982236386167
234			-6.52		-inf
235			-6.51		8.624895971958
236			-6.5		8.1377747172384
237			-6.49		8.604895971958
238			-6.48		-inf
239			-6.47		9.0620172266777
240			-6.46		8.0977747172384
241			-6.45		9.9138495199392
242			-6.44		9.2239027529166
243			-6.43		9.2139027529166
244			-6.42		8.3588047129024
245			-6.41		9.0477747172384
246			-6.4		8.6398347085663
247			-6.39		-inf
248			-6.38		9.7420505868392
249			-6.37		9.3501973980606
250			-6.36		9.076955963286
251			-6.35		9.1017180695452
252			-6.34		7.9777747172384
253			-6.33		8.444895971958
254			-6.32		11.046973084044
255			-6.31		10.146431804193
256			-6.3		8.8920172266777
257			-6.29		8.8308647042303
258			-6.28		8.695925967622
259			-6.27		9.6401684770613
260			-6.26		8.8008647042303
261			-6.25		9.0017180695452
262			-6.24		8.5767447215744
263			-6.23		9.53053254892
264			-6.22		9.3049327485806
265			-6.21		8.926955963286
266			-6.2		8.7920172266777
267			-6.19		8.7820172266777
268			-6.18		8.9639027529166
269			-6.17		9.3988393242649
270			-6.16		8.7008647042303
271			-6.15		10.068808084486
272			-6.14		9.0330472223417
273			-6.13		9.2729246955583
274			-6.12		8.9882236386167
275			-6.11		9.1627480652092
276			-6.1		8.6920172266777
277			-6.09		8.5728727572526
278			-6.08		9.8481084857334
279			-6.07		9.5942654424109
280			-6.06		9.331243172818
281			-6.05		9.5798693199289
282			-6.04		9.1691364110727
283			-6.03		9.029502553256
284			-6.02		11.387749002938
285			-6.01		10.188104192029
286			-6			10.403443271997
287			-5.99		9.5771647238833
288			-5.98		9.4031045522491
289			-5.97		10.323778060873
290			-5.96		9.5890007929309
291			-5.95		9.3359627442446
292			-5.94		8.9757147259104
293			-5.93		9.3806880738812
294			-5.92		9.8695285782941
295			-5.91		9.2637780608732
296			-5.9		9.3951072136697
297			-5.89		9.0959764413054
298			-5.88		9.4098693199289
299			-5.87		10.44176788107
300			-5.86		9.4115885696221
301			-5.85		10.167202613851
302			-5.84		9.9534459055628
303			-5.83		9.5433216786309
304			-5.82		9.503097696025
305			-5.81		9.2738495199392
306			-5.8		8.914895971958
307			-5.79		8.9840772180057
308			-5.78		9.7542344510869
309			-5.77		9.800471670498
310			-5.76		9.5680364326333
311			-5.75		9.5339027529166
312			-5.74		9.2290330659575
313			-5.73		9.3930805825031
314			-5.72		11.412157925544
315			-5.71		10.463052308634
316			-5.7		10.407072729354
317			-5.69		9.9809872310137
318			-5.68		9.744285978603
319			-5.67		10.838870264108
320			-5.66		9.774895971958
321			-5.65		9.9542926977933
322			-5.64		9.2989640163083
323			-5.63		9.313097696025
324			-5.62		10.254286389393
325			-5.61		9.5333320262462
326			-5.6		9.5620571725361
327			-5.59		9.560213177154
328			-5.58		9.6602544863028
329			-5.57		10.777031550567
330			-5.56		9.8302320094231
331			-5.55		9.9578900120255
332			-5.54		10.513031973673
333			-5.53		9.8032584640533
334			-5.52		10.161665883475
335			-5.51		9.5593944232016
336			-5.5		9.5910930572854
337			-5.49		9.3582236386167
338			-5.48		9.7021059416059
339			-5.47		9.8598231650578
340			-5.46		10.249450948085
341			-5.45		9.7016165391145
342			-5.44		9.3874048846643
343			-5.43		9.4893786441082
344			-5.42		11.084430531115
345			-5.41		10.535761048368
346			-5.4		10.172270573073
347			-5.39		10.051438635436
348			-5.38		9.6833557082563
349			-5.37		10.844478516328
350			-5.36		9.8808680758141
351			-5.35		9.9636658536402
352			-5.34		9.5079744154415
353			-5.33		9.5763007508156
354			-5.32		10.419723212442
355			-5.31		9.8952084391254
356			-5.3		9.6579340206443
357			-5.29		9.9996567245445
358			-5.28		9.6675110328074
359			-5.27		10.586929958522
360			-5.26		9.7441118293682
361			-5.25		9.7164346137737
362			-5.24		10.511848742726
363			-5.23		9.8464116656229
364			-5.22		10.357186842911
365			-5.21		9.9660394433279
366			-5.2		9.7792861498728
367			-5.19		9.7849029149152
368			-5.18		9.8322952559963
369			-5.17		9.8077747172384
370			-5.16		10.404585864157
371			-5.15		9.776333674117
372			-5.14		9.6446525315759
373			-5.13		9.6910187358687
374			-5.12		10.721042968765
375			-5.11		10.371230765308
376			-5.1		10.214606345751
377			-5.09		10.151348236971
378			-5.08		9.6567944936871
379			-5.07		10.62443918178
380			-5.06		9.9630643430992
381			-5.05		9.9640066751602
382			-5.04		9.6387209129722
383			-5.03		9.7639893025848
384			-5.02		10.36398025912
385			-5.01		9.9593166756396
386			-5			9.8083297757596
387			-4.99		10.142986021566
388			-4.98		9.7497140124488
389			-4.97		10.377299737409
390			-4.96		9.8134122806734
391			-4.95		9.8442519234801
392			-4.94		10.396660131832
393			-4.93		9.8510759459419
394			-4.92		10.22578768888
395			-4.91		10.115036409592
396			-4.9		9.7247310527038
397			-4.89		9.988822808909
398			-4.88		9.7923943363296
399			-4.87		9.9050192982488
400			-4.86		10.32617679573
401			-4.85		9.7820204333765
402			-4.84		9.8205920318741
403			-4.83		9.7864639871861
404			-4.82		10.351647396033
405			-4.81		10.250274785003
406			-4.8		10.246120752979
407			-4.79		10.139497609066
408			-4.78		9.69766969725
409			-4.77		10.454152805287
410			-4.76		9.9554022056652
411			-4.75		9.9254679116058
412			-4.74		9.745316990759
413			-4.73		9.8009042348189
414			-4.72		10.272382285009
415			-4.71		9.9765722028051
416			-4.7		9.7769494570818
417			-4.69		10.12205358296
418			-4.68		9.76786979311
419			-4.67		10.187214683234
420			-4.66		9.6427561311656
421			-4.65		9.9513814253629
422			-4.64		10.254674668221
423			-4.63		9.9167198994041
424			-4.62		10.169677713282
425			-4.61		10.04030647914
426			-4.6		9.7441444343339
427			-4.59		9.9965607641464
428			-4.58		9.6480110706499
429			-4.57		9.9766347180813
430			-4.56		10.21834315204
431			-4.55		9.6878739091541
432			-4.54		9.8967743551171
433			-4.53		9.8111286792152
434			-4.52		10.010559585919
435			-4.51		10.122470589148
436			-4.5		10.133234403859
437			-4.49		10.038399122128
438			-4.48		9.7321445567867
439			-4.47		10.136752422447
440			-4.46		9.9139497076672
441			-4.45		9.8497025556589
442			-4.44		9.7921044769836
443			-4.43		9.7528891862849
444			-4.42		10.122270144031
445			-4.41		9.9400363241539
446			-4.4		9.7355269914061
447			-4.39		9.9800827269005
448			-4.38		9.7128183760597
449			-4.37		9.9273757410225
450			-4.36		9.6245255709218
451			-4.35		9.8281944949749
452			-4.34		9.9915385719723
453			-4.33		9.8958119236453
454			-4.32		9.9400911869304
455			-4.31		9.8423676651613
456			-4.3		9.6870471255368
457			-4.29		9.8462768568746
458			-4.28		9.5568625883221
459			-4.27		9.8529970338737
460			-4.26		9.9380209322961
461			-4.25		9.5727995023441
462			-4.24		9.7379929019071
463			-4.23		9.6107353874525
464			-4.22		9.6048756486034
465			-4.21		9.9020812830868
466			-4.2		9.7670914439919
467			-4.19		9.7493051307396
468			-4.18		9.5504900575884
469			-4.17		9.6648658719119
470			-4.16		9.6126878985135
471			-4.15		9.6378079749281
472			-4.14		9.5969895171208
473			-4.13		9.4258815527448
474			-4.12		9.7280285868332
475			-4.11		9.6040201180284
476			-4.1		9.465071920042
477			-4.09		9.5483702137829
478			-4.08		9.4558414320158
479			-4.07		9.4784794854542
480			-4.06		9.3671845845262
481			-4.05		9.4020206282563
482			-4.04		9.4730288998193
483			-4.03		9.4442579730721
484			-4.02		9.4077428007478
485			-4.01		9.2565146363072
486			-4			9.3277934980271
487			-3.99		9.2844477631232
488			-3.98		9.1296580782173
489			-3.97		9.3358849013387
490			-3.96		9.2674634252946
491			-3.95		9.0953607570014
492			-3.94		9.1265325458121
493			-3.93		9.0397994149387
494			-3.92		8.9863953899103
495			-3.91		9.2272934609342
496			-3.9		9.0259022134858
497			-3.89		9.0235964706243
498			-3.88		8.9139740643341
499			-3.87		8.8605359089622
500			-3.86		8.9068620866862
501			-3.85		8.8811744125315
502			-3.84		8.8349469749614
503			-3.83		8.6371552125503
504			-3.82		8.8444520011992
505			-3.81		8.7165866209782
506			-3.8		8.6512924742347
507			-3.79		8.6189461729669
508			-3.78		8.5715895815829
509			-3.77		8.5721275730228
510			-3.76		8.461858153202
511			-3.75		8.4548455732837
512			-3.74		8.4500246148519
513			-3.73		8.4269593348698
514			-3.72		8.3701900920008
515			-3.71		8.277704277323
516			-3.7		8.3168676178767
517			-3.69		8.1728727572526
518			-3.68		8.0980920293785
519			-3.67		8.229461192722
520			-3.66		8.0859430883795
521			-3.65		8.0169395069312
522			-3.64		7.9741311059717
523			-3.63		7.9257861138955
524			-3.62		7.8521672676138
525			-3.61		8.0059293392058
526			-3.6		7.8630871682001
527			-3.59		7.726085271028
528			-3.58		7.7518008232945
529			-3.57		7.5861726181865
530			-3.56		7.7015654002956
531			-3.55		7.6271074110686
532			-3.54		7.5757147259104
533			-3.53		7.4181947195473
534			-3.52		7.4881884905876
535			-3.51		7.4355764471686
536			-3.5		7.3881947195473
537			-3.49		7.3478828052784
538			-3.48		7.2283644275376
539			-3.47		7.292466148056
540			-3.46		7.1311984727253
541			-3.45		7.0790007929309
542			-3.44		7.1346795685749
543			-3.43		7.0268161095595
544			-3.42		6.9871936429527
545			-3.41		6.8738495199392
546			-3.4		7.0200459502779
547			-3.39		6.8602836299446
548			-3.38		6.6305585739581
549			-3.37		6.7931045522492
550			-3.36		6.4891364110727
551			-3.35		6.5788393242649
552			-3.34		6.5575583138552
553			-3.33		6.4591364110727
554			-3.32		6.1338659762941
555			-3.31		6.3457147259104
556			-3.3		6.299502553256
557			-3.29		5.9691674023966
558			-3.28		6.1965283181912
559			-3.27		5.685925967622
560			-3.26		5.8520172266777
561			-3.25		5.5867447215744
562			-3.24		5.5767447215744
563			-3.23		5.645925967622
564			-3.22		5.1588047129024
565			-3.21		-inf
566			-3.2		5.4398347085663
567			-3.19		5.1288047129024
568			-3.18		4.8177747172384
569			-3.17		4.8077747172384
570			-3.16		-inf
571			-3.15		-inf
572			-3.14		4.7777747172384
573			-3.13		-inf
574			-3.12		-inf
575			-3.11		-inf
576			-3.1		-inf
577			-3.09		4.7277747172384
578			-3.08		5.0188047129024
579			-3.07		4.7077747172384
580			-3.06		-inf
581			-3.05		-inf
582			-3.04		-inf
583			-3.03		-inf
584			-3.02		-inf
585			-3.01		-inf
586			-3			-inf
587			-2.99		-inf
588			-2.98		-inf
589			-2.97		-inf
590			-2.96		-inf
591			-2.95		-inf
592			-2.94		-inf
593			-2.93		-inf
594			-2.92		-inf
595			-2.91		-inf
596			-2.9		-inf
597			-2.89		-inf
598			-2.88		-inf
599			-2.87		-inf
600			-2.86		-inf
601			-2.85		-inf
602			-2.84		-inf
603			-2.83		-inf
604			-2.82		-inf
605			-2.81		-inf
606			-2.8		-inf
607			-2.79		-inf
608			-2.78		-inf
609			-2.77		-inf
610			-2.76		-inf
611			-2.75		-inf
612			-2.74		-inf
613			-2.73		-inf
614			-2.72		-inf
615			-2.71		-inf
616			-2.7		-inf
617			-2.69		-inf
618			-2.68		-inf
619			-2.67		-inf
620			-2.66		-inf
621			-2.65		-inf
622			-2.64		-inf
623			-2.63		-inf
624			-2.62		-inf
625			-2.61		-inf
626			-2.6		-inf
627			-2.59		-inf
628			-2.58		-inf
629			-2.57		-inf
630			-2.56		-inf
631			-2.55		-inf
632			-2.54		-inf
633			-2.53		-inf
634			-2.52		-inf
635			-2.51		-inf
636			-2.5		-inf
637			-2.49		-inf
638			-2.48		-inf
639			-2.47		-inf
640			-2.46		-inf
641			-2.45		-inf
642			-2.44		-inf
643			-2.43		-inf
644			-2.42		-inf
645			-2.41		-inf
646			-2.4		-inf
647			-2.39		-inf
648			-2.38		-inf
649			-2.37		-inf
650			-2.36		-inf
651			-2.35		-inf
652			-2.34		-inf
653			-2.33		-inf
654			-2.32		-inf
655			-2.31		-inf
656			-2.3		-inf
657			-2.29		-inf
658			-2.28		-inf
659			-2.27		-inf
660			-2.26		-inf
661			-2.25		-inf
662			-2.24		-inf
663			-2.23		-inf
664			-2.22		-inf
665			-2.21		-inf
666			-2.2		-inf
667			-2.19		-inf
668			-2.18		-inf
669			-2.17		-inf
670			-2.16		-inf
671			-2.15		-inf
672			-2.14		-inf
673			-2.13		-inf
674			-2.12		-inf
675			-2.11		-inf
676			-2.1		-inf
677			-2.09		-inf
678			-2.08		-inf
679			-2.07		-inf
680			-2.06		-inf
681			-2.05		-inf
682			-2.04		-inf
683			-2.03		-inf
684			-2.02		-inf
685			-2.01		-inf
686			-2			-inf
687			-1.99		-inf
688			-1.98		-inf
689			-1.97		-inf
690			-1.96		-inf
691			-1.95		-inf
692			-1.94		-inf
693			-1.93		-inf
694			-1.92		-inf
695			-1.91		-inf
696			-1.9		-inf
697			-1.89		-inf
698			-1.88		-inf
699			-1.87		-inf
700			-1.86		-inf
701			-1.85		-inf
702			-1.84		-inf
703			-1.83		-inf
704			-1.82		-inf
705			-1.81		7.883141223851
706			-1.8		6.6486280825533
707			-1.79		6.9033006322777
708			-1.78		-inf
709			-1.77		-inf
710			-1.76		-inf
711			-1.75		-inf
712			-1.74		-inf
713			-1.73		-inf
714			-1.72		-inf
715			-1.71		-inf
716			-1.7		-inf
717			-1.69		-inf
718			-1.68		-inf
719			-1.67		-inf
720			-1.66		7.7290902237739
721			-1.65		6.5222920007511
722			-1.64		6.7881856652486
723			-1.63		-inf
724			-1.62		-inf
725			-1.61		-inf
726			-1.6		-inf
727			-1.59		-inf
728			-1.58		-inf
729			-1.57		-inf
730			-1.56		8.0617752616462
731			-1.55		6.8672026138505
732			-1.54		7.067412517645
733			-1.53		-inf
734			-1.52		-inf
735			-1.51		7.5530698402807
736			-1.5		6.6433316559022
737			-1.49		6.626085271028
738			-1.48		-inf
739			-1.47		-inf
740			-1.46		7.8313090117634
741			-1.45		6.8931396247048
742			-1.44		6.5793816396572
743			-1.43		-inf
744			-1.42		-inf
745			-1.41		7.9095539844203
746			-1.4		6.6618504483841
747			-1.39		6.9620205982615
748			-1.38		-inf
749			-1.37		-inf
750			-1.36		7.2543000420865
751			-1.35		7.0071402918109
752			-1.34		6.4748426536369
753			-1.33		7.4253992901514
754			-1.32		6.1662160736769
755			-1.31		7.6925213206719
756			-1.3		6.4197902936891
757			-1.29		6.7274598081475
758			-1.28		-inf
759			-1.27		-inf
760			-1.26		7.7349905629233
761			-1.25		7.7005009528755
762			-1.24		6.9503921937836
763			-1.23		6.3570298856076
764			-1.22		-inf
765			-1.21		8.1854316124213
766			-1.2		7.8639401260776
767			-1.19		7.7495184014006
768			-1.18		7.3242797496433
769			-1.17		6.4851991549396
770			-1.16		7.5435051420365
771			-1.15		6.2780142024847
772			-1.14		6.5710061642949
773			-1.13		-inf
774			-1.12		-inf
775			-1.11		7.8758571973866
776			-1.1		7.6916793106518
777			-1.09		6.9433329743795
778			-1.08		7.8299639911882
779			-1.07		6.7778495435059
780			-1.06		7.9561150268082
781			-1.05		7.8507570878238
782			-1.04		7.6445076269398
783			-1.03		7.1725173535101
784			-1.02		7.4462754016089
785			-1.01		7.4166790843983
786			-1			7.9756969790866
787			-0.99		6.8895845714595
788			-0.98		7.4542634031675
789			-0.97		6.1286510989267
790			-0.96		7.7771914884711
791			-0.95		7.6964885391319
792			-0.94		7.8964139455727
793			-0.93		7.6844057026642
794			-0.92		7.1616441135182
795			-0.91		7.8674095231247
796			-0.9		7.9990345715998
797			-0.89		7.5249600737668
798			-0.88		7.3877804343067
799			-0.87		7.4262034989753
800			-0.86		8.1504590008318
801			-0.85		8.0581483426687
802			-0.84		7.730297656047
803			-0.83		7.9081122316978
804			-0.82		6.8690744761075
805			-0.81		7.8065012391779
806			-0.8		7.6635129114054
807			-0.79		7.8919377504331
808			-0.78		7.6644628296593
809			-0.77		7.8604334689087
810			-0.76		7.9507736983947
811			-0.75		8.0528864543134
812			-0.74		7.6100285914547
813			-0.73		8.02454062481
814			-0.72		7.6917174697413
815			-0.71		8.1109105869764
816			-0.7		8.065398921471
817			-0.69		7.9373221731707
818			-0.68		7.8214877921533
819			-0.67		7.6503256933875
820			-0.66		7.9548898749842
821			-0.65		8.2383118919597
822			-0.64		7.8727492520243
823			-0.63		7.9773083980962
824			-0.62		7.9402483246025
825			-0.61		7.8661408312752
826			-0.6		8.7825400507069
827			-0.59		8.3112984779521
828			-0.58		8.1272291139586
829			-0.57		7.7670971045523
830			-0.56		8.158982171316
831			-0.55		8.1493078116133
832			-0.54		8.0560448247659
833			-0.53		7.9974039281172
834			-0.52		8.0120339863459
835			-0.51		8.2790131273079
836			-0.5		8.198961713014
837			-0.49		8.0713780404539
838			-0.48		8.1634262270153
839			-0.47		8.1914317493193
840			-0.46		8.1157828714978
841			-0.45		8.6625894399921
842			-0.44		8.3795181067814
843			-0.43		8.1713502881832
844			-0.42		8.1682691416292
845			-0.41		8.26722537211
846			-0.4		8.3129273006407
847			-0.39		8.179133840249
848			-0.38		8.2796164180784
849			-0.37		8.1937322702395
850			-0.36		8.3232363983012
851			-0.35		8.3199246289836
852			-0.34		8.3141179564833
853			-0.33		8.2574818139127
854			-0.32		8.2942078322223
855			-0.31		8.3096001641323
856			-0.3		8.6922209111026
857			-0.29		8.3769907634447
858			-0.28		8.3432843204974
859			-0.27		8.3747666792005
860			-0.26		8.3484095910468
861			-0.25		8.8350774938153
862			-0.24		8.4686436249471
863			-0.23		8.4553841105598
864			-0.22		8.3390966438359
865			-0.21		8.449554498248
866			-0.2		8.4445918780848
867			-0.19		8.473742852223
868			-0.18		8.4207035136653
869			-0.17		8.4488733676341
870			-0.16		8.5322908430898
871			-0.15		8.6654402354065
872			-0.14		8.5282290340459
873			-0.13		8.6321147760077
874			-0.12		8.5912508372162
875			-0.11		8.5533411563879
876			-0.1		8.7852062529258
877			-0.09		8.6188299463339
878			-0.08		8.5554523408076
879			-0.07		8.5502311781271
880			-0.06		8.5761297139294
881			-0.05		8.8121841498922
882			-0.04		8.6165161361836
883			-0.03		8.6417580271165
884			-0.02		8.6041659605725
885			-0.01		8.6497832376493
886			0				8.7441798521392
887			0.01		8.8275008034642
888			0.02		8.7181041403046
889			0.03		8.741461611784
890			0.04		8.6807685706412
891			0.05		8.8409396003853
892			0.06		8.7300113713853
893			0.07		8.6962845166383
894			0.08		8.7270554633246
895			0.09		8.7188588469001
896			0.1			8.9795895383115
897			0.11		8.8211487866789
898			0.12		8.7810618610757
899			0.13		8.8743368505476
900			0.14		8.798846728861
901			0.15		8.8448367654326
902			0.16		8.8998480863619
903			0.17		8.8211536018038
904			0.18		8.9557953413013
905			0.19		8.8424134371353
906			0.2			8.9925826305129
907			0.21		8.8651278297485
908			0.22		8.9336324732193
909			0.23		8.8794423704255
910			0.24		8.9223669221985
911			0.25		9.0105735969029
912			0.26		9.0171641467826
913			0.27		8.916429054045
914			0.28		8.9820553172829
915			0.29		8.9908628084425
916			0.3			9.0667472161367
917			0.31		9.009276064339
918			0.32		8.9724880464829
919			0.33		9.0856936737729
920			0.34		8.9888430299602
921			0.35		9.0939639673819
922			0.36		9.0864738922614
923			0.37		9.0876570140038
924			0.38		9.0322751064696
925			0.39		9.0903597579851
926			0.4			9.1288153958516
927			0.41		9.1233793580363
928			0.42		9.1243802898007
929			0.43		9.1359231611594
930			0.44		9.1343546493957
931			0.45		9.1989913141045
932			0.46		9.1437036217114
933			0.47		9.1351251334579
934			0.48		9.242635348863
935			0.49		9.175082667446
936			0.5			9.2043378479828
937			0.51		9.2291816129701
938			0.52		9.217117854996
939			0.53		9.2383724115288
940			0.54		9.2446352270671
941			0.55		9.2711110783502
942			0.56		9.2409430360991
943			0.57		9.2964794758925
944			0.58		9.283897450934
945			0.59		9.2873234924366
946			0.6			9.3107010340297
947			0.61		9.3193343422553
948			0.62		9.3076240881167
949			0.63		9.3625304067564
950			0.64		9.3277829421893
951			0.65		9.3692460008375
952			0.66		9.3653715014344
953			0.67		9.3580654767638
954			0.68		9.4040708352494
955			0.69		9.3816987151348
956			0.7			9.4175660715197
957			0.71		9.405770840652
958			0.72		9.4331497084632
959			0.73		9.4203696657246
960			0.74		9.4559431900152
961			0.75		9.4426854324884
962			0.76		9.4708141524132
963			0.77		9.4698205818228
964			0.78		9.4913166865916
965			0.79		9.481467875202
966			0.8			9.5108223727642
967			0.81		9.5098915003463
968			0.82		9.5163946199234
969			0.83		9.5397325685162
970			0.84		9.5368966808205
971			0.85		9.555666795596
972			0.86		9.5607985340042
973			0.87		9.5689930338245
974			0.88		9.5780889413298
975			0.89		9.5960521096256
976			0.9			9.5945052777491
977			0.91		9.605105153982
978			0.92		9.6219178368562
979			0.93		9.6294521468198
980			0.94		9.6344217279639
981			0.95		9.6480048418095
982			0.96		9.6546461079086
983			0.97		9.6657963831576
984			0.98		9.6755660770184
985			0.99		9.6843807624415
986			1				9.6953532833541
987			1.01		9.7019846422519
988			1.02		9.7117945783467
989			1.03		9.7230463287178
990			1.04		9.7291127331636
991			1.05		9.7398840605451
992			1.06		9.7477008604191
993			1.07		9.7596046822123
994			1.08		9.7638189822042
995			1.09		9.7761726095421
996			1.1			9.7858752252645
997			1.11		9.7932505127263
998			1.12		9.8047140080114
999			1.13		9.8110145130409
1000		1.14		9.8177469042685
1001		1.15		9.8308158951795
1002		1.16		9.8361896625674
1003		1.17		9.8455963326301
1004		1.18		9.8558406698974
1005		1.19		9.862071876917
1006		1.2			9.8722762627231
1007		1.21		9.8788818666363
1008		1.22		9.8891437564951
1009		1.23		9.8946577884803
1010		1.24		9.9053582247792
1011		1.25		9.9110892918369
1012		1.26		9.9204749292534
1013		1.27		9.9280195937537
1014		1.28		9.936469993755
1015		1.29		9.9421290719999
1016		1.3			9.9504914687936
1017		1.31		9.9584313284191
1018		1.32		9.9660577109268
1019		1.33		9.973344110469
1020		1.34		9.9798634058874
1021		1.35		9.9870157165879
1022		1.36		9.9939548857028
1023		1.37		10.00065536438
1024		1.38		10.007913261433
1025		1.39		10.01348946149
1026		1.4			10.019582529245
1027		1.41		10.027695970711
1028		1.42		10.031807635917
1029		1.43		10.039236415662
1030		1.44		10.043894290735
1031		1.45		10.050729104685
1032		1.46		10.055379745582
1033		1.47		10.060885166538
1034		1.48		10.066368562361
1035		1.49		10.071105468772
1036		1.5			10.076071083173
1037		1.51		10.080444251643
1038		1.52		10.085457912923
1039		1.53		10.08953518873
1040		1.54		10.093443869178
1041		1.55		10.09738199302
1042		1.56		10.101422829461
1043		1.57		10.104922967101
1044		1.58		10.108332600688
1045		1.59		10.111236979308
1046		1.6			10.114409519449
1047		1.61		10.116937451231
1048		1.62		10.119775929507
1049		1.63		10.121846238527
1050		1.64		10.124102470186
1051		1.65		10.126116954964
1052		1.66		10.127551968343
1053		1.67		10.129372922434
1054		1.68		10.13026663148
1055		1.69		10.131517864116
1056		1.7			10.132636148621
1057		1.71		10.132891505323
1058		1.72		10.133386066206
1059		1.73		10.133743429426
1060		1.74		10.133833493027
1061		1.75		10.133482822866
1062		1.76		10.133182315529
1063		1.77		10.1323586609
1064		1.78		10.131988298155
1065		1.79		10.130759365397
1066		1.8			10.129614150943
1067		1.81		10.128233583964
1068		1.82		10.126801394575
1069		1.83		10.125136774025
1070		1.84		10.122992484311
1071		1.85		10.121265136497
1072		1.86		10.119054665228
1073		1.87		10.116322786222
1074		1.88		10.114101112955
1075		1.89		10.111518791621
1076		1.9			10.108535865072
1077		1.91		10.10576989736
1078		1.92		10.102639825529
1079		1.93		10.09979752668
1080		1.94		10.096159837037
1081		1.95		10.092966206452
1082		1.96		10.089469885899
1083		1.97		10.085816056997
1084		1.98		10.082334427498
1085		1.99		10.07848289283
1086		2				10.07486069165
1087		2.01		10.070848745746
1088		2.02		10.067058282891
1089		2.03		10.063097981206
1090		2.04		10.059070011878
1091		2.05		10.054989613706
1092		2.06		10.05081867204
1093		2.07		10.046852688834
1094		2.08		10.042564964553
1095		2.09		10.038440134337
1096		2.1			10.034170134453
1097		2.11		10.030010041177
1098		2.12		10.025623454429
1099		2.13		10.021286549189
1100		2.14		10.01706744158
1101		2.15		10.012815308617
1102		2.16		10.008328383881
1103		2.17		10.003953183337
1104		2.18		9.9996086964951
1105		2.19		9.9950753113364
1106		2.2			9.9908286264289
1107		2.21		9.9860868346441
1108		2.22		9.9816444838511
1109		2.23		9.9771082285992
1110		2.24		9.9724954317697
1111		2.25		9.9676108179128
1112		2.26		9.9630759932984
1113		2.27		9.9579351052715
1114		2.28		9.9534343648829
1115		2.29		9.9482086823104
1116		2.3			9.9431283288289
1117		2.31		9.9378770166242
1118		2.32		9.9326316981667
1119		2.33		9.927183664072
1120		2.34		9.9215574098338
1121		2.35		9.9157715834383
1122		2.36		9.9099563323342
1123		2.37		9.903774356474
1124		2.38		9.8974896380214
1125		2.39		9.8911202762317
1126		2.4			9.884310714945
1127		2.41		9.8774312685415
1128		2.42		9.8702169976313
1129		2.43		9.8628215734404
1130		2.44		9.8550281979201
1131		2.45		9.8470935629829
1132		2.46		9.8388001502162
1133		2.47		9.8301305861341
1134		2.48		9.8212061339165
1135		2.49		9.8118824799022
1136		2.5			9.802280045442
1137		2.51		9.7921220737127
1138		2.52		9.7818025835911
1139		2.53		9.7709163197612
1140		2.54		9.7596822059903
1141		2.55		9.7479753936856
1142		2.56		9.7359188340232
1143		2.57		9.7232585273715
1144		2.58		9.7102959765146
1145		2.59		9.6967883466563
1146		2.6			9.6827691187036
1147		2.61		9.6683498118089
1148		2.62		9.6533386761744
1149		2.63		9.6379016020867
1150		2.64		9.6219610632296
1151		2.65		9.6055187719548
1152		2.66		9.5885626878622
1153		2.67		9.571090320279
1154		2.68		9.5531672173663
1155		2.69		9.534730241806
1156		2.7			9.5158279758299
1157		2.71		9.4963526201537
1158		2.72		9.4765520173887
1159		2.73		9.4561965375311
1160		2.74		9.435415080303
1161		2.75		9.4142622517901
1162		2.76		9.3926197199927
1163		2.77		9.3705875968045
1164		2.78		9.3482749708153
1165		2.79		9.3254710927553
1166		2.8			9.3024333506589
1167		2.81		9.2789739153641
1168		2.82		9.2553024233217
1169		2.83		9.2313200671639
1170		2.84		9.2070691592585
1171		2.85		9.182523325978
1172		2.86		9.1578087498335
1173		2.87		9.1328259467158
1174		2.88		9.1076603563074
1175		2.89		9.0822849642953
1176		2.9			9.0566725998111
1177		2.91		9.0309027965484
1178		2.92		9.0049059090603
1179		2.93		8.9787381535106
1180		2.94		8.9523217347594
1181		2.95		8.9257100496766
1182		2.96		8.8988318025762
1183		2.97		8.8717229627609
1184		2.98		8.8443162033886
1185		2.99		8.8166006048418
1186		3				8.7885548450529
1187		3.01		8.7601422413195
1188		3.02		8.7313418471005
1189		3.03		8.7020824636152
1190		3.04		8.6723666022008
1191		3.05		8.642112251142
1192		3.06		8.6113252198413
1193		3.07		8.5799042647354
1194		3.08		8.5478450985341
1195		3.09		8.5150987614222
1196		3.1			8.481611753467
1197		3.11		8.4473317855313
1198		3.12		8.4122319968386
1199		3.13		8.3762396609547
1200		3.14		8.3393236966073
1201		3.15		8.3014286223984
1202		3.16		8.2625435383017
1203		3.17		8.2225761760341
1204		3.18		8.1815213986053
1205		3.19		8.1392985066102
1206		3.2			8.0959004608908
1207		3.21		8.0512669398499
1208		3.22		8.0053520188419
1209		3.23		7.9581657307007
1210		3.24		7.9096086564349
1211		3.25		7.8597091820221
1212		3.26		7.8084217866922
1213		3.27		7.7557622245043
1214		3.28		7.7017194325528
1215		3.29		7.6462962958912
1216		3.3			7.5895230625069
1217		3.31		7.5314220256418
1218		3.32		7.472080759891
1219		3.33		7.4116158546427
1220		3.34		7.3501144408822
1221		3.35		7.2877242084589
1222		3.36		7.2245932902242
1223		3.37		7.160973245838
1224		3.38		7.0971238014867
1225		3.39		7.0332741232387
1226		3.4			6.9697612718637
1227		3.41		6.9070534725987
1228		3.42		6.8453363319872
1229		3.43		6.7850918680073
1230		3.44		6.7266744167386
1231		3.45		6.6703314017185
1232		3.46		6.6163126724293
1233		3.47		6.5648492515485
1234		3.48		6.5160989365501
1235		3.49		6.4699251005156
1236		3.5			6.426441476525
1237		3.51		6.3852966947188
1238		3.52		6.3464427262441
1239		3.53		6.3096255296412
1240		3.54		6.2743731010813
1241		3.55		6.2405854054901
1242		3.56		6.2080300257611
1243		3.57		6.1762210615692
1244		3.58		6.1453749709216
1245		3.59		6.1149502044366
1246		3.6			6.0851487365607
1247		3.61		6.0557055561183
1248		3.62		6.0267705723711
1249		3.63		5.9979156431805
1250		3.64		5.9693170695476
1251		3.65		5.9407046408975
1252		3.66		5.9121524885496
1253		3.67		5.8836063261925
1254		3.68		5.8550782981011
1255		3.69		5.8265490998533
1256		3.7			5.7981505806576
1257		3.71		5.7697758622415
1258		3.72		5.741778651614
1259		3.73		5.713703270529
1260		3.74		5.685955791661
1261		3.75		5.6583293267381
1262		3.76		5.6311884985092
1263		3.77		5.604554106385
1264		3.78		5.5785288777652
1265		3.79		5.5531552561581
1266		3.8			5.5281828673139
1267		3.81		5.5038681745565
1268		3.82		5.4799917612034
1269		3.83		5.456406160386
1270		3.84		5.4332405389829
1271		3.85		5.410343783661
1272		3.86		5.3879064121304
1273		3.87		5.3657404194526
1274		3.88		5.3437937145657
1275		3.89		5.3218153424637
1276		3.9			5.2998416541133
1277		3.91		5.2779162638905
1278		3.92		5.2564836066831
1279		3.93		5.2358333398878
1280		3.94		5.2159931047202
1281		3.95		5.196888919563
1282		3.96		5.178127107415
1283		3.97		5.1592795505559
1284		3.98		5.1410927109368
1285		3.99		5.122689735018
1286		4				5.1050272068628
1287		4.01		5.0876093269014
1288		4.02		5.0706661378989
1289		4.03		5.0540039324398
1290		4.04		5.0377096519168
1291		4.05		5.0209164256511
1292		4.06		5.0044266867373
1293		4.07		4.9877353040389
1294		4.08		4.9706005232119
1295		4.09		4.9527557099452
1296		4.1			4.9352586510322
1297		4.11		4.9176289231291
1298		4.12		4.9007180890344
1299		4.13		4.8844620221667
1300		4.14		4.869162416618
1301		4.15		4.8536853532152
1302		4.16		4.8376806861107
1303		4.17		4.8206790309968
1304		4.18		4.8030783275968
1305		4.19		4.7849461705782
1306		4.2			4.767112259039
1307		4.21		4.7495765992106
1308		4.22		4.7326499113433
1309		4.23		4.71532100632
1310		4.24		4.6974854525721
1311		4.25		4.6792378544207
1312		4.26		4.6607451228196
1313		4.27		4.6419263523504
1314		4.28		4.6220409665838
1315		4.29		4.6016868137347
1316		4.3			4.5807068099638
1317		4.31		4.5601289183052
1318		4.32		4.5406924775326
1319		4.33		4.5221970421784
1320		4.34		4.5046170475942
1321		4.35		4.4883683094163
1322		4.36		4.4726766431044
1323		4.37		4.4570030277132
1324		4.38		4.4417913037692
1325		4.39		4.4263907337996
1326		4.4			4.4112019085294
1327		4.41		4.3961495556549
1328		4.42		4.3815995546268
1329		4.43		4.3671198642738
1330		4.44		4.3533728315536
1331		4.45		4.3402307525482
1332		4.46		4.3276749837799
1333		4.47		4.3152530446185
1334		4.48		4.302874865319
1335		4.49		4.290527299448
1336		4.5			4.2784676574549
1337		4.51		4.2663445427853
1338		4.52		4.2540813027778
1339		4.53		4.2413385968234
1340		4.54		4.2288142356608
1341		4.55		4.2159117144109
1342		4.56		4.2028328358473
1343		4.57		4.1902117507741
1344		4.58		4.1769107629867
1345		4.59		4.1640886818629
1346		4.6			4.1505473053387
1347		4.61		4.1373839032632
1348		4.62		4.1238232296366
1349		4.63		4.1101243345446
1350		4.64		4.0972535613167
1351		4.65		4.0835771537088
1352		4.66		4.0698978136535
1353		4.67		4.0563717996513
1354		4.68		4.0420780366487
1355		4.69		4.0284092118418
1356		4.7			4.0144240796896
1357		4.71		3.9998547986225
1358		4.72		3.9858645781586
1359		4.73		3.9710344238108
1360		4.74		3.9556522505512
1361		4.75		3.9407212765956
1362		4.76		3.92521711597
1363		4.77		3.9093161819914
1364		4.78		3.893090523236
1365		4.79		3.8769685002698
1366		4.8			3.8597965668594
1367		4.81		3.8414951908471
1368		4.82		3.8224407668285
1369		4.83		3.8029508964515
1370		4.84		3.7829887527529
1371		4.85		3.7629121167883
1372		4.86		3.7415001338709
1373		4.87		3.7195230183589
1374		4.88		3.6990517464918
1375		4.89		3.6787838734094
1376		4.9			3.6588618690862
1377		4.91		3.6398145657629
1378		4.92		3.6224485617547
1379		4.93		3.6138773008001
1380		4.94		3.6277504601207
1381		4.95		3.5677982038761
1382		4.96		3.5225084796189
1383		4.97		3.4831237034589
1384		4.98		3.4456560338083
1385		4.99		3.4088642650721
1386		5				3.3711246409281
1387		5.01		3.3341111940307
1388		5.02		3.2953210834775
1389		5.03		3.2534305781175
1390		5.04		3.2065761088956
1391		5.05		3.1561195001659
1392		5.06		3.1048972153514
1393		5.07		3.0539529061295
1394		5.08		3.0058970518143
1395		5.09		2.9597645940272
1396		5.1			2.9150033567373
1397		5.11		2.8690402396953
1398		5.12		2.8204043100954
1399		5.13		2.7695874234907
1400		5.14		2.7149303160171
1401		5.15		2.6608160995005
1402		5.16		2.6099911673345
1403		5.17		2.5655132681526
1404		5.18		2.5220952829365
1405		5.19		2.4777628394524
1406		5.2			2.4369679177382
1407		5.21		2.3896635531669
1408		5.22		2.3533746764009
1409		5.23		2.3257080087863
1410		5.24		2.2875860663701
1411		5.25		2.2546879345743
1412		5.26		2.2183092464419
1413		5.27		2.1833245741957
1414		5.28		2.1413138505695
1415		5.29		2.0932032054012
1416		5.3			2.0477176522707
1417		5.31		1.9945472096227
1418		5.32		1.931991497741
1419		5.33		1.8711478088848
1420		5.34		1.8083063230875
1421		5.35		1.7452963179171
1422		5.36		1.6808300035138
1423		5.37		1.6251510988181
1424		5.38		1.5759674860743
1425		5.39		1.5284668815235
1426		5.4			1.4962731184425
1427		5.41		1.4733811430581
1428		5.42		1.4580867859645
1429		5.43		1.4433208385617
1430		5.44		1.4330733312612
1431		5.45		1.4077048650667
1432		5.46		1.3646632771453
1433		5.47		1.3171632025112
1434		5.48		1.2680107880865
1435		5.49		1.2155074886417
1436		5.5			1.1552588206429
1437		5.51		1.0910807770639
1438		5.52		1.0315409005385
1439		5.53		0.87822905700252
1440		5.54		0.72331351864942
1441		5.55		0.57629723188279
1442		5.56		0.43880334305205
1443		5.57		0.32065200980214
1444		5.58		0.2057291481692
1445		5.59		0.12590514804095
1446		5.6			0.020181646102174
1447		5.61		-0.21007209045802
1448		5.62		-0.93573011842691
1449		5.63		-1.8586863743914
1450		5.64		-3.1571272427474
