0				-8.86		10.497774717238
1				-8.85		-inf
2				-8.84		-inf
3				-8.83		-inf
4				-8.82		-inf
5				-8.81		-inf
6				-8.8		-inf
7				-8.79		-inf
8				-8.78		-inf
9				-8.77		-inf
10			-8.76		-inf
11			-8.75		-inf
12			-8.74		-inf
13			-8.73		-inf
14			-8.72		-inf
15			-8.71		-inf
16			-8.7		-inf
17			-8.69		-inf
18			-8.68		10.317774717238
19			-8.67		-inf
20			-8.66		-inf
21			-8.65		-inf
22			-8.64		-inf
23			-8.63		-inf
24			-8.62		-inf
25			-8.61		-inf
26			-8.6		-inf
27			-8.59		-inf
28			-8.58		-inf
29			-8.57		-inf
30			-8.56		11.869872575174
31			-8.55		-inf
32			-8.54		10.478804712902
33			-8.53		-inf
34			-8.52		-inf
35			-8.51		-inf
36			-8.5		-inf
37			-8.49		-inf
38			-8.48		-inf
39			-8.47		-inf
40			-8.46		-inf
41			-8.45		-inf
42			-8.44		-inf
43			-8.43		-inf
44			-8.42		-inf
45			-8.41		10.348804712902
46			-8.4		-inf
47			-8.39		-inf
48			-8.38		-inf
49			-8.37		-inf
50			-8.36		-inf
51			-8.35		-inf
52			-8.34		10.579834708566
53			-8.33		10.444895971958
54			-8.32		9.9577747172383
55			-8.31		-inf
56			-8.3		-inf
57			-8.29		-inf
58			-8.28		-inf
59			-8.27		-inf
60			-8.26		11.073865976294
61			-8.25		-inf
62			-8.24		-inf
63			-8.23		-inf
64			-8.22		-inf
65			-8.21		10.148804712902
66			-8.2		-inf
67			-8.19		-inf
68			-8.18		-inf
69			-8.17		9.8077747172383
70			-8.16		-inf
71			-8.15		-inf
72			-8.14		-inf
73			-8.13		-inf
74			-8.12		-inf
75			-8.11		9.7477747172383
76			-8.1		-inf
77			-8.09		-inf
78			-8.08		10.562872757253
79			-8.07		-inf
80			-8.06		-inf
81			-8.05		-inf
82			-8.04		-inf
83			-8.03		9.6677747172383
84			-8.02		9.6577747172383
85			-8.01		-inf
86			-8			-inf
87			-7.99		-inf
88			-7.98		-inf
89			-7.97		-inf
90			-7.96		9.5977747172384
91			-7.95		-inf
92			-7.94		9.8788047129024
93			-7.93		-inf
94			-7.92		-inf
95			-7.91		9.8488047129024
96			-7.9		-inf
97			-7.89		-inf
98			-7.88		-inf
99			-7.87		-inf
100			-7.86		9.974895971958
101			-7.85		-inf
102			-7.84		-inf
103			-7.83		10.723047222342
104			-7.82		-inf
105			-7.81		9.7488047129024
106			-7.8		-inf
107			-7.79		-inf
108			-7.78		-inf
109			-7.77		-inf
110			-7.76		-inf
111			-7.75		-inf
112			-7.74		-inf
113			-7.73		9.6688047129024
114			-7.72		-inf
115			-7.71		-inf
116			-7.7		-inf
117			-7.69		-inf
118			-7.68		-inf
119			-7.67		-inf
120			-7.66		-inf
121			-7.65		-inf
122			-7.64		9.2777747172384
123			-7.63		-inf
124			-7.62		-inf
125			-7.61		-inf
126			-7.6		-inf
127			-7.59		-inf
128			-7.58		-inf
129			-7.57		-inf
130			-7.56		9.8967447215744
131			-7.55		-inf
132			-7.54		-inf
133			-7.53		10.724077218006
134			-7.52		9.634895971958
135			-7.51		9.925925967622
136			-7.5		-inf
137			-7.49		9.4288047129024
138			-7.48		9.1177747172384
139			-7.47		-inf
140			-7.46		9.574895971958
141			-7.45		-inf
142			-7.44		-inf
143			-7.43		9.3688047129024
144			-7.42		-inf
145			-7.41		-inf
146			-7.4		9.0377747172384
147			-7.39		9.0277747172384
148			-7.38		9.3188047129024
149			-7.37		-inf
150			-7.36		-inf
151			-7.35		9.9877747172384
152			-7.34		9.6767447215744
153			-7.33		8.9677747172384
154			-7.32		-inf
155			-7.31		-inf
156			-7.3		-inf
157			-7.29		9.2288047129024
158			-7.28		-inf
159			-7.27		-inf
160			-7.26		9.1988047129024
161			-7.25		-inf
162			-7.24		8.8777747172384
163			-7.23		10.893080582503
164			-7.22		10.721097577359
165			-7.21		10.126528318191
166			-7.2		8.8377747172384
167			-7.19		9.304895971958
168			-7.18		-inf
169			-7.17		-inf
170			-7.16		9.274895971958
171			-7.15		-inf
172			-7.14		-inf
173			-7.13		9.8817180695452
174			-7.12		-inf
175			-7.11		-inf
176			-7.1		9.0388047129024
177			-7.09		8.7277747172384
178			-7.08		-inf
179			-7.07		-inf
180			-7.06		8.9988047129024
181			-7.05		10.150172715137
182			-7.04		9.154895971958
183			-7.03		9.3667447215744
184			-7.02		9.134895971958
185			-7.01		8.6477747172384
186			-7			8.6377747172384
187			-6.99		8.6277747172384
188			-6.98		9.2198347085663
189			-6.97		8.6077747172384
190			-6.96		8.5977747172384
191			-6.95		-inf
192			-6.94		-inf
193			-6.93		10.38731865278
194			-6.92		10.890213177154
195			-6.91		9.9791384813974
196			-6.9		8.8388047129024
197			-6.89		8.5277747172384
198			-6.88		9.295925967622
199			-6.87		8.984895971958
200			-6.86		-inf
201			-6.85		8.964895971958
202			-6.84		8.4777747172384
203			-6.83		9.7465283181912
204			-6.82		9.1567447215744
205			-6.81		8.4477747172384
206			-6.8		8.914895971958
207			-6.79		8.7288047129024
208			-6.78		-inf
209			-6.77		8.4077747172384
210			-6.76		-inf
211			-6.75		9.9788393242649
212			-6.74		8.3777747172384
213			-6.73		9.2128727572526
214			-6.72		8.6588047129024
215			-6.71		8.3477747172384
216			-6.7		8.3377747172384
217			-6.69		-inf
218			-6.68		9.3177747172384
219			-6.67		8.784895971958
220			-6.66		8.5988047129024
221			-6.65		8.2877747172384
222			-6.64		8.2777747172384
223			-6.63		8.2677747172384
224			-6.62		10.83983808015
225			-6.61		10.040166406737
226			-6.6		8.2377747172384
227			-6.59		-inf
228			-6.58		8.995925967622
229			-6.57		9.286955963286
230			-6.56		8.674895971958
231			-6.55		8.1877747172384
232			-6.54		8.4788047129024
233			-6.53		9.3718946998943
234			-6.52		-inf
235			-6.51		8.624895971958
236			-6.5		8.1377747172384
237			-6.49		8.604895971958
238			-6.48		-inf
239			-6.47		9.0620172266777
240			-6.46		8.0977747172384
241			-6.45		9.9138495199392
242			-6.44		9.2239027529166
243			-6.43		9.2139027529166
244			-6.42		8.3588047129024
245			-6.41		9.0477747172384
246			-6.4		8.6398347085663
247			-6.39		-inf
248			-6.38		9.7420505868392
249			-6.37		9.3501973980606
250			-6.36		9.076955963286
251			-6.35		9.1017180695452
252			-6.34		7.9777747172384
253			-6.33		8.444895971958
254			-6.32		11.043422005535
255			-6.31		10.140899315593
256			-6.3		8.8920172266777
257			-6.29		8.8308647042303
258			-6.28		8.695925967622
259			-6.27		9.6320505868392
260			-6.26		8.8008647042303
261			-6.25		9.0017180695452
262			-6.24		8.5767447215744
263			-6.23		9.53053254892
264			-6.22		9.3049327485806
265			-6.21		8.926955963286
266			-6.2		8.7920172266777
267			-6.19		8.7820172266777
268			-6.18		8.9639027529166
269			-6.17		9.3988393242649
270			-6.16		8.7008647042303
271			-6.15		10.066528318191
272			-6.14		9.0330472223417
273			-6.13		9.2591364110727
274			-6.12		8.9618946998943
275			-6.11		9.1627480652092
276			-6.1		8.6920172266777
277			-6.09		8.5728727572526
278			-6.08		9.8448795156032
279			-6.07		9.5942654424109
280			-6.06		9.331243172818
281			-6.05		9.5742654424109
282			-6.04		9.1691364110727
283			-6.03		9.029502553256
284			-6.02		11.385641166706
285			-6.01		10.186850816031
286			-6			10.400453280966
287			-5.99		9.567293969857
288			-5.98		9.3886267288805
289			-5.97		10.31789208235
290			-5.96		9.580045950278
291			-5.95		9.3359627442446
292			-5.94		8.939502553256
293			-5.93		9.3806880738812
294			-5.92		9.8674048846643
295			-5.91		9.2553448933363
296			-5.9		9.3951072136697
297			-5.89		9.0959764413054
298			-5.88		9.4042654424109
299			-5.87		10.438723748406
300			-5.86		9.4115885696221
301			-5.85		10.159872575174
302			-5.84		9.9519909813146
303			-5.83		9.5433216786309
304			-5.82		9.4991674023966
305			-5.81		9.2738495199392
306			-5.8		8.914895971958
307			-5.79		8.9840772180057
308			-5.78		9.7522284683893
309			-5.77		9.7933809908367
310			-5.76		9.5591427194734
311			-5.75		9.5307895174925
312			-5.74		9.2290330659575
313			-5.73		9.3930805825031
314			-5.72		11.409698633284
315			-5.71		10.458700959505
316			-5.7		10.406331612311
317			-5.69		9.9771095759505
318			-5.68		9.7410205911752
319			-5.67		10.83527572822
320			-5.66		9.7719909813146
321			-5.65		9.9495874027756
322			-5.64		9.2989640163083
323			-5.63		9.313097696025
324			-5.62		10.251210947736
325			-5.61		9.5310759459419
326			-5.6		9.5579210033494
327			-5.59		9.5561543206771
328			-5.58		9.6555252800588
329			-5.57		10.773858501406
330			-5.56		9.8282025922634
331			-5.55		9.956412818486
332			-5.54		10.510415127626
333			-5.53		9.7971843163411
334			-5.52		10.159940778995
335			-5.51		9.5593944232016
336			-5.5		9.5880238255577
337			-5.49		9.3530839989642
338			-5.48		9.698699692914
339			-5.47		9.8575110328074
340			-5.46		10.246377372044
341			-5.45		9.6984348803283
342			-5.44		9.383126086685
343			-5.43		9.4893786441082
344			-5.42		11.081068340275
345			-5.41		10.533779903601
346			-5.4		10.170994173971
347			-5.39		10.049377433267
348			-5.38		9.6824166927945
349			-5.37		10.841304298997
350			-5.36		9.8808680758141
351			-5.35		9.9595143081262
352			-5.34		9.5028195242752
353			-5.33		9.5763007508156
354			-5.32		10.4150509033
355			-5.31		9.8932433023702
356			-5.3		9.6537780608732
357			-5.29		9.9981820389785
358			-5.28		9.664408916176
359			-5.27		10.583369773625
360			-5.26		9.7428727572526
361			-5.25		9.7119005511549
362			-5.24		10.508202592263
363			-5.23		9.8432065257476
364			-5.22		10.352902598481
365			-5.21		9.9623857014706
366			-5.2		9.7752926092557
367			-5.19		9.7815344089716
368			-5.18		9.8280746738782
369			-5.17		9.8042863893926
370			-5.16		10.400268786046
371			-5.15		9.7686866550152
372			-5.14		9.6405022455564
373			-5.13		9.689461192722
374			-5.12		10.717721932947
375			-5.11		10.366972433031
376			-5.1		10.211261687303
377			-5.09		10.147895565324
378			-5.08		9.6532819830631
379			-5.07		10.621588569622
380			-5.06		9.9580846630333
381			-5.05		9.9591515891325
382			-5.04		9.6358605657595
383			-5.03		9.7587377938341
384			-5.02		10.360119075594
385			-5.01		9.9561256658251
386			-5			9.8042048310817
387			-4.99		10.139390737808
388			-4.98		9.7468197771263
389			-4.97		10.373666693668
390			-4.96		9.8096958015469
391			-4.95		9.8406277482183
392			-4.94		10.392754400999
393			-4.93		9.8462996819754
394			-4.92		10.222980345673
395			-4.91		10.112559101742
396			-4.9		9.7227499079366
397			-4.89		9.9855052654844
398			-4.88		9.7886863566489
399			-4.87		9.9024014815106
400			-4.86		10.322356093472
401			-4.85		9.7782545305691
402			-4.84		9.816231210843
403			-4.83		9.7807978275616
404			-4.82		10.348083934138
405			-4.81		10.245457652153
406			-4.8		10.24259539596
407			-4.79		10.136450509965
408			-4.78		9.6940066751602
409			-4.77		10.451019071247
410			-4.76		9.9520215254045
411			-4.75		9.9204017184673
412			-4.74		9.7410105217221
413			-4.73		9.7972039816202
414			-4.72		10.268612482231
415			-4.71		9.9729842426203
416			-4.7		9.7742554122479
417			-4.69		10.117919082281
418			-4.68		9.7636901311895
419			-4.67		10.183761488667
420			-4.66		9.6396047741589
421			-4.65		9.9482607330234
422			-4.64		10.251779514136
423			-4.63		9.913491656608
424			-4.62		10.166474149591
425			-4.61		10.037637347285
426			-4.6		9.7412930299625
427			-4.59		9.9935922325483
428			-4.58		9.6446111710419
429			-4.57		9.9730706469364
430			-4.56		10.214933315726
431			-4.55		9.6852572546058
432			-4.54		9.8939450650982
433			-4.53		9.8082561542088
434			-4.52		10.00657941829
435			-4.51		10.119838633246
436			-4.5		10.129045106433
437			-4.49		10.035562160349
438			-4.48		9.7279023303144
439			-4.47		10.133817438244
440			-4.46		9.9105544242473
441			-4.45		9.8462324058488
442			-4.44		9.7889912415595
443			-4.43		9.7489254671708
444			-4.42		10.118925498167
445			-4.41		9.9374685086826
446			-4.4		9.7318531793191
447			-4.39		9.9769694914764
448			-4.38		9.7093865914528
449			-4.37		9.9242813043535
450			-4.36		9.6217472292554
451			-4.35		9.825300026688
452			-4.34		9.9886256746123
453			-4.33		9.8924674202586
454			-4.32		9.9364572823953
455			-4.31		9.8388101325537
456			-4.3		9.684408916176
457			-4.29		9.8430162145446
458			-4.28		9.5548639907687
459			-4.27		9.8503779660805
460			-4.26		9.9345632503461
461			-4.25		9.5702808031774
462			-4.24		9.7356497427619
463			-4.23		9.6071096774345
464			-4.22		9.6017545824802
465			-4.21		9.8996215555521
466			-4.2		9.7640142382842
467			-4.19		9.7459099434047
468			-4.18		9.5483147537155
469			-4.17		9.6609860517417
470			-4.16		9.6097516615753
471			-4.15		9.6351005480238
472			-4.14		9.5934852570273
473			-4.13		9.4227209438227
474			-4.12		9.7252290854211
475			-4.11		9.6012904139953
476			-4.1		9.4622963443569
477			-4.09		9.5461985723305
478			-4.08		9.4523345388179
479			-4.07		9.4761908054547
480			-4.06		9.3646669283049
481			-4.05		9.399666267119
482			-4.04		9.4688334608302
483			-4.03		9.441707364706
484			-4.02		9.40479789469
485			-4.01		9.253402939246
486			-4			9.3245003383129
487			-3.99		9.2812766642013
488			-3.98		9.1269772395695
489			-3.97		9.3325419628847
490			-3.96		9.2640118131342
491			-3.95		9.0910204887035
492			-3.94		9.1230818337042
493			-3.93		9.0367125229038
494			-3.92		8.983471930601
495			-3.91		9.2244683268632
496			-3.9		9.024063478199
497			-3.89		9.0213721662389
498			-3.88		8.910471670498
499			-3.87		8.8576347994307
500			-3.86		8.903803662202
501			-3.85		8.8785332459771
502			-3.84		8.8328429235872
503			-3.83		8.6347965130286
504			-3.82		8.8396115172367
505			-3.81		8.7133000524575
506			-3.8		8.6486280825533
507			-3.79		8.6175456735853
508			-3.78		8.5666857103477
509			-3.77		8.5670410483319
510			-3.76		8.4588500408682
511			-3.75		8.451858153202
512			-3.74		8.4467023289205
513			-3.73		8.4242984413175
514			-3.72		8.3638126722357
515			-3.71		8.273086808738
516			-3.7		8.3132065257476
517			-3.69		8.1703839568489
518			-3.68		8.0980920293785
519			-3.67		8.2252802267909
520			-3.66		8.0852351917568
521			-3.65		8.0112303892736
522			-3.64		7.9723799161719
523			-3.63		7.9219512591163
524			-3.62		7.8466064428326
525			-3.61		7.9990538212217
526			-3.6		7.8610240076363
527			-3.59		7.7247043653116
528			-3.58		7.7479744154415
529			-3.57		7.5861726181865
530			-3.56		7.6988339794561
531			-3.55		7.6255252800588
532			-3.54		7.5757147259104
533			-3.53		7.4157479836002
534			-3.52		7.4799940119723
535			-3.51		7.4355764471686
536			-3.5		7.3881947195473
537			-3.49		7.3452586614523
538			-3.48		7.2283644275376
539			-3.47		7.2838659762941
540			-3.46		7.1311984727253
541			-3.45		7.0790007929309
542			-3.44		7.1308531607218
543			-3.43		7.0220172266777
544			-3.42		6.9871936429527
545			-3.41		6.8673186527802
546			-3.4		7.0109025708381
547			-3.39		6.8602836299446
548			-3.38		6.6305585739581
549			-3.37		6.7931045522492
550			-3.36		6.474895971958
551			-3.35		6.5788393242649
552			-3.34		6.5575583138552
553			-3.33		6.444895971958
554			-3.32		6.1338659762941
555			-3.31		6.3457147259104
556			-3.3		6.299502553256
557			-3.29		5.9691674023966
558			-3.28		6.1965283181912
559			-3.27		5.685925967622
560			-3.26		5.8520172266777
561			-3.25		5.5867447215744
562			-3.24		5.5767447215744
563			-3.23		5.645925967622
564			-3.22		5.1588047129024
565			-3.21		-inf
566			-3.2		5.4398347085663
567			-3.19		5.1288047129024
568			-3.18		4.8177747172384
569			-3.17		4.8077747172384
570			-3.16		-inf
571			-3.15		-inf
572			-3.14		4.7777747172384
573			-3.13		-inf
574			-3.12		-inf
575			-3.11		-inf
576			-3.1		-inf
577			-3.09		4.7277747172384
578			-3.08		5.0188047129024
579			-3.07		4.7077747172384
580			-3.06		-inf
581			-3.05		-inf
582			-3.04		-inf
583			-3.03		-inf
584			-3.02		-inf
585			-3.01		-inf
586			-3			-inf
587			-2.99		-inf
588			-2.98		-inf
589			-2.97		-inf
590			-2.96		-inf
591			-2.95		-inf
592			-2.94		-inf
593			-2.93		-inf
594			-2.92		-inf
595			-2.91		-inf
596			-2.9		-inf
597			-2.89		-inf
598			-2.88		-inf
599			-2.87		-inf
600			-2.86		-inf
601			-2.85		-inf
602			-2.84		-inf
603			-2.83		-inf
604			-2.82		-inf
605			-2.81		-inf
606			-2.8		-inf
607			-2.79		-inf
608			-2.78		-inf
609			-2.77		-inf
610			-2.76		-inf
611			-2.75		-inf
612			-2.74		-inf
613			-2.73		-inf
614			-2.72		-inf
615			-2.71		-inf
616			-2.7		-inf
617			-2.69		-inf
618			-2.68		-inf
619			-2.67		-inf
620			-2.66		-inf
621			-2.65		-inf
622			-2.64		-inf
623			-2.63		-inf
624			-2.62		-inf
625			-2.61		-inf
626			-2.6		-inf
627			-2.59		-inf
628			-2.58		-inf
629			-2.57		-inf
630			-2.56		-inf
631			-2.55		-inf
632			-2.54		-inf
633			-2.53		-inf
634			-2.52		-inf
635			-2.51		-inf
636			-2.5		-inf
637			-2.49		-inf
638			-2.48		-inf
639			-2.47		-inf
640			-2.46		-inf
641			-2.45		-inf
642			-2.44		-inf
643			-2.43		-inf
644			-2.42		-inf
645			-2.41		-inf
646			-2.4		-inf
647			-2.39		-inf
648			-2.38		-inf
649			-2.37		-inf
650			-2.36		-inf
651			-2.35		-inf
652			-2.34		-inf
653			-2.33		-inf
654			-2.32		-inf
655			-2.31		-inf
656			-2.3		-inf
657			-2.29		-inf
658			-2.28		-inf
659			-2.27		-inf
660			-2.26		-inf
661			-2.25		-inf
662			-2.24		-inf
663			-2.23		-inf
664			-2.22		-inf
665			-2.21		-inf
666			-2.2		-inf
667			-2.19		-inf
668			-2.18		-inf
669			-2.17		-inf
670			-2.16		-inf
671			-2.15		-inf
672			-2.14		-inf
673			-2.13		-inf
674			-2.12		-inf
675			-2.11		-inf
676			-2.1		-inf
677			-2.09		-inf
678			-2.08		-inf
679			-2.07		-inf
680			-2.06		-inf
681			-2.05		-inf
682			-2.04		-inf
683			-2.03		-inf
684			-2.02		-inf
685			-2.01		-inf
686			-2			-inf
687			-1.99		-inf
688			-1.98		-inf
689			-1.97		-inf
690			-1.96		-inf
691			-1.95		-inf
692			-1.94		-inf
693			-1.93		-inf
694			-1.92		-inf
695			-1.91		-inf
696			-1.9		-inf
697			-1.89		-inf
698			-1.88		-inf
699			-1.87		-inf
700			-1.86		-inf
701			-1.85		-inf
702			-1.84		-inf
703			-1.83		-inf
704			-1.82		-inf
705			-1.81		7.8803271418154
706			-1.8		6.6470215659917
707			-1.79		6.9005311665556
708			-1.78		-inf
709			-1.77		-inf
710			-1.76		-inf
711			-1.75		-inf
712			-1.74		-inf
713			-1.73		-inf
714			-1.72		-inf
715			-1.71		-inf
716			-1.7		-inf
717			-1.69		-inf
718			-1.68		-inf
719			-1.67		-inf
720			-1.66		7.7264439478906
721			-1.65		6.5192443076691
722			-1.64		6.7838736771668
723			-1.63		-inf
724			-1.62		-inf
725			-1.61		-inf
726			-1.6		-inf
727			-1.59		-inf
728			-1.58		-inf
729			-1.57		-inf
730			-1.56		8.057495287435
731			-1.55		6.8619006999811
732			-1.54		7.0627399154391
733			-1.53		-inf
734			-1.52		-inf
735			-1.51		7.5505689658793
736			-1.5		6.6414292364813
737			-1.49		6.6233190547848
738			-1.48		-inf
739			-1.47		-inf
740			-1.46		7.8287748927116
741			-1.45		6.8897954690104
742			-1.44		6.5759473778749
743			-1.43		-inf
744			-1.42		-inf
745			-1.41		7.9053906189662
746			-1.4		6.6558228139505
747			-1.39		6.9588255640158
748			-1.38		-inf
749			-1.37		-inf
750			-1.36		7.2517907780994
751			-1.35		7.0044320620606
752			-1.34		6.4731802803846
753			-1.33		7.4229090104345
754			-1.32		6.1629790811865
755			-1.31		7.6897373972872
756			-1.3		6.4164854727511
757			-1.29		6.7241408722159
758			-1.28		-inf
759			-1.27		-inf
760			-1.26		7.7306347555601
761			-1.25		7.6977449658904
762			-1.24		6.9468875686255
763			-1.23		6.3540634781989
764			-1.22		-inf
765			-1.21		8.1814154162668
766			-1.2		7.8602319579427
767			-1.19		7.7464654345944
768			-1.18		7.3217559579426
769			-1.17		6.4812564143117
770			-1.16		7.5408060242225
771			-1.15		6.2742051960928
772			-1.14		6.5679190822813
773			-1.13		-inf
774			-1.12		-inf
775			-1.11		7.8729077571552
776			-1.1		7.6886359026581
777			-1.09		6.9397224609178
778			-1.08		7.8262720885866
779			-1.07		6.7747711376881
780			-1.06		7.9519431948117
781			-1.05		7.8471644270194
782			-1.04		7.6415625445839
783			-1.03		7.170133546558
784			-1.02		7.4436524143287
785			-1.01		7.4140313687297
786			-1			7.9719569494796
787			-0.99		6.8860287707455
788			-0.98		7.4514571926729
789			-0.97		6.1266832909298
790			-0.96		7.7742248447539
791			-0.95		7.6933904823418
792			-0.94		7.8927158039314
793			-0.93		7.680654416968
794			-0.92		7.1585407567736
795			-0.91		7.8636947067926
796			-0.9		7.9958774880905
797			-0.89		7.5220786692672
798			-0.88		7.3849828473818
799			-0.87		7.42371774034
800			-0.86		8.1465610058871
801			-0.85		8.0546445208551
802			-0.84		7.727217678681
803			-0.83		7.9048034981605
804			-0.82		6.8656243207175
805			-0.81		7.803641750495
806			-0.8		7.6603663432868
807			-0.79		7.888469641472
808			-0.78		7.6612344472093
809			-0.77		7.8569645194278
810			-0.76		7.947435057766
811			-0.75		8.0493829807987
812			-0.74		7.606985413192
813			-0.73		8.0209862659138
814			-0.72		7.6889994982591
815			-0.71		8.1071494086461
816			-0.7		8.061762053924
817			-0.69		7.9342786135049
818			-0.68		7.8183446087965
819			-0.67		7.6471386945564
820			-0.66		7.9517355027291
821			-0.65		8.2346959046045
822			-0.64		7.8694502473713
823			-0.63		7.974179250925
824			-0.62		7.9369026835718
825			-0.61		7.8630449289895
826			-0.6		8.7792955521374
827			-0.59		8.3078110429941
828			-0.58		8.1237011360786
829			-0.57		7.7642026627371
830			-0.56		8.1554710566602
831			-0.55		8.1459786892721
832			-0.54		8.0527288414435
833			-0.53		7.9942162466671
834			-0.52		8.0088036244718
835			-0.51		8.2755599171937
836			-0.5		8.1954906366598
837			-0.49		8.0681004093658
838			-0.48		8.1602238209585
839			-0.47		8.1879609152154
840			-0.46		8.1125169667891
841			-0.45		8.6593358871098
842			-0.44		8.3761100418223
843			-0.43		8.1680139201182
844			-0.42		8.1649948655439
845			-0.41		8.2638767246939
846			-0.4		8.3094604607307
847			-0.39		8.1759073518165
848			-0.38		8.276199109978
849			-0.37		8.1904418262533
850			-0.36		8.319877977804
851			-0.35		8.3164274528961
852			-0.34		8.3107495529725
853			-0.33		8.2541674079317
854			-0.32		8.2908479948925
855			-0.31		8.3062950859477
856			-0.3		8.6889218957878
857			-0.29		8.3736602646394
858			-0.28		8.3399185443908
859			-0.27		8.3713520937921
860			-0.26		8.345102090409
861			-0.25		8.8317738690111
862			-0.24		8.4652989066949
863			-0.23		8.4519260793073
864			-0.22		8.3358458924831
865			-0.21		8.4461270985943
866			-0.2		8.4412120585683
867			-0.19		8.4703430995945
868			-0.18		8.4173623030939
869			-0.17		8.4455368460692
870			-0.16		8.5288671040361
871			-0.15		8.6621204269432
872			-0.14		8.5248461815083
873			-0.13		8.6288239049211
874			-0.12		8.5878989493649
875			-0.11		8.5499596600661
876			-0.1		8.7819177087565
877			-0.09		8.6154376948506
878			-0.08		8.5520838762127
879			-0.07		8.5469000950113
880			-0.06		8.5727734377215
881			-0.05		8.8088443166169
882			-0.04		8.6131935029241
883			-0.03		8.6384174081266
884			-0.02		8.6007864924681
885			-0.01		8.646400478721
886			0				8.7408188190067
887			0.01		8.8241874467895
888			0.02		8.7147665088832
889			0.03		8.7381045288101
890			0.04		8.6774085879108
891			0.05		8.8376180427089
892			0.06		8.7266579072134
893			0.07		8.6929216264358
894			0.08		8.7236813196081
895			0.09		8.7155048195983
896			0.1			8.9762769571957
897			0.11		8.8177952527773
898			0.12		8.7776690583455
899			0.13		8.8710018846705
900			0.14		8.7954649478967
901			0.15		8.8414940002734
902			0.16		8.896489965699
903			0.17		8.817817929073
904			0.18		8.9524546011338
905			0.19		8.8390392688435
906			0.2			8.9892524067013
907			0.21		8.861761324373
908			0.22		8.9302950616134
909			0.23		8.8760674915192
910			0.24		8.919009159151
911			0.25		9.0072451148201
912			0.26		9.0138060435191
913			0.27		8.9130669981493
914			0.28		8.9787105951684
915			0.29		8.9875067624779
916			0.3			9.0634080751924
917			0.31		9.0059221396341
918			0.32		8.9691325836704
919			0.33		9.0823480937914
920			0.34		8.9854694723857
921			0.35		9.0906272376027
922			0.36		9.0831321597793
923			0.37		9.0843118268231
924			0.38		9.0289138203956
925			0.39		9.0870131074729
926			0.4			9.1254661563398
927			0.41		9.12003509969
928			0.42		9.1210271271337
929			0.43		9.1325771628553
930			0.44		9.1310051791248
931			0.45		9.1956466865555
932			0.46		9.1403485967429
933			0.47		9.1317691393607
934			0.48		9.2393013883513
935			0.49		9.1717243573707
936			0.5			9.2009798671997
937			0.51		9.2258332567533
938			0.52		9.2137681841486
939			0.53		9.2350248178948
940			0.54		9.2412894556383
941			0.55		9.2677637307871
942			0.56		9.2375872746733
943			0.57		9.2931361163449
944			0.58		9.2805483086569
945			0.59		9.2839704396279
946			0.6			9.3073478724456
947			0.61		9.3159819940203
948			0.62		9.3042700202479
949			0.63		9.3591855075247
950			0.64		9.3244292845611
951			0.65		9.3658985173284
952			0.66		9.3620226009485
953			0.67		9.3547144418487
954			0.68		9.4007219791621
955			0.69		9.3783424900195
956			0.7			9.4142197124533
957			0.71		9.4024152007281
958			0.72		9.4297957157289
959			0.73		9.4170176364894
960			0.74		9.4525951653944
961			0.75		9.4393313336175
962			0.76		9.4674660799697
963			0.77		9.466467670724
964			0.78		9.4879670889417
965			0.79		9.4781145497124
966			0.8			9.5074711011076
967			0.81		9.5065387582509
968			0.82		9.5130376380996
969			0.83		9.5363832433696
970			0.84		9.5335434232148
971			0.85		9.5523150049524
972			0.86		9.5574452508361
973			0.87		9.5656403993609
974			0.88		9.574735128392
975			0.89		9.592698146321
976			0.9			9.5911523141435
977			0.91		9.6017505522121
978			0.92		9.6185640687213
979			0.93		9.6260984923051
980			0.94		9.6310638102285
981			0.95		9.6446514752765
982			0.96		9.65128696705
983			0.97		9.6624390127113
984			0.98		9.6722103200193
985			0.99		9.681020898049
986			1				9.6919966261201
987			1.01		9.6986271395505
988			1.02		9.7084365739778
989			1.03		9.7196881529771
990			1.04		9.7257507103637
991			1.05		9.73652549302
992			1.06		9.7443403900289
993			1.07		9.756246840508
994			1.08		9.760455391777
995			1.09		9.7728109316514
996			1.1			9.7825126415003
997			1.11		9.7898866757119
998			1.12		9.8013491420606
999			1.13		9.8076483749697
1000		1.14		9.8143790043674
1001		1.15		9.8274491928742
1002		1.16		9.8328210687254
1003		1.17		9.8422274949324
1004		1.18		9.8524710934593
1005		1.19		9.8586990950145
1006		1.2			9.8689017041737
1007		1.21		9.8755076027889
1008		1.22		9.8857683671379
1009		1.23		9.8912813396168
1010		1.24		9.9019809333056
1011		1.25		9.9077095129365
1012		1.26		9.9170935104124
1013		1.27		9.9246371591322
1014		1.28		9.9330860101514
1015		1.29		9.938743060911
1016		1.3			9.9471025563472
1017		1.31		9.9550413142157
1018		1.32		9.9626649866659
1019		1.33		9.9699500668805
1020		1.34		9.9764670291611
1021		1.35		9.9836174191179
1022		1.36		9.9905542286008
1023		1.37		9.997252086443
1024		1.38		10.004508811875
1025		1.39		10.010081555018
1026		1.4			10.016171426556
1027		1.41		10.02428232673
1028		1.42		10.028390705229
1029		1.43		10.035817119794
1030		1.44		10.04047163324
1031		1.45		10.047303240952
1032		1.46		10.051950578405
1033		1.47		10.057452071806
1034		1.48		10.062931638465
1035		1.49		10.067665071637
1036		1.5			10.072628171297
1037		1.51		10.076997005279
1038		1.52		10.082006756599
1039		1.53		10.086079001791
1040		1.54		10.089984234215
1041		1.55		10.093917685521
1042		1.56		10.097954201685
1043		1.57		10.101449786171
1044		1.58		10.104855364126
1045		1.59		10.107754735892
1046		1.6			10.110922088758
1047		1.61		10.113445781259
1048		1.62		10.116279154212
1049		1.63		10.118344495623
1050		1.64		10.1205955175
1051		1.65		10.122605433153
1052		1.66		10.124034641927
1053		1.67		10.125850809902
1054		1.68		10.12673900664
1055		1.69		10.127984434267
1056		1.7			10.129097805957
1057		1.71		10.129347340358
1058		1.72		10.129836213179
1059		1.73		10.130188327491
1060		1.74		10.130273260976
1061		1.75		10.12991699558
1062		1.76		10.129611481757
1063		1.77		10.128782050358
1064		1.78		10.128406062746
1065		1.79		10.127171967779
1066		1.8			10.126021329052
1067		1.81		10.124635561187
1068		1.82		10.123198578423
1069		1.83		10.12152886288
1070		1.84		10.119379054172
1071		1.85		10.117647235572
1072		1.86		10.115431993269
1073		1.87		10.112695455851
1074		1.88		10.110469767642
1075		1.89		10.10788317038
1076		1.9			10.104895788992
1077		1.91		10.102126454631
1078		1.92		10.098991592066
1079		1.93		10.096146465555
1080		1.94		10.092504622674
1081		1.95		10.089308045711
1082		1.96		10.08580979053
1083		1.97		10.082152852706
1084		1.98		10.07866906596
1085		1.99		10.074815551581
1086		2				10.071191562311
1087		2.01		10.067177829889
1088		2.02		10.063386463285
1089		2.03		10.059425253051
1090		2.04		10.055396497458
1091		2.05		10.051315690899
1092		2.06		10.047144527294
1093		2.07		10.043178987768
1094		2.08		10.038891473942
1095		2.09		10.034767929689
1096		2.1			10.030499066413
1097		2.11		10.02633995749
1098		2.12		10.021954642766
1099		2.13		10.017619265867
1100		2.14		10.013401892799
1101		2.15		10.009151722977
1102		2.16		10.004666638758
1103		2.17		10.000293771918
1104		2.18		9.9959511204992
1105		2.19		9.991420035027
1106		2.2			9.9871754312102
1107		2.21		9.9824357076967
1108		2.22		9.9779948152982
1109		2.23		9.9734604685756
1110		2.24		9.9688486339062
1111		2.25		9.9639653510284
1112		2.26		9.95943182514
1113		2.27		9.9542912469689
1114		2.28		9.9497914312796
1115		2.29		9.9445657912245
1116		2.3			9.9394847181952
1117		2.31		9.9342331622952
1118		2.32		9.9289868382425
1119		2.33		9.9235375912405
1120		2.34		9.9179097478488
1121		2.35		9.9121222825815
1122		2.36		9.9063046567449
1123		2.37		9.9001193040173
1124		2.38		9.8938315338758
1125		2.39		9.8874588349009
1126		2.4			9.8806455917748
1127		2.41		9.8737615088174
1128		2.42		9.8665424418794
1129		2.43		9.8591416278892
1130		2.44		9.8513415148409
1131		2.45		9.8434002749075
1132		2.46		9.8350992540179
1133		2.47		9.8264213246849
1134		2.48		9.8174878329524
1135		2.49		9.8081532742882
1136		2.5			9.7985390351483
1137		2.51		9.7883686759625
1138		2.52		9.7780353622761
1139		2.53		9.7671340800416
1140		2.54		9.7558836523164
1141		2.55		9.7441593169502
1142		2.56		9.7320832241238
1143		2.57		9.7194024727142
1144		2.58		9.7064176019629
1145		2.59		9.6928854811165
1146		2.6			9.6788407017809
1147		2.61		9.6643929737018
1148		2.62		9.6493510844127
1149		2.63		9.6338812395932
1150		2.64		9.6179058964012
1151		2.65		9.6014254099641
1152		2.66		9.5844274639815
1153		2.67		9.5669107262071
1154		2.68		9.5489396601775
1155		2.69		9.5304513462999
1156		2.7			9.511492920409
1157		2.71		9.4919563713319
1158		2.72		9.4720904172991
1159		2.73		9.4516640828649
1160		2.74		9.4308059298075
1161		2.75		9.4095710045039
1162		2.76		9.3878396301766
1163		2.77		9.3657136531712
1164		2.78		9.343300010626
1165		2.79		9.3203884134434
1166		2.8			9.2972367061417
1167		2.81		9.2736568764607
1168		2.82		9.249857608746
1169		2.83		9.2257413244739
1170		2.84		9.2013496786558
1171		2.85		9.1766567973946
1172		2.86		9.1517893820702
1173		2.87		9.1266479874778
1174		2.88		9.1013185365767
1175		2.89		9.0757758379858
1176		2.9			9.0499928849654
1177		2.91		9.0240507942542
1178		2.92		8.997882109908
1179		2.93		8.9715430934953
1180		2.94		8.9449591439785
1181		2.95		8.9181807592699
1182		2.96		8.8911421540432
1183		2.97		8.8638767457075
1184		2.98		8.8363182708163
1185		2.99		8.8084545354825
1186		3				8.7802645752242
1187		3.01		8.7517114812467
1188		3.02		8.7227729623222
1189		3.03		8.6933714360944
1190		3.04		8.6635115986718
1191		3.05		8.6331107288504
1192		3.06		8.6021723847997
1193		3.07		8.5705938611426
1194		3.08		8.5383734021334
1195		3.09		8.5054562838973
1196		3.1			8.4717923147302
1197		3.11		8.4373263459631
1198		3.12		8.4020271661037
1199		3.13		8.3658183205198
1200		3.14		8.3286621634341
1201		3.15		8.2904984343691
1202		3.16		8.2513090322062
1203		3.17		8.2109916354576
1204		3.18		8.1695346872403
1205		3.19		8.1268491130389
1206		3.2			8.0829176108092
1207		3.21		8.0376712253433
1208		3.22		7.991062524393
1209		3.23		7.9430820669811
1210		3.24		7.8936242550146
1211		3.25		7.842707016457
1212		3.26		7.7902668376535
1213		3.27		7.7363042935875
1214		3.28		7.6807976983132
1215		3.29		7.6237115947219
1216		3.3			7.5650628894756
1217		3.31		7.5048364242039
1218		3.32		7.4430873277991
1219		3.33		7.3798899509192
1220		3.34		7.3153091957643
1221		3.35		7.249443204672
1222		3.36		7.1824135797858
1223		3.37		7.1144019617857
1224		3.38		7.0456720797662
1225		3.39		6.9764273687793
1226		3.4			6.9069583335814
1227		3.41		6.8377719062207
1228		3.42		6.7691103013633
1229		3.43		6.7014884275877
1230		3.44		6.6353763263808
1231		3.45		6.5711125886108
1232		3.46		6.509259071649
1233		3.47		6.4500996343248
1234		3.48		6.394068370465
1235		3.49		6.3412718389063
1236		3.5			6.2918632989314
1237		3.51		6.2456202875206
1238		3.52		6.2024935740568
1239		3.53		6.1621053617718
1240		3.54		6.1237436820863
1241		3.55		6.0872266784831
1242		3.56		6.0520778018166
1243		3.57		6.017530933434
1244		3.58		5.9837663294014
1245		3.59		5.9500389175502
1246		3.6			5.9164656765537
1247		3.61		5.8828868991723
1248		3.62		5.8494823139751
1249		3.63		5.8158289443856
1250		3.64		5.7820204257667
1251		3.65		5.7480269253568
1252		3.66		5.7136804206199
1253		3.67		5.6788682655276
1254		3.68		5.6438653988385
1255		3.69		5.6084584742099
1256		3.7			5.5728247573326
1257		3.71		5.5370038347262
1258		3.72		5.5011389111559
1259		3.73		5.4648220092893
1260		3.74		5.4286254330304
1261		3.75		5.3922122349672
1262		3.76		5.3560821893224
1263		3.77		5.3205577960466
1264		3.78		5.2855233847543
1265		3.79		5.2516860839813
1266		3.8			5.2181067664899
1267		3.81		5.1853952537095
1268		3.82		5.1530334387119
1269		3.83		5.1208938011065
1270		3.84		5.0892422496767
1271		3.85		5.0577153242823
1272		3.86		5.0266494475081
1273		3.87		4.9955932913798
1274		3.88		4.9646694545071
1275		3.89		4.9328625942942
1276		3.9			4.9009380011979
1277		3.91		4.8686885511314
1278		3.92		4.8370295174786
1279		3.93		4.8066204554658
1280		3.94		4.7782251782282
1281		3.95		4.7507608020866
1282		3.96		4.7240302316259
1283		3.97		4.6969920917323
1284		3.98		4.670765393657
1285		3.99		4.64411097255
1286		4				4.6181938574516
1287		4.01		4.5933121021195
1288		4.02		4.569341516021
1289		4.03		4.5458713997278
1290		4.04		4.5226797635468
1291		4.05		4.4984002958949
1292		4.06		4.4741857322077
1293		4.07		4.4498005263754
1294		4.08		4.4233763344622
1295		4.09		4.3949644856323
1296		4.1			4.3662410067347
1297		4.11		4.3376213081242
1298		4.12		4.3110539116912
1299		4.13		4.2877058181642
1300		4.14		4.2664878332344
1301		4.15		4.2448044023516
1302		4.16		4.2200360131759
1303		4.17		4.1909307951729
1304		4.18		4.1597983428875
1305		4.19		4.1259529934168
1306		4.2			4.0925261501173
1307		4.21		4.0601669109892
1308		4.22		4.028358872143
1309		4.23		3.9941920962703
1310		4.24		3.955694363145
1311		4.25		3.9139530431912
1312		4.26		3.8689437377225
1313		4.27		3.8179760813415
1314		4.28		3.7577167186843
1315		4.29		3.6892090439602
1316		4.3			3.6082828292921
1317		4.31		3.5198588257526
1318		4.32		3.4305710208844
1319		4.33		3.3475991400584
1320		4.34		3.2738242091175
1321		4.35		3.2061631468484
1322		4.36		3.1418708845286
1323		4.37		3.0729478618926
1324		4.38		2.9914445522216
1325		4.39		2.8980074225724
1326		4.4			2.7889245091097
1327		4.41		2.6622014943098
1328		4.42		2.5080965361154
1329		4.43		2.3084278065183
1330		4.44		2.0376548193604
1331		4.45		1.7253419743911
1332		4.46		1.4405104969049
1333		4.47		1.0920540033003
1334		4.48		0.56295026345637
1335		4.49		-0.18758330720549
1336		4.5			-0.75163557246237
1337		4.51		-0.9584114303779
1338		4.52		-0.91374233420769
1339		4.53		-0.95772683151805
1340		4.54		-0.97794599669974
1341		4.55		-1.0091352957697
1342		4.56		-1.122884733308
1343		4.57		-1.0028063570473
1344		4.58		-1.0789024226412
1345		4.59		-1.1393119261188
1346		4.6			-1.1698335932634
1347		4.61		-1.194074032378
1348		4.62		-1.2113732711195
1349		4.63		-1.2679494131608
1350		4.64		-1.224074032378
1351		4.65		-1.3687726062754
1352		4.66		-1.2979494131608
1353		4.67		-1.4089759923637
1354		4.68		-1.4624416861448
1355		4.69		-1.5207463657194
1356		4.7			-1.5181572384113
1357		4.71		-1.5281572384113
1358		4.72		-1.7600059880277
1359		4.73		-1.6772519347908
1360		4.74		-1.740497446744
1361		4.75		-1.6498272848627
1362		4.76		-1.7072519347908
1363		4.77		-1.7898026019394
1364		4.78		-1.8634716818088
1365		4.79		-1.8098026019394
1366		4.8			-1.7642852740896
1367		4.81		-1.8934716818088
1368		4.82		-1.80201404105
1369		4.83		-1.9881053001057
1370		4.84		-1.8800059880277
1371		4.85		-1.9334716818088
1372		4.86		-2.0461340237059
1373		4.87		-1.9311952870976
1374		4.88		-2.2422252827616
1375		4.89		-2.2108325976034
1376		4.9			-2.0861340237059
1377		4.91		-2.2308325976034
1378		4.92		-2.3279827733223
1379		4.93		-2.1782819304548
1380		4.94		-2.1261340237059
1381		4.95		-2.233044036714
1382		4.96		-2.3679827733223
1383		4.97		-2.4291352957697
1384		4.98		-2.4971272427474
1385		4.99		-2.7501652914337
1386		5				-2.5171272427474
1387		5.01		-2.3308325976034
1388		5.02		-2.4791352957697
1389		5.03		-2.313044036714
1390		5.04		-2.2560972470834
1391		5.05		-2.5091352957697
1392		5.06		-2.3082819304548
1393		5.07		-2.5871272427474
1394		5.08		-2.4879827733223
1395		5.09		-2.5491352957697
1396		5.1			-2.8601652914337
1397		5.11		-2.6271272427474
1398		5.12		-2.403044036714
1399		5.13		-2.4508325976034
1400		5.14		-3.025104028042
1401		5.15		-2.4708325976034
1402		5.16		-2.5679827733223
1403		5.17		-2.6291352957697
1404		5.18		-2.9401652914337
1405		5.19		-2.774074032378
1406		5.2			-2.6591352957697
1407		5.21		-2.794074032378
1408		5.22		-2.804074032378
1409		5.23		-2.9901652914337
1410		5.24		-2.7571272427474
1411		5.25		-2.9132552784256
1412		5.26		-2.844074032378
1413		5.27		-3.3311952870976
1414		5.28		-2.9432552784256
1415		5.29		-2.9532552784256
1416		5.3			-inf
1417		5.31		-inf
1418		5.32		-3.6822252827616
1419		5.33		-3.215104028042
1420		5.34		-inf
1421		5.35		-3.7122252827616
1422		5.36		-3.7222252827616
1423		5.37		-inf
1424		5.38		-inf
1425		5.39		-inf
1426		5.4			-inf
1427		5.41		-inf
1428		5.42		-inf
1429		5.43		-inf
1430		5.44		-inf
1431		5.45		-inf
1432		5.46		-inf
1433		5.47		-inf
1434		5.48		-inf
1435		5.49		-inf
1436		5.5			-inf
1437		5.51		-inf
1438		5.52		-inf
1439		5.53		-inf
1440		5.54		-inf
1441		5.55		-inf
1442		5.56		-inf
1443		5.57		-inf
1444		5.58		-inf
1445		5.59		-inf
1446		5.6			-inf
1447		5.61		-inf
1448		5.62		-inf
1449		5.63		-inf
1450		5.64		-inf
