0				-8.34		10.278804712902
1				-8.33		-inf
2				-8.32		-inf
3				-8.31		-inf
4				-8.3		-inf
5				-8.29		-inf
6				-8.28		-inf
7				-8.27		-inf
8				-8.26		-inf
9				-8.25		-inf
10			-8.24		-inf
11			-8.23		-inf
12			-8.22		-inf
13			-8.21		-inf
14			-8.2		-inf
15			-8.19		-inf
16			-8.18		-inf
17			-8.17		-inf
18			-8.16		-inf
19			-8.15		-inf
20			-8.14		-inf
21			-8.13		-inf
22			-8.12		-inf
23			-8.11		-inf
24			-8.1		-inf
25			-8.09		-inf
26			-8.08		-inf
27			-8.07		-inf
28			-8.06		-inf
29			-8.05		-inf
30			-8.04		-inf
31			-8.03		-inf
32			-8.02		-inf
33			-8.01		-inf
34			-8			-inf
35			-7.99		-inf
36			-7.98		-inf
37			-7.97		-inf
38			-7.96		-inf
39			-7.95		-inf
40			-7.94		-inf
41			-7.93		-inf
42			-7.92		-inf
43			-7.91		-inf
44			-7.9		-inf
45			-7.89		-inf
46			-7.88		-inf
47			-7.87		-inf
48			-7.86		-inf
49			-7.85		-inf
50			-7.84		-inf
51			-7.83		-inf
52			-7.82		-inf
53			-7.81		-inf
54			-7.8		-inf
55			-7.79		-inf
56			-7.78		-inf
57			-7.77		-inf
58			-7.76		-inf
59			-7.75		-inf
60			-7.74		-inf
61			-7.73		-inf
62			-7.72		-inf
63			-7.71		-inf
64			-7.7		-inf
65			-7.69		-inf
66			-7.68		-inf
67			-7.67		-inf
68			-7.66		-inf
69			-7.65		-inf
70			-7.64		-inf
71			-7.63		-inf
72			-7.62		-inf
73			-7.61		-inf
74			-7.6		-inf
75			-7.59		-inf
76			-7.58		-inf
77			-7.57		-inf
78			-7.56		-inf
79			-7.55		-inf
80			-7.54		-inf
81			-7.53		-inf
82			-7.52		-inf
83			-7.51		-inf
84			-7.5		-inf
85			-7.49		9.1277747172384
86			-7.48		-inf
87			-7.47		-inf
88			-7.46		-inf
89			-7.45		-inf
90			-7.44		-inf
91			-7.43		-inf
92			-7.42		-inf
93			-7.41		-inf
94			-7.4		-inf
95			-7.39		-inf
96			-7.38		-inf
97			-7.37		-inf
98			-7.36		-inf
99			-7.35		-inf
100			-7.34		-inf
101			-7.33		-inf
102			-7.32		-inf
103			-7.31		-inf
104			-7.3		-inf
105			-7.29		-inf
106			-7.28		-inf
107			-7.27		-inf
108			-7.26		-inf
109			-7.25		-inf
110			-7.24		-inf
111			-7.23		8.8677747172384
112			-7.22		-inf
113			-7.21		-inf
114			-7.2		-inf
115			-7.19		-inf
116			-7.18		-inf
117			-7.17		-inf
118			-7.16		-inf
119			-7.15		-inf
120			-7.14		-inf
121			-7.13		-inf
122			-7.12		-inf
123			-7.11		-inf
124			-7.1		-inf
125			-7.09		-inf
126			-7.08		-inf
127			-7.07		-inf
128			-7.06		-inf
129			-7.05		-inf
130			-7.04		-inf
131			-7.03		-inf
132			-7.02		-inf
133			-7.01		-inf
134			-7			-inf
135			-6.99		-inf
136			-6.98		-inf
137			-6.97		-inf
138			-6.96		-inf
139			-6.95		-inf
140			-6.94		-inf
141			-6.93		8.5677747172384
142			-6.92		9.034895971958
143			-6.91		-inf
144			-6.9		-inf
145			-6.89		-inf
146			-6.88		-inf
147			-6.87		-inf
148			-6.86		-inf
149			-6.85		-inf
150			-6.84		-inf
151			-6.83		-inf
152			-6.82		-inf
153			-6.81		-inf
154			-6.8		-inf
155			-6.79		-inf
156			-6.78		-inf
157			-6.77		-inf
158			-6.76		-inf
159			-6.75		-inf
160			-6.74		-inf
161			-6.73		-inf
162			-6.72		-inf
163			-6.71		-inf
164			-6.7		-inf
165			-6.69		-inf
166			-6.68		-inf
167			-6.67		-inf
168			-6.66		-inf
169			-6.65		-inf
170			-6.64		-inf
171			-6.63		-inf
172			-6.62		8.2577747172384
173			-6.61		8.2477747172384
174			-6.6		-inf
175			-6.59		-inf
176			-6.58		-inf
177			-6.57		-inf
178			-6.56		-inf
179			-6.55		-inf
180			-6.54		-inf
181			-6.53		8.1677747172384
182			-6.52		-inf
183			-6.51		-inf
184			-6.5		-inf
185			-6.49		-inf
186			-6.48		-inf
187			-6.47		-inf
188			-6.46		-inf
189			-6.45		-inf
190			-6.44		-inf
191			-6.43		-inf
192			-6.42		-inf
193			-6.41		-inf
194			-6.4		-inf
195			-6.39		-inf
196			-6.38		-inf
197			-6.37		-inf
198			-6.36		-inf
199			-6.35		-inf
200			-6.34		-inf
201			-6.33		-inf
202			-6.32		8.9577747172384
203			-6.31		8.2488047129024
204			-6.3		-inf
205			-6.29		-inf
206			-6.28		-inf
207			-6.27		7.9077747172384
208			-6.26		-inf
209			-6.25		-inf
210			-6.24		-inf
211			-6.23		-inf
212			-6.22		-inf
213			-6.21		-inf
214			-6.2		-inf
215			-6.19		-inf
216			-6.18		-inf
217			-6.17		-inf
218			-6.16		-inf
219			-6.15		7.7877747172384
220			-6.14		-inf
221			-6.13		7.7677747172384
222			-6.12		7.7577747172384
223			-6.11		-inf
224			-6.1		-inf
225			-6.09		-inf
226			-6.08		7.7177747172384
227			-6.07		-inf
228			-6.06		-inf
229			-6.05		7.6877747172384
230			-6.04		-inf
231			-6.03		-inf
232			-6.02		9.0727480652092
233			-6.01		7.6477747172384
234			-6			8.2398347085663
235			-5.99		7.9288047129024
236			-5.98		7.9188047129024
237			-5.97		8.4528727572526
238			-5.96		7.8988047129024
239			-5.95		-inf
240			-5.94		7.8788047129024
241			-5.93		-inf
242			-5.92		7.5577747172384
243			-5.91		7.5477747172384
244			-5.9		-inf
245			-5.89		-inf
246			-5.88		7.5177747172384
247			-5.87		8.285925967622
248			-5.86		-inf
249			-5.85		8.3908647042303
250			-5.84		7.4777747172384
251			-5.83		-inf
252			-5.82		7.4577747172384
253			-5.81		-inf
254			-5.8		-inf
255			-5.79		-inf
256			-5.78		7.4177747172384
257			-5.77		8.0098347085663
258			-5.76		7.874895971958
259			-5.75		7.3877747172384
260			-5.74		-inf
261			-5.73		-inf
262			-5.72		9.1639546912223
263			-5.71		8.4617180695452
264			-5.7		7.6388047129024
265			-5.69		7.9298347085663
266			-5.68		7.6188047129024
267			-5.67		8.7549327485806
268			-5.66		7.5988047129024
269			-5.65		7.9867447215744
270			-5.64		-inf
271			-5.63		-inf
272			-5.62		8.1028727572526
273			-5.61		7.2477747172384
274			-5.6		7.5388047129024
275			-5.59		7.5288047129024
276			-5.58		7.694895971958
277			-5.57		8.6391384813974
278			-5.56		7.4988047129024
279			-5.55		7.4888047129024
280			-5.54		8.2917180695452
281			-5.53		7.945925967622
282			-5.52		7.7598347085663
283			-5.51		-inf
284			-5.5		7.4388047129024
285			-5.49		7.4288047129024
286			-5.48		7.594895971958
287			-5.47		7.584895971958
288			-5.46		8.0977747172384
289			-5.45		7.564895971958
290			-5.44		7.3788047129024
291			-5.43		-inf
292			-5.42		8.9715885696221
293			-5.41		8.1939027529166
294			-5.4		7.6398347085663
295			-5.39		7.7267447215744
296			-5.38		7.0177747172384
297			-5.37		8.7067447215744
298			-5.36		-inf
299			-5.35		7.9420172266777
300			-5.34		7.5798347085663
301			-5.33		-inf
302			-5.32		8.4491364110727
303			-5.31		7.5498347085663
304			-5.3		7.6367447215744
305			-5.29		7.5298347085663
306			-5.28		7.5198347085663
307			-5.27		8.4988393242649
308			-5.26		7.1988047129024
309			-5.25		7.7328727572526
310			-5.24		8.4340772180057
311			-5.23		7.7128727572526
312			-5.22		8.3491364110727
313			-5.21		7.8891674023966
314			-5.2		7.7408647042303
315			-5.19		7.6728727572526
316			-5.18		7.8177747172384
317			-5.17		7.7108647042303
318			-5.16		8.3998347085663
319			-5.15		8.0182236386167
320			-5.14		7.6228727572526
321			-5.13		7.244895971958
322			-5.12		8.6028727572526
323			-5.11		8.3605585739581
324			-5.1		8.099502553256
325			-5.09		8.0499940119723
326			-5.08		7.5628727572526
327			-5.07		8.4401684770614
328			-5.06		8.0199940119723
329			-5.05		8.0099940119723
330			-5.04		7.455925967622
331			-5.03		7.8438659762941
332			-5.02		8.3109872310137
333			-5.01		7.8238659762941
334			-5			7.7839027529166
335			-4.99		8.0591384813974
336			-4.98		7.5720172266777
337			-4.97		8.2979707972669
338			-4.96		7.7439027529166
339			-4.95		7.7638659762941
340			-4.94		8.3486267288805
341			-4.93		7.8899940119723
342			-4.92		8.034895971958
343			-4.91		7.8699940119723
344			-4.9		7.3828727572526
345			-4.89		7.8701973980606
346			-4.88		7.7218946998943
347			-4.87		7.6838659762941
348			-4.86		8.2686267288805
349			-4.85		7.7182236386167
350			-4.84		7.8201973980606
351			-4.83		7.8991384813974
352			-4.82		8.2639546912223
353			-4.81		8.2928727572526
354			-4.8		8.1537780608732
355			-4.79		7.9840772180057
356			-4.78		7.6218946998943
357			-4.77		8.3108647042303
358			-4.76		7.8449327485806
359			-4.75		7.9898347085663
360			-4.74		7.739502553256
361			-4.73		7.729502553256
362			-4.72		8.2090330659575
363			-4.71		7.8918427615887
364			-4.7		7.5682236386167
365			-4.69		8.0986267288805
366			-4.68		7.7491384813974
367			-4.67		8.085925967622
368			-4.66		7.5018946998943
369			-4.65		7.8062886571163
370			-4.64		8.077115266692
371			-4.63		7.7862886571163
372			-4.62		8.035925967622
373			-4.61		7.8275583138552
374			-4.6		7.5599940119723
375			-4.59		7.8298347085663
376			-4.58		7.5399940119723
377			-4.57		7.889015954614
378			-4.56		8.1115885696221
379			-4.55		7.4665283181912
380			-4.54		7.7092536342806
381			-4.53		7.6301727151373
382			-4.52		7.9706880738812
383			-4.51		7.9036495729109
384			-4.5		8.1154983225272
385			-4.49		7.8520505868392
386			-4.48		7.7198347085663
387			-4.47		7.9651072136696
388			-4.46		7.8053448933363
389			-4.45		7.75053254892
390			-4.44		7.6459764413054
391			-4.43		7.7112273937246
392			-4.42		8.0071647238833
393			-4.41		7.71053254892
394			-4.4		7.6610240076363
395			-4.39		7.8339546912223
396			-4.38		7.6088393242649
397			-4.37		7.7786267288805
398			-4.36		7.4291384813974
399			-4.35		7.65053254892
400			-4.34		7.8166238079756
401			-4.33		7.7806880738812
402			-4.32		7.8608647042303
403			-4.31		7.7539546912223
404			-4.3		7.4692536342806
405			-4.29		7.7201664067366
406			-4.28		7.2188047129024
407			-4.27		7.6320505868392
408			-4.26		7.837293969857
409			-4.25		7.3349327485806
410			-4.24		7.4688393242649
411			-4.23		7.53053254892
412			-4.22		7.4598347085663
413			-4.21		7.6539546912223
414			-4.2		7.615925967622
415			-4.19		7.6406880738812
416			-4.18		7.2491384813974
417			-4.17		7.6139546912223
418			-4.16		7.4412273937246
419			-4.15		7.4312273937246
420			-4.14		7.5020505868392
421			-4.13		7.2862886571163
422			-4.12		7.535925967622
423			-4.11		7.4009872310137
424			-4.1		7.2692536342806
425			-4.09		7.2462886571163
426			-4.08		7.3612273937246
427			-4.07		7.1991364110727
428			-4.06		7.1291384813974
429			-4.05		7.1349327485806
430			-4.04		7.455925967622
431			-4.03		7.2118427615887
432			-4.02		7.2375583138552
433			-4.01		7.1101727151373
434			-4			7.2059764413054
435			-3.99		7.1462886571163
436			-3.98		6.9188047129024
437			-3.97		7.2205585739581
438			-3.96		7.1659764413054
439			-3.95		7.0929246955583
440			-3.94		7.0249327485806
441			-3.93		6.8899940119723
442			-3.92		6.8130472223417
443			-3.91		7.0391364110727
444			-3.9		6.6517180695452
445			-3.89		6.7318946998943
446			-3.88		6.8188047129024
447			-3.87		6.6838659762941
448			-3.86		6.7530472223417
449			-3.85		6.6638659762941
450			-3.84		6.5191674023966
451			-3.83		6.3708647042303
452			-3.82		6.8891384813974
453			-3.81		6.5939027529166
454			-3.8		6.4377747172384
455			-3.79		6.1267447215744
456			-3.78		6.6218946998943
457			-3.77		6.6382236386167
458			-3.76		6.3008647042303
459			-3.75		6.2908647042303
460			-3.74		6.3320172266777
461			-3.73		6.2128727572526
462			-3.72		6.5338659762941
463			-3.71		6.3020172266777
464			-3.7		6.2408647042303
465			-3.69		5.9298347085663
466			-3.68		-inf
467			-3.67		6.2108647042303
468			-3.66		5.2977747172384
469			-3.65		6.1328727572526
470			-3.64		5.5788047129024
471			-3.63		5.8698347085663
472			-3.62		5.9567447215744
473			-3.61		6.2020172266777
474			-3.6		5.5388047129024
475			-3.59		5.2277747172384
476			-3.58		5.694895971958
477			-3.57		-inf
478			-3.56		5.4988047129024
479			-3.55		5.1877747172384
480			-3.54		-inf
481			-3.53		5.1677747172384
482			-3.52		5.7598347085663
483			-3.51		-inf
484			-3.5		-inf
485			-3.49		5.1277747172384
486			-3.48		-inf
487			-3.47		5.584895971958
488			-3.46		-inf
489			-3.45		-inf
490			-3.44		5.0777747172384
491			-3.43		5.0677747172384
492			-3.42		-inf
493			-3.41		5.0477747172384
494			-3.4		5.3388047129024
495			-3.39		-inf
496			-3.38		-inf
497			-3.37		-inf
498			-3.36		4.9977747172384
499			-3.35		-inf
500			-3.34		-inf
501			-3.33		4.9677747172384
502			-3.32		-inf
503			-3.31		-inf
504			-3.3		-inf
505			-3.29		-inf
506			-3.28		-inf
507			-3.27		-inf
508			-3.26		-inf
509			-3.25		-inf
510			-3.24		-inf
511			-3.23		-inf
512			-3.22		-inf
513			-3.21		-inf
514			-3.2		-inf
515			-3.19		-inf
516			-3.18		-inf
517			-3.17		-inf
518			-3.16		-inf
519			-3.15		-inf
520			-3.14		-inf
521			-3.13		-inf
522			-3.12		-inf
523			-3.11		-inf
524			-3.1		-inf
525			-3.09		-inf
526			-3.08		-inf
527			-3.07		-inf
528			-3.06		-inf
529			-3.05		-inf
530			-3.04		-inf
531			-3.03		-inf
532			-3.02		-inf
533			-3.01		-inf
534			-3			-inf
535			-2.99		-inf
536			-2.98		-inf
537			-2.97		-inf
538			-2.96		-inf
539			-2.95		-inf
540			-2.94		-inf
541			-2.93		-inf
542			-2.92		-inf
543			-2.91		-inf
544			-2.9		-inf
545			-2.89		-inf
546			-2.88		-inf
547			-2.87		-inf
548			-2.86		-inf
549			-2.85		-inf
550			-2.84		-inf
551			-2.83		-inf
552			-2.82		-inf
553			-2.81		-inf
554			-2.8		-inf
555			-2.79		-inf
556			-2.78		-inf
557			-2.77		-inf
558			-2.76		-inf
559			-2.75		-inf
560			-2.74		-inf
561			-2.73		-inf
562			-2.72		-inf
563			-2.71		-inf
564			-2.7		-inf
565			-2.69		-inf
566			-2.68		-inf
567			-2.67		-inf
568			-2.66		-inf
569			-2.65		-inf
570			-2.64		-inf
571			-2.63		-inf
572			-2.62		-inf
573			-2.61		-inf
574			-2.6		-inf
575			-2.59		-inf
576			-2.58		-inf
577			-2.57		-inf
578			-2.56		-inf
579			-2.55		-inf
580			-2.54		-inf
581			-2.53		-inf
582			-2.52		-inf
583			-2.51		-inf
584			-2.5		-inf
585			-2.49		-inf
586			-2.48		-inf
587			-2.47		-inf
588			-2.46		-inf
589			-2.45		-inf
590			-2.44		-inf
591			-2.43		-inf
592			-2.42		-inf
593			-2.41		-inf
594			-2.4		-inf
595			-2.39		-inf
596			-2.38		-inf
597			-2.37		-inf
598			-2.36		-inf
599			-2.35		-inf
600			-2.34		-inf
601			-2.33		-inf
602			-2.32		-inf
603			-2.31		-inf
604			-2.3		-inf
605			-2.29		-inf
606			-2.28		-inf
607			-2.27		-inf
608			-2.26		-inf
609			-2.25		-inf
610			-2.24		-inf
611			-2.23		-inf
612			-2.22		-inf
613			-2.21		-inf
614			-2.2		-inf
615			-2.19		-inf
616			-2.18		-inf
617			-2.17		-inf
618			-2.16		-inf
619			-2.15		-inf
620			-2.14		-inf
621			-2.13		-inf
622			-2.12		-inf
623			-2.11		-inf
624			-2.1		-inf
625			-2.09		-inf
626			-2.08		-inf
627			-2.07		-inf
628			-2.06		-inf
629			-2.05		-inf
630			-2.04		-inf
631			-2.03		-inf
632			-2.02		-inf
633			-2.01		-inf
634			-2			-inf
635			-1.99		-inf
636			-1.98		-inf
637			-1.97		-inf
638			-1.96		-inf
639			-1.95		-inf
640			-1.94		-inf
641			-1.93		-inf
642			-1.92		-inf
643			-1.91		-inf
644			-1.9		-inf
645			-1.89		-inf
646			-1.88		-inf
647			-1.87		-inf
648			-1.86		-inf
649			-1.85		-inf
650			-1.84		-inf
651			-1.83		-inf
652			-1.82		-inf
653			-1.81		5.6932873850525
654			-1.8		4.215925967622
655			-1.79		4.7065283181912
656			-1.78		-inf
657			-1.77		-inf
658			-1.76		-inf
659			-1.75		-inf
660			-1.74		-inf
661			-1.73		-inf
662			-1.72		-inf
663			-1.71		-inf
664			-1.7		-inf
665			-1.69		-inf
666			-1.68		-inf
667			-1.67		-inf
668			-1.66		5.5126185652861
669			-1.65		4.366955963286
670			-1.64		4.7829246955583
671			-1.63		-inf
672			-1.62		-inf
673			-1.61		-inf
674			-1.6		-inf
675			-1.59		-inf
676			-1.58		-inf
677			-1.57		-inf
678			-1.56		6.0532938729062
679			-1.55		4.9512027108013
680			-1.54		5.0968528096145
681			-1.53		-inf
682			-1.52		-inf
683			-1.51		5.3121275730228
684			-1.5		4.2839027529166
685			-1.49		4.4288047129024
686			-1.48		-inf
687			-1.47		-inf
688			-1.46		5.596085271028
689			-1.45		4.7779707972669
690			-1.44		4.4757147259104
691			-1.43		-inf
692			-1.42		-inf
693			-1.41		5.8891341876932
694			-1.4		4.8012027108013
695			-1.39		4.827115266692
696			-1.38		-inf
697			-1.37		-inf
698			-1.36		5.0148080565372
699			-1.35		4.8006880738812
700			-1.34		4.056955963286
701			-1.33		5.1826185652861
702			-1.32		4.036955963286
703			-1.31		5.4980030702935
704			-1.3		4.299502553256
705			-1.29		4.609015954614
706			-1.28		-inf
707			-1.27		-inf
708			-1.26		5.7340988329451
709			-1.25		5.5016165391145
710			-1.24		4.8554983225272
711			-1.23		4.1899940119723
712			-1.22		-inf
713			-1.21		6.149455666532
714			-1.2		5.7934624675519
715			-1.19		5.5949305833206
716			-1.18		5.0872876614563
717			-1.17		4.441243172818
718			-1.16		5.3355938123117
719			-1.15		4.2191384813974
720			-1.14		4.4212273937246
721			-1.13		-inf
722			-1.12		-inf
723			-1.11		5.7063386004603
724			-1.1		5.5357343609756
725			-1.09		4.8613136256086
726			-1.08		5.7575852713867
727			-1.07		4.6268528096145
728			-1.06		5.9365732799523
729			-1.05		5.7665939003372
730			-1.04		5.4743490504488
731			-1.03		4.9108127659247
732			-1.02		5.2259764413054
733			-1.01		5.2004429333506
734			-1			5.9089190351875
735			-0.99		4.8009609856506
736			-0.98		5.2631969865875
737			-0.97		3.7838659762941
738			-0.96		5.6101900920008
739			-0.95		5.5482454947727
740			-0.94		5.8247654164799
741			-0.93		5.6189272396858
742			-0.92		5.0141407503674
743			-0.91		5.7977064738726
744			-0.9		5.8589587445407
745			-0.89		5.3453400867982
746			-0.88		5.1953816699589
747			-0.87		5.1826358579762
748			-0.86		6.1015684213753
749			-0.85		5.9631553103817
750			-0.84		5.5795217911847
751			-0.83		5.7883363974336
752			-0.82		4.7674048846643
753			-0.81		5.6235763500866
754			-0.8		5.5219934039776
755			-0.79		5.7925132722938
756			-0.78		5.5340503048189
757			-0.77		5.7611138125497
758			-0.76		5.8348908102865
759			-0.75		5.95785042256
760			-0.74		5.4540509726426
761			-0.73		5.9357416240615
762			-0.72		5.4868197771263
763			-0.71		6.0465709690288
764			-0.7		5.9865249299364
765			-0.69		5.7813987908298
766			-0.68		5.679502553256
767			-0.67		5.5143307613374
768			-0.66		5.8144422763374
769			-0.65		6.1569477445601
770			-0.64		5.7516994106545
771			-0.63		5.8333864421404
772			-0.62		5.8252716083426
773			-0.61		5.7175967332165
774			-0.6		6.6542820870888
775			-0.59		6.2142777326251
776			-0.58		6.0352078613498
777			-0.57		5.5894311998242
778			-0.56		6.0648884970704
779			-0.55		6.0321897577122
780			-0.54		5.9372159143721
781			-0.53		5.861501666162
782			-0.52		5.8818866711996
783			-0.51		6.1777263592752
784			-0.5		6.0999071865366
785			-0.49		5.9475160145114
786			-0.48		6.0295180950943
787			-0.47		6.09234703286
788			-0.46		5.9903701400673
789			-0.45		6.5355372378659
790			-0.44		6.2725387413493
791			-0.43		6.0551728163754
792			-0.42		6.0439640169752
793			-0.41		6.1526372353794
794			-0.4		6.2133445099734
795			-0.39		6.0484673959204
796			-0.38		6.173808709162
797			-0.37		6.0715582778357
798			-0.36		6.2099090307064
799			-0.35		6.2241104031923
800			-0.34		6.2020746433182
801			-0.33		6.1384470575539
802			-0.32		6.1810629363353
803			-0.31		6.1893460993275
804			-0.3		6.571172467961
805			-0.29		6.260051549135
806			-0.28		6.2309034310836
807			-0.27		6.268614173922
808			-0.26		6.2284725155777
809			-0.25		6.7146331354292
810			-0.24		6.3535475679564
811			-0.23		6.3547008448583
812			-0.22		6.2116717226565
813			-0.21		6.3450223626543
814			-0.2		6.3340122624051
815			-0.19		6.3657070917494
816			-0.18		6.3051535149563
817			-0.17		6.3327157997746
818			-0.16		6.4272964436328
819			-0.15		6.5471101050204
820			-0.14		6.4180374612013
821			-0.13		6.50999693818
822			-0.12		6.4770811393224
823			-0.11		6.4429761133175
824			-0.1		6.6627823864585
825			-0.09		6.5098386543605
826			-0.08		6.4434168727528
827			-0.07		6.4333678590049
828			-0.06		6.462526039563
829			-0.05		6.6964557794583
830			-0.04		6.4985539754668
831			-0.03		6.5261314225361
832			-0.02		6.4935413628527
833			-0.01		6.5395796937214
834			0				6.6311889017713
835			0.01		6.7083290562271
836			0.02		6.6020904573902
837			0.03		6.6279619156852
838			0.04		6.5676423963076
839			0.05		6.7228373667936
840			0.06		6.6160450776534
841			0.07		6.5835325331765
842			0.08		6.6157487491992
843			0.09		6.6049651946831
844			0.1			6.8603165109598
845			0.11		6.7071914884711
846			0.12		6.6721408617297
847			0.13		6.7579775180014
848			0.14		6.6885180995044
849			0.15		6.7294880105781
850			0.16		6.7864820936561
851			0.17		6.7048859562378
852			0.18		6.8401844295332
853			0.19		6.731109873873
854			0.2			6.8756076930894
855			0.21		6.7528406653659
856			0.22		6.8175902966145
857			0.23		6.768229906991
858			0.24		6.8089548564073
859			0.25		6.8933723309704
860			0.26		6.9037959125704
861			0.27		6.8035697287729
862			0.28		6.8669597598732
863			0.29		6.8772294550673
864			0.3			6.9509291549976
865			0.31		6.8953691784373
866			0.32		6.8587795140193
867			0.33		6.970709063192
868			0.34		6.8774611581704
869			0.35		6.9778333966673
870			0.36		6.9709914661894
871			0.37		6.9726216065439
872			0.38		6.9193167122863
873			0.39		6.9755135577024
874			0.4			7.0143037470565
875			0.41		7.0082238101959
876			0.42		7.0103750981287
877			0.43		7.0209926413435
878			0.44		7.0198728067658
879			0.45		7.0838835249085
880			0.46		7.0299386344492
881			0.47		7.0214850939557
882			0.48		7.1261455753331
883			0.49		7.0617410755382
884			0.5			7.0909538345719
885			0.51		7.1145558536545
886			0.52		7.1026619183027
887			0.53		7.1236481118716
888			0.54		7.1296753722247
889			0.55		7.1563549767995
890			0.56		7.1272730020573
891			0.57		7.1812076407278
892			0.58		7.1693732421188
893			0.59		7.1733041267747
894			0.6			7.1966957026266
895			0.61		7.2052240609592
896			0.62		7.1937356684023
897			0.63		7.2474577580275
898			0.64		7.2138416049367
899			0.65		7.2545074690579
900			0.66		7.2508160583578
901			0.67		7.2437856782332
902			0.68		7.289509656571
903			0.69		7.2680884549637
904			0.7			7.3026821942427
905			0.71		7.2920851425079
906			0.72		7.3192515975226
907			0.73		7.3062182155419
908			0.74		7.341274584893
909			0.75		7.3288010115244
910			0.76		7.3561517267653
911			0.77		7.3557829319662
912			0.78		7.3768512960765
913			0.79		7.367483690146
914			0.8			7.3965731366444
915			0.81		7.3958320437318
916			0.82		7.4028818886857
917			0.83		7.4252319810385
918			0.84		7.4229037378174
919			0.85		7.4414845511253
920			0.86		7.4468088889066
921			0.87		7.4549196887368
922			0.88		7.4641676384581
923			0.89		7.482150202634
924			0.9			7.480474402696
925			0.91		7.4912855932354
926			0.92		7.5079907546714
927			0.93		7.5155104079346
928			0.94		7.5210295918714
929			0.95		7.5340259518266
930			0.96		7.5414115242091
931			0.97		7.5523337312445
932			0.98		7.5618954722961
933			0.99		7.5712393511734
934			1				7.5817987198308
935			1.01		7.5885390318961
936			1.02		7.5984136035422
937			1.03		7.6096874314859
938			1.04		7.6162491492299
939			1.05		7.6265756320434
940			1.06		7.6346374704466
941			1.07		7.6462027505466
942			1.08		7.6511570689499
943			1.09		7.6632646413753
944			1.1			7.6730838185888
945			1.11		7.6806203136053
946			1.12		7.6922161175379
947			1.13		7.6986801455611
948			1.14		7.7056389064044
949			1.15		7.7185540365539
950			1.16		7.7241707934253
951			1.17		7.7336087795671
952			1.18		7.7439479723832
953			1.19		7.7505905249471
954			1.2			7.7610227323406
955			1.21		7.7675905546028
956			1.22		7.7779967202984
957			1.23		7.7836465232081
958			1.24		7.7944549056373
959			1.25		7.8005044773905
960			1.26		7.8100999737007
961			1.27		7.8177745737366
962			1.28		7.8264230393928
963			1.29		7.8323412311799
964			1.3			7.8410741519722
965			1.31		7.8491546303946
966			1.32		7.8571267062073
967			1.33		7.8645812980748
968			1.34		7.8713978691476
969			1.35		7.8787947566829
970			1.36		7.886034198347
971			1.37		7.8930679435544
972			1.38		7.9004747412743
973			1.39		7.9064899784024
974			1.4			7.9129885766757
975			1.41		7.9214241807629
976			1.42		7.9259521487558
977			1.43		7.9336802595719
978			1.44		7.9387632161659
979			1.45		7.9460030720566
980			1.46		7.9510706370246
981			1.47		7.9570712260575
982			1.48		7.9630368381265
983			1.49		7.9682106718472
984			1.5			7.9734923599664
985			1.51		7.9784097794549
986			1.52		7.983913797745
987			1.53		7.9886211546545
988			1.54		7.9929611661412
989			1.55		7.9974831132543
990			1.56		8.0020630561778
991			1.57		8.0061306304696
992			1.58		8.0100450686403
993			1.59		8.0135718355992
994			1.6			8.0173882448844
995			1.61		8.0204416625704
996			1.62		8.0239121288452
997			1.63		8.0265964894324
998			1.64		8.0294957690759
999			1.65		8.0320734361088
1000		1.66		8.0342228545362
1001		1.67		8.0366319727036
1002		1.68		8.0382020936606
1003		1.69		8.0401645091054
1004		1.7			8.0418837561354
1005		1.71		8.0428502447604
1006		1.72		8.0440384098752
1007		1.73		8.0450348373663
1008		1.74		8.045748587347
1009		1.75		8.0460771217419
1010		1.76		8.0463834442735
1011		1.77		8.0462589239299
1012		1.78		8.0465682226642
1013		1.79		8.0459621054418
1014		1.8			8.0454703554062
1015		1.81		8.0447154116082
1016		1.82		8.0438590215891
1017		1.83		8.0428055893104
1018		1.84		8.0413223732095
1019		1.85		8.0401298002052
1020		1.86		8.0384892865485
1021		1.87		8.0363131843103
1022		1.88		8.0345699430411
1023		1.89		8.0324965699357
1024		1.9			8.030043247793
1025		1.91		8.027677085572
1026		1.92		8.0251152969732
1027		1.93		8.0226080676201
1028		1.94		8.0194620519591
1029		1.95		8.0166168833292
1030		1.96		8.0133492138538
1031		1.97		8.0100625701527
1032		1.98		8.0068355428001
1033		1.99		8.0032175245677
1034		2				7.9998061284911
1035		2.01		7.996004699326
1036		2.02		7.9923206916834
1037		2.03		7.9884673843118
1038		2.04		7.9845319870971
1039		2.05		7.9804996631281
1040		2.06		7.9763548452428
1041		2.07		7.9723366360735
1042		2.08		7.9680241367754
1043		2.09		7.9637478903906
1044		2.1			7.9593440159681
1045		2.11		7.9550679476716
1046		2.12		7.9505314466786
1047		2.13		7.9460143498486
1048		2.14		7.9415906484087
1049		2.15		7.9371068402351
1050		2.16		7.9324025982929
1051		2.17		7.927751690067
1052		2.18		7.9231902391938
1053		2.19		7.9183848554489
1054		2.2			7.9138918784958
1055		2.21		7.9089051722031
1056		2.22		7.9042900417197
1057		2.23		7.8995275734176
1058		2.24		7.8948006891669
1059		2.25		7.8897582056091
1060		2.26		7.8850692810837
1061		2.27		7.8798916190741
1062		2.28		7.8752811158027
1063		2.29		7.8700503856932
1064		2.3			7.8650554467754
1065		2.31		7.8598330588168
1066		2.32		7.8547070740589
1067		2.33		7.8494029313667
1068		2.34		7.8439651311843
1069		2.35		7.8383735684835
1070		2.36		7.832839650935
1071		2.37		7.8270574149282
1072		2.38		7.8211336241063
1073		2.39		7.8151586100647
1074		2.4			7.8087837049852
1075		2.41		7.8024509993666
1076		2.42		7.7958015449425
1077		2.43		7.7890399814644
1078		2.44		7.7820376547401
1079		2.45		7.7748771001324
1080		2.46		7.7674736091739
1081		2.47		7.7597804100055
1082		2.48		7.7519085378068
1083		2.49		7.7438512293854
1084		2.5			7.7356154748923
1085		2.51		7.7268870044905
1086		2.52		7.7181571579068
1087		2.53		7.7089913121802
1088		2.54		7.6996182695879
1089		2.55		7.6899015402589
1090		2.56		7.6800525600882
1091		2.57		7.6696907964486
1092		2.58		7.6592236695556
1093		2.59		7.6484376533647
1094		2.6			7.6372396527578
1095		2.61		7.6259368651568
1096		2.62		7.6142727846325
1097		2.63		7.6023738730158
1098		2.64		7.590159471868
1099		2.65		7.5777695397741
1100		2.66		7.5652114324224
1101		2.67		7.5523519924563
1102		2.68		7.5393603334283
1103		2.69		7.5261399201408
1104		2.7			7.512872593828
1105		2.71		7.4994543036267
1106		2.72		7.4860294560356
1107		2.73		7.4724814387811
1108		2.74		7.4589491206498
1109		2.75		7.4454227544882
1110		2.76		7.4318836128902
1111		2.77		7.418249095092
1112		2.78		7.4047951637565
1113		2.79		7.3912406293605
1114		2.8			7.3777763173879
1115		2.81		7.3642036348924
1116		2.82		7.3507816433542
1117		2.83		7.3372857012091
1118		2.84		7.3237848375668
1119		2.85		7.3101902433219
1120		2.86		7.2965691089348
1121		2.87		7.2828013561019
1122		2.88		7.2689228865913
1123		2.89		7.2547728538358
1124		2.9			7.2403106348472
1125		2.91		7.2255144882218
1126		2.92		7.2101865156016
1127		2.93		7.1943956997685
1128		2.94		7.1778919914915
1129		2.95		7.1609205803889
1130		2.96		7.1431148302221
1131		2.97		7.1246817673905
1132		2.98		7.1055168012732
1133		2.99		7.0856977288814
1134		3				7.0652006587482
1135		3.01		7.0440160993181
1136		3.02		7.0222044410564
1137		3.03		7.0000193045387
1138		3.04		6.9773510505575
1139		3.05		6.9541509138418
1140		3.06		6.9305281636857
1141		3.07		6.9064415755627
1142		3.08		6.8817613151841
1143		3.09		6.8566907669365
1144		3.1			6.8310136384521
1145		3.11		6.8047905321655
1146		3.12		6.7781610668608
1147		3.13		6.7511786822706
1148		3.14		6.7240391866699
1149		3.15		6.6968183120755
1150		3.16		6.6697080672137
1151		3.17		6.6428912848828
1152		3.18		6.616457564287
1153		3.19		6.5904525648836
1154		3.2			6.5650109378581
1155		3.21		6.5401045415793
1156		3.22		6.5154594143745
1157		3.23		6.4913682570622
1158		3.24		6.4675530347556
1159		3.25		6.4439557625817
1160		3.26		6.4205866569664
1161		3.27		6.3973819286256
1162		3.28		6.3741139296624
1163		3.29		6.3510829179734
1164		3.3			6.3280255896178
1165		3.31		6.3050592117514
1166		3.32		6.282180007349
1167		3.33		6.2594791569858
1168		3.34		6.2366884209243
1169		3.35		6.2139232986782
1170		3.36		6.1909933956907
1171		3.37		6.1682295699826
1172		3.38		6.1452674944716
1173		3.39		6.1220821037163
1174		3.4			6.0989338000448
1175		3.41		6.0757064893401
1176		3.42		6.0520996239412
1177		3.43		6.0284003625936
1178		3.44		6.0045021609962
1179		3.45		5.9804757803695
1180		3.46		5.9557018138327
1181		3.47		5.930703944295
1182		3.48		5.9051957314487
1183		3.49		5.8788217833663
1184		3.5			5.8520789467603
1185		3.51		5.8246673861933
1186		3.52		5.7968791620978
1187		3.53		5.7690184166795
1188		3.54		5.7413585308574
1189		3.55		5.7140843132973
1190		3.56		5.6875920639773
1191		3.57		5.6620549553693
1192		3.58		5.6377537595312
1193		3.59		5.6145666894479
1194		3.6			5.5928208463555
1195		3.61		5.5719641733532
1196		3.62		5.552033464084
1197		3.63		5.5325425375817
1198		3.64		5.513774845486
1199		3.65		5.4949689190033
1200		3.66		5.476604211617
1201		3.67		5.458665773201
1202		3.68		5.4406795860662
1203		3.69		5.4229102165911
1204		3.7			5.4053745363747
1205		3.71		5.3877222946517
1206		3.72		5.3705833798372
1207		3.73		5.3533971169139
1208		3.74		5.3363319536057
1209		3.75		5.3193324872668
1210		3.76		5.3025886084429
1211		3.77		5.2857949688978
1212		3.78		5.2693233142839
1213		3.79		5.2525639933422
1214		3.8			5.2360143899255
1215		3.81		5.2196074971558
1216		3.82		5.2034289393047
1217		3.83		5.1873209251836
1218		3.84		5.1713077587206
1219		3.85		5.1554277021764
1220		3.86		5.1397593719338
1221		3.87		5.1243230396284
1222		3.88		5.1089324240279
1223		3.89		5.0938700708417
1224		3.9			5.0786341481476
1225		3.91		5.0634328888202
1226		3.92		5.0484074091153
1227		3.93		5.0336482797457
1228		3.94		5.0188017689899
1229		3.95		5.0044301618302
1230		3.96		4.9900491229944
1231		3.97		4.9755769638462
1232		3.98		4.9615642073179
1233		3.99		4.9473253996381
1234		4				4.9337117444735
1235		4.01		4.9198578562182
1236		4.02		4.9061888405334
1237		4.03		4.8926255997225
1238		4.04		4.8793999813212
1239		4.05		4.8658589662805
1240		4.06		4.8526421503807
1241		4.07		4.83912950186
1242		4.08		4.8257285509206
1243		4.09		4.8119977870252
1244		4.1			4.7987224952207
1245		4.11		4.7850833364259
1246		4.12		4.7715675241415
1247		4.13		4.7577408643349
1248		4.14		4.7444283509045
1249		4.15		4.7309966693076
1250		4.16		4.7178149937407
1251		4.17		4.704590855358
1252		4.18		4.6910537633825
1253		4.19		4.6774392846824
1254		4.2			4.6638861854218
1255		4.21		4.6502432577073
1256		4.22		4.637060032522
1257		4.23		4.6237784614483
1258		4.24		4.6106520620659
1259		4.25		4.5974369380211
1260		4.26		4.584243164835
1261		4.27		4.5713526064874
1262		4.28		4.5582173942328
1263		4.29		4.5450195652385
1264		4.3			4.5317743719912
1265		4.31		4.518623814125
1266		4.32		4.5056103565744
1267		4.33		4.4921269536973
1268		4.34		4.4783095946504
1269		4.35		4.4650781650378
1270		4.36		4.4519122430496
1271		4.37		4.4386859798476
1272		4.38		4.4261146888902
1273		4.39		4.4133316050772
1274		4.4			4.4007127430012
1275		4.41		4.3880609384741
1276		4.42		4.3757489152685
1277		4.43		4.3633092396216
1278		4.44		4.3512684811895
1279		4.45		4.3391753378608
1280		4.46		4.3271114738818
1281		4.47		4.3149931991268
1282		4.48		4.3027958157996
1283		4.49		4.2905128556659
1284		4.5			4.2784636053273
1285		4.51		4.2663419543958
1286		4.52		4.2540783518258
1287		4.53		4.2413358506987
1288		4.54		4.2288115377634
1289		4.55		4.2159091277554
1290		4.56		4.2028307843651
1291		4.57		4.1902089661435
1292		4.58		4.1769083532348
1293		4.59		4.1640865222058
1294		4.6			4.1505452284919
1295		4.61		4.1373818787184
1296		4.62		4.123821222445
1297		4.63		4.1101225160523
1298		4.64		4.0972514889923
1299		4.65		4.0835756210859
1300		4.66		4.0698959518321
1301		4.67		4.0563703122188
1302		4.68		4.0420766775053
1303		4.69		4.0284079854496
1304		4.7			4.0144228055892
1305		4.71		3.9998535110464
1306		4.72		3.9858637984826
1307		4.73		3.9710334477016
1308		4.74		3.9556513763024
1309		4.75		3.9407201616946
1310		4.76		3.9252161036548
1311		4.77		3.9093153136991
1312		4.78		3.8930897625201
1313		4.79		3.8769676069363
1314		4.8			3.8597955348041
1315		4.81		3.8414943913483
1316		4.82		3.8224397356591
1317		4.83		3.8029501938186
1318		4.84		3.7829878091484
1319		4.85		3.7629112430106
1320		4.86		3.7414994256798
1321		4.87		3.7195220477003
1322		4.88		3.6990512493188
1323		4.89		3.6787833134351
1324		4.9			3.6588610878384
1325		4.91		3.6398139807877
1326		4.92		3.6224480749518
1327		4.93		3.6138765999496
1328		4.94		3.6277496947
1329		4.95		3.5677975168988
1330		4.96		3.5225079207713
1331		4.97		3.4831231719316
1332		4.98		3.4456555383567
1333		4.99		3.4088639639415
1334		5				3.3711240791915
1335		5.01		3.3341102546514
1336		5.02		3.2953203534684
1337		5.03		3.2534293996698
1338		5.04		3.206574612275
1339		5.05		3.156118561459
1340		5.06		3.1048955380697
1341		5.07		3.0539519136886
1342		5.08		3.0058956589616
1343		5.09		2.9597632485229
1344		5.1			2.9150026279245
1345		5.11		2.8690388541602
1346		5.12		2.8204017139007
1347		5.13		2.7695848091294
1348		5.14		2.7149295257928
1349		5.15		2.660812892218
1350		5.16		2.6099882845524
1351		5.17		2.5655104939567
1352		5.18		2.5220937848928
1353		5.19		2.4777604075359
1354		5.2			2.436964436908
1355		5.21		2.3896607083904
1356		5.22		2.3533716541041
1357		5.23		2.3257059102714
1358		5.24		2.2875821482931
1359		5.25		2.2546849844347
1360		5.26		2.2183054845794
1361		5.27		2.1833232459907
1362		5.28		2.1413102760558
1363		5.29		2.0931993030372
1364		5.3			2.0477176522707
1365		5.31		1.9945472096227
1366		5.32		1.931990441974
1367		5.33		1.871144248194
1368		5.34		1.8083063230875
1369		5.35		1.7452948034374
1370		5.36		1.6808282866735
1371		5.37		1.6251510988181
1372		5.38		1.5759674860743
1373		5.39		1.5284668815235
1374		5.4			1.4962731184425
1375		5.41		1.4733811430581
1376		5.42		1.4580867859645
1377		5.43		1.4433208385617
1378		5.44		1.4330733312612
1379		5.45		1.4077048650667
1380		5.46		1.3646632771453
1381		5.47		1.3171632025112
1382		5.48		1.2680107880865
1383		5.49		1.2155074886417
1384		5.5			1.1552588206429
1385		5.51		1.0910807770639
1386		5.52		1.0315409005385
1387		5.53		0.87822905700252
1388		5.54		0.72331351864942
1389		5.55		0.57629723188279
1390		5.56		0.43880334305205
1391		5.57		0.32065200980214
1392		5.58		0.2057291481692
1393		5.59		0.12590514804095
1394		5.6			0.020181646102174
1395		5.61		-0.21007209045802
1396		5.62		-0.93573011842691
1397		5.63		-1.8586863743914
1398		5.64		-3.1571272427474
