0	-9.4	11.037774717238
1	-8.67	10.307774717238
2	-8.49	10.127774717238
3	-8.47	10.107774717238
4	-8.41	10.047774717238
5	-8.36	9.9977747172383
6	-8.32	9.9577747172383
7	-8.28	9.9177747172383
8	-8.24	10.178804712902
9	-8.21	9.8477747172383
10	-8.17	9.8077747172383
11	-8.16	10.098804712902
12	-8.13	10.068804712902
13	-8.12	10.058804712902
14	-8.1	9.7377747172383
15	-8.09	9.7277747172383
16	-8.07	10.008804712902
17	-8.06	10.174895971958
18	-8.05	9.9888047129023
19	-8.03	9.9688047129023
20	-8	9.9388047129023
21	-7.99	9.9288047129024
22	-7.98	10.219834708566
23	-7.96	10.074895971958
24	-7.95	9.5877747172384
25	-7.92	10.034895971958
26	-7.91	10.024895971958
27	-7.89	10.129834708566
28	-7.88	10.119834708566
29	-7.87	9.984895971958
30	-7.86	9.974895971958
31	-7.85	9.964895971958
32	-7.84	9.7788047129024
33	-7.83	9.7688047129024
34	-7.82	9.934895971958
35	-7.81	10.049834708566
36	-7.8	10.039834708566
37	-7.79	9.4277747172384
38	-7.78	9.894895971958
39	-7.77	10.185925967622
40	-7.76	9.6988047129024
41	-7.75	9.9898347085663
42	-7.74	9.6788047129024
43	-7.73	10.066744721574
44	-7.72	9.834895971958
45	-7.71	9.6488047129024
46	-7.7	9.9398347085663
47	-7.69	10.23086470423
48	-7.68	9.7948959719581
49	-7.67	10.006744721574
50	-7.66	9.5988047129024
51	-7.65	9.9867447215744
52	-7.64	10.356955963286
53	-7.63	10.045925967622
54	-7.62	9.734895971958
55	-7.61	10.202017226678
56	-7.6	9.8398347085663
57	-7.59	10.306955963286
58	-7.58	10.062872757253
59	-7.57	10.249167402397
60	-7.56	10.10086470423
61	-7.55	10.187774717238
62	-7.54	10.177774717238
63	-7.53	10.122017226678
64	-7.52	10.06086470423
65	-7.51	10.261718069545
66	-7.5	10.092017226678
67	-7.49	10.206955963286
68	-7.48	10.159167402397
69	-7.47	10.221718069545
70	-7.46	10.097774717238
71	-7.45	10.318223638617
72	-7.44	10.253865976294
73	-7.43	10.298223638617
74	-7.42	10.233865976294
75	-7.41	10.326528318191
76	-7.4	10.338804712902
77	-7.39	10.306528318191
78	-7.38	10.273047222342
79	-7.37	10.38798595895
80	-7.36	10.173865976294
81	-7.35	10.288804712902
82	-7.34	10.440172715137
83	-7.33	10.524077218006
84	-7.32	10.161894699894
85	-7.31	10.466288657116
86	-7.3	10.481842761589
87	-7.29	10.419136411073
88	-7.28	10.422924695558
89	-7.27	10.520558573958
90	-7.26	10.416288657116
91	-7.25	10.444077218006
92	-7.24	10.479834708566
93	-7.23	10.435976441305
94	-7.22	10.590168477061
95	-7.21	10.51053254892
96	-7.2	10.471243172818
97	-7.19	10.517970797267
98	-7.18	10.573649572911
99	-7.17	10.555962744245
100	-7.16	10.623849519939
101	-7.15	10.613849519939
102	-7.14	10.616623807976
103	-7.13	10.606623807976
104	-7.12	10.596623807976
105	-7.11	10.656259736117
106	-7.1	10.710902570838
107	-7.09	10.498626728881
108	-7.08	10.53731865278
109	-7.07	10.6320540033
110	-7.06	10.697774717238
111	-7.05	10.513849519939
112	-7.04	10.682096091021
113	-7.03	10.659000792931
114	-7.02	10.662096091021
115	-7.01	10.754984686886
116	-7	10.713321678631
117	-6.99	10.636374889
118	-6.98	10.75765380364
119	-6.97	10.775092051987
120	-6.96	10.708364427538
121	-6.95	10.847846105223
122	-6.94	10.773674369648
123	-6.93	10.738036432633
124	-6.92	10.761894699894
125	-6.91	10.793287385053
126	-6.9	10.855838052201
127	-6.89	10.860213177154
128	-6.88	10.796528318191
129	-6.87	10.819528578294
130	-6.86	10.844127691689
131	-6.85	10.849502553256
132	-6.84	10.870471670498
133	-6.83	10.870895238414
134	-6.82	10.86770784057
135	-6.81	10.899561152763
136	-6.8	10.881819513156
137	-6.79	10.923319054785
138	-6.78	10.918833979456
139	-6.77	10.956777979264
140	-6.76	10.93433315981
141	-6.75	10.931842761589
142	-6.74	10.979834708566
143	-6.73	10.994115084613
144	-6.72	10.963079763379
145	-6.71	11.025381669959
146	-6.7	11.012635857976
147	-6.69	11.046276406106
148	-6.68	11.050168477061
149	-6.67	11.052067700361
150	-6.66	11.058950530394
151	-6.65	11.080866317415
152	-6.64	11.034410825484
153	-6.63	11.037890012025
154	-6.62	11.116311914808
155	-6.61	11.115242205097
156	-6.6	11.115721668868
157	-6.59	11.125401808529
158	-6.58	11.115401808529
159	-6.57	11.134631426188
160	-6.56	11.144717987936
161	-6.55	11.180328235071
162	-6.54	11.165440982165
163	-6.53	11.173812672236
164	-6.52	11.216200741695
165	-6.51	11.189167402397
166	-6.5	11.214050972643
167	-6.49	11.216265187421
168	-6.48	11.221920267792
169	-6.47	11.229006172388
170	-6.46	11.271252360691
171	-6.45	11.279784309892
172	-6.44	11.261329250857
173	-6.43	11.292825413376
174	-6.42	11.288989365201
175	-6.41	11.28632260492
176	-6.4	11.300937182201
177	-6.39	11.320695016838
178	-6.38	11.332905034422
179	-6.37	11.339404434868
180	-6.36	11.346079580287
181	-6.35	11.358102725018
182	-6.34	11.367649275629
183	-6.33	11.3601198726
184	-6.32	11.395525280059
185	-6.31	11.413900587657
186	-6.3	11.402115201866
187	-6.29	11.424289235936
188	-6.28	11.41992861011
189	-6.27	11.449353961185
190	-6.26	11.457322272819
191	-6.25	11.460414014281
192	-6.24	11.458243501189
193	-6.23	11.476300750816
194	-6.22	11.479988740205
195	-6.21	11.503777037921
196	-6.2	11.503824455719
197	-6.19	11.528737895398
198	-6.18	11.530508576308
199	-6.17	11.557897244022
200	-6.16	11.555701900352
201	-6.15	11.558111158334
202	-6.14	11.581231832887
203	-6.13	11.582887375428
204	-6.12	11.59321161204
205	-6.11	11.596394834673
206	-6.1	11.622173542795
207	-6.09	11.628141845895
208	-6.08	11.638732423194
209	-6.07	11.643533820984
210	-6.06	11.655046697231
211	-6.05	11.665269686311
212	-6.04	11.666912941454
213	-6.03	11.685350585629
214	-6.02	11.691037593123
215	-6.01	11.703382368947
216	-6	11.719194041373
217	-5.99	11.72986524275
218	-5.98	11.731383868311
219	-5.97	11.742174973157
220	-5.96	11.749236504363
221	-5.95	11.757478534233
222	-5.94	11.769951743351
223	-5.93	11.780627907185
224	-5.92	11.795720393848
225	-5.91	11.807105742156
226	-5.9	11.816002274833
227	-5.89	11.821093066699
228	-5.88	11.841191838589
229	-5.87	11.836643391091
230	-5.86	11.850439516889
231	-5.85	11.863438331199
232	-5.84	11.87965753956
233	-5.83	11.881392958925
234	-5.82	11.891688492329
235	-5.81	11.90339604127
236	-5.8	11.912719052704
237	-5.79	11.919738402134
238	-5.78	11.931977021949
239	-5.77	11.943524417524
240	-5.76	11.947390956757
241	-5.75	11.963297394228
242	-5.74	11.970872401413
243	-5.73	11.977966270807
244	-5.72	11.993399184835
245	-5.71	12.000842442054
246	-5.7	12.013470590105
247	-5.69	12.023833901436
248	-5.68	12.030247635135
249	-5.67	12.040875640166
250	-5.66	12.052604485872
251	-5.65	12.061275925729
252	-5.64	12.072423067745
253	-5.63	12.081168872299
254	-5.62	12.090194207169
255	-5.61	12.101381681093
256	-5.6	12.111444009945
257	-5.59	12.120403507551
258	-5.58	12.13036871499
259	-5.57	12.140856879608
260	-5.56	12.154466483803
261	-5.55	12.162939892805
262	-5.54	12.171078655158
263	-5.53	12.182631137283
264	-5.52	12.19259962462
265	-5.51	12.200445578241
266	-5.5	12.214338706702
267	-5.49	12.222717269369
268	-5.48	12.232912405978
269	-5.47	12.241508375785
270	-5.46	12.251641389062
271	-5.45	12.261706515764
272	-5.44	12.272674619124
273	-5.43	12.282120429943
274	-5.42	12.29442028693
275	-5.41	12.30220435622
276	-5.4	12.310045761009
277	-5.39	12.323566053161
278	-5.38	12.332313941407
279	-5.37	12.342121892316
280	-5.36	12.352610854387
281	-5.35	12.362871092334
282	-5.34	12.372226398065
283	-5.33	12.380559394496
284	-5.32	12.393005734715
285	-5.31	12.401794396205
286	-5.3	12.411339050521
287	-5.29	12.421308048714
288	-5.28	12.433792860446
289	-5.27	12.442384569581
290	-5.26	12.451640759967
291	-5.25	12.462068798356
292	-5.24	12.472087694923
293	-5.23	12.481234910886
294	-5.22	12.491865888245
295	-5.21	12.50113004216
296	-5.2	12.511400080767
297	-5.19	12.521637032412
298	-5.18	12.531860432184
299	-5.17	12.540827461061
300	-5.16	12.552121523741
301	-5.15	12.560926804683
302	-5.14	12.572467663512
303	-5.13	12.581392395803
304	-5.12	12.591888826721
305	-5.11	12.601924020303
306	-5.1	12.611089505166
307	-5.09	12.620764268752
308	-5.08	12.630959976816
309	-5.07	12.642968996906
310	-5.06	12.652330770593
311	-5.05	12.661028682732
312	-5.04	12.671486427911
313	-5.03	12.682401506542
314	-5.02	12.691946583868
315	-5.01	12.700817416431
316	-5	12.712084551191
317	-4.99	12.720916822916
318	-4.98	12.732111762735
319	-4.97	12.742264519036
320	-4.96	12.752187733942
321	-4.95	12.761935451069
322	-4.94	12.772258532557
323	-4.93	12.781805090633
324	-4.92	12.791919299221
325	-4.91	12.802299592687
326	-4.9	12.811909234097
327	-4.89	12.821553243927
328	-4.88	12.831904964501
329	-4.87	12.842347480939
330	-4.86	12.85187143412
331	-4.85	12.861957562669
332	-4.84	12.872062455982
333	-4.83	12.881286546339
334	-4.82	12.891735982446
335	-4.81	12.902355262926
336	-4.8	12.912065737655
337	-4.79	12.922217075191
338	-4.78	12.931824272938
339	-4.77	12.941846663071
340	-4.76	12.951796138031
341	-4.75	12.961739503869
342	-4.74	12.971840705707
343	-4.73	12.981846516919
344	-4.72	12.991977821762
345	-4.71	13.001700528541
346	-4.7	13.012104371461
347	-4.69	13.021755662936
348	-4.68	13.031819073549
349	-4.67	13.041685373018
350	-4.66	13.051617279538
351	-4.65	13.062148451657
352	-4.64	13.071935002356
353	-4.63	13.081911060718
354	-4.62	13.091818763104
355	-4.61	13.101931190208
356	-4.6	13.111949637195
357	-4.59	13.121884496456
358	-4.58	13.131677855626
359	-4.57	13.142011755643
360	-4.56	13.151578560805
361	-4.55	13.161703843753
362	-4.54	13.171850322696
363	-4.53	13.181630327079
364	-4.52	13.191853802925
365	-4.51	13.201948813033
366	-4.5	13.211681184463
367	-4.49	13.221701641187
368	-4.48	13.231780002204
369	-4.47	13.241937061103
370	-4.46	13.25194994217
371	-4.45	13.261849825357
372	-4.44	13.271680398525
373	-4.43	13.281726923215
374	-4.42	13.29169253416
375	-4.41	13.301965641516
376	-4.4	13.311496251061
377	-4.39	13.321726517956
378	-4.38	13.331726026587
379	-4.37	13.341779928321
380	-4.36	13.351707942794
381	-4.35	13.361586543583
382	-4.34	13.371707491542
383	-4.33	13.381667835168
384	-4.32	13.391701668558
385	-4.31	13.401772395347
386	-4.3	13.411687058315
387	-4.29	13.421627385585
388	-4.28	13.431619606098
389	-4.27	13.441535200212
390	-4.26	13.451529511031
391	-4.25	13.461610832883
392	-4.24	13.471716572107
393	-4.23	13.481642268451
394	-4.22	13.491509253209
395	-4.21	13.501501526734
396	-4.2	13.511498741042
397	-4.19	13.521520215591
398	-4.18	13.531568547325
399	-4.17	13.541372312016
400	-4.16	13.551553815454
401	-4.15	13.56140821099
402	-4.14	13.571447854523
403	-4.13	13.581483733758
404	-4.12	13.591418394629
405	-4.11	13.601346752398
406	-4.1	13.611408374958
407	-4.09	13.621344720636
408	-4.08	13.631281875933
409	-4.07	13.641310412557
410	-4.06	13.651249212374
411	-4.05	13.661277145334
412	-4.04	13.671275412534
413	-4.03	13.681200547403
414	-4.02	13.691065851918
415	-4.01	13.7010826689
416	-4	13.711055587902
417	-3.99	13.721009153099
418	-3.98	13.731081823323
419	-3.97	13.740987613167
420	-3.96	13.750918537123
421	-3.95	13.760905829664
422	-3.94	13.770853528519
423	-3.93	13.780775882616
424	-3.92	13.790732381978
425	-3.91	13.800682679357
426	-3.9	13.810613546687
427	-3.89	13.820536281187
428	-3.88	13.830528361
429	-3.87	13.840450043418
430	-3.86	13.850393838855
431	-3.85	13.860355939751
432	-3.84	13.870209400534
433	-3.83	13.88019072914
434	-3.82	13.890050501789
435	-3.81	13.899975710675
436	-3.8	13.909947351599
437	-3.79	13.919809103712
438	-3.78	13.929739369199
439	-3.77	13.93961924571
440	-3.76	13.949524780988
441	-3.75	13.959403399766
442	-3.74	13.969283556189
443	-3.73	13.979196257783
444	-3.72	13.989049720926
445	-3.71	13.998926139213
446	-3.7	14.008785617559
447	-3.69	14.018600692102
448	-3.68	14.028468035294
449	-3.67	14.038289931102
450	-3.66	14.048112664732
451	-3.65	14.057950075444
452	-3.64	14.067775158255
453	-3.63	14.077585505387
454	-3.62	14.087371169603
455	-3.61	14.097155365298
456	-3.6	14.10695392231
457	-3.59	14.116707691822
458	-3.58	14.126481354725
459	-3.57	14.136229703267
460	-3.56	14.145957163091
461	-3.55	14.15566755947
462	-3.54	14.165391247237
463	-3.53	14.175106905304
464	-3.52	14.184770483324
465	-3.51	14.1944148493
466	-3.5	14.204070627528
467	-3.49	14.213719944143
468	-3.48	14.223351143726
469	-3.47	14.232923724045
470	-3.46	14.242518443127
471	-3.45	14.252093127048
472	-3.44	14.261603009995
473	-3.43	14.27113299094
474	-3.42	14.280627240896
475	-3.41	14.2901044109
476	-3.4	14.299539821112
477	-3.39	14.308960458053
478	-3.38	14.318369516212
479	-3.37	14.327740530214
480	-3.36	14.337051022857
481	-3.35	14.346369798512
482	-3.34	14.35563459069
483	-3.33	14.364881823333
484	-3.32	14.37410020309
485	-3.31	14.383260798542
486	-3.3	14.392375060672
487	-3.29	14.40146004932
488	-3.28	14.410520407033
489	-3.27	14.419516200303
490	-3.26	14.428465904628
491	-3.25	14.437369463365
492	-3.24	14.446230932662
493	-3.23	14.455019441056
494	-3.22	14.463774694248
495	-3.21	14.472459563862
496	-3.2	14.481094123835
497	-3.19	14.489652676872
498	-3.18	14.498147935025
499	-3.17	14.506574686497
500	-3.16	14.514934958207
501	-3.15	14.523205526019
502	-3.14	14.531410403919
503	-3.13	14.539533330656
504	-3.12	14.547558184969
505	-3.11	14.555490150425
506	-3.1	14.563347826276
507	-3.09	14.57107672963
508	-3.08	14.578734432579
509	-3.07	14.586269230664
510	-3.06	14.593697771605
511	-3.05	14.601005552925
512	-3.04	14.608197730662
513	-3.03	14.615254161653
514	-3.02	14.622177919187
515	-3.01	14.628962057592
516	-3	14.635595952643
517	-2.99	14.642102158972
518	-2.98	14.648426562707
519	-2.97	14.654594223515
520	-2.96	14.660601990743
521	-2.95	14.66641867172
522	-2.94	14.672056504242
523	-2.93	14.677494556194
524	-2.92	14.682735463865
525	-2.91	14.687770104087
526	-2.9	14.692586915982
527	-2.89	14.697172428089
528	-2.88	14.70152518275
529	-2.87	14.705630622264
530	-2.86	14.709480776342
531	-2.85	14.713075905217
532	-2.84	14.716383575109
533	-2.83	14.719412715892
534	-2.82	14.72215062046
535	-2.81	14.724577924983
536	-2.8	14.726683848886
537	-2.79	14.728457650342
538	-2.78	14.729899695558
539	-2.77	14.730984659833
540	-2.76	14.731699176131
541	-2.75	14.732044751031
542	-2.74	14.73198974494
543	-2.73	14.731533540318
544	-2.72	14.730663996885
545	-2.71	14.729359902351
546	-2.7	14.727614510982
547	-2.69	14.725409398234
548	-2.68	14.722735042404
549	-2.67	14.71957348532
550	-2.66	14.715914961569
551	-2.65	14.711741456502
552	-2.64	14.7070430227
553	-2.63	14.701799503951
554	-2.62	14.696006121712
555	-2.61	14.68964049493
556	-2.6	14.682694481132
557	-2.59	14.675150706296
558	-2.58	14.666996338473
559	-2.57	14.658215096235
560	-2.56	14.648799665714
561	-2.55	14.638717985174
562	-2.54	14.627977826901
563	-2.53	14.616566132921
564	-2.52	14.604457052055
565	-2.51	14.591639884685
566	-2.5	14.578098674588
567	-2.49	14.563828099988
568	-2.48	14.548808426322
569	-2.47	14.533024913682
570	-2.46	14.516473231359
571	-2.45	14.499130410581
572	-2.44	14.480988817488
573	-2.43	14.462020022436
574	-2.42	14.442223890154
575	-2.41	14.421589240709
576	-2.4	14.400092246898
577	-2.39	14.377725661951
578	-2.38	14.354455650412
579	-2.37	14.330291896749
580	-2.36	14.305208970056
581	-2.35	14.279187726622
582	-2.34	14.252239194741
583	-2.33	14.224307288359
584	-2.32	14.195404426648
585	-2.31	14.165516004981
586	-2.3	14.134613175829
587	-2.29	14.102706033265
588	-2.28	14.069759203793
589	-2.27	14.035759952518
590	-2.26	14.000709822913
591	-2.25	13.964568213495
592	-2.24	13.927343877631
593	-2.23	13.889013266853
594	-2.22	13.849557512529
595	-2.21	13.808967231101
596	-2.2	13.767211115188
597	-2.19	13.72426721172
598	-2.18	13.680140722142
599	-2.17	13.634807437449
600	-2.16	13.588233132742
601	-2.15	13.540412069544
602	-2.14	13.491301769943
603	-2.13	13.440928312502
604	-2.12	13.389246657859
605	-2.11	13.336247095061
606	-2.1	13.281897972294
607	-2.09	13.226223398135
608	-2.08	13.169226883352
609	-2.07	13.11088575507
610	-2.06	13.051230000234
611	-2.05	12.990244168315
612	-2.04	12.927945571914
613	-2.03	12.864362004974
614	-2.02	12.799528605696
615	-2.01	12.733497514865
616	-2	12.666315655281
617	-1.99	12.59799444375
618	-1.98	12.528696197435
619	-1.97	12.458414404265
620	-1.96	12.387364371124
621	-1.95	12.315621949725
622	-1.94	12.243397577666
623	-1.93	12.170893632524
624	-1.92	12.098446016192
625	-1.91	12.026237317454
626	-1.9	11.954808296136
627	-1.89	11.884413491804
628	-1.88	11.815669331332
629	-1.87	11.748925588096
630	-1.86	11.684696321875
631	-1.85	11.623552105048
632	-1.84	11.565807991834
633	-1.83	11.51195440097
634	-1.82	11.461759266117
635	-1.81	11.415737321577
636	-1.8	11.373606997844
637	-1.79	11.33516795874
638	-1.78	11.300137397691
639	-1.77	11.268075133246
640	-1.76	11.238640582553
641	-1.75	11.211446772693
642	-1.74	11.185951147856
643	-1.73	11.162130970731
644	-1.72	11.139473292508
645	-1.71	11.117665403799
646	-1.7	11.096745651514
647	-1.69	11.076223103281
648	-1.68	11.056299933789
649	-1.67	11.036684356909
650	-1.66	11.017379962587
651	-1.65	10.998312213482
652	-1.64	10.979394987166
653	-1.63	10.960699027415
654	-1.62	10.942178282639
655	-1.61	10.9239089246
656	-1.6	10.90571262295
657	-1.59	10.887617527694
658	-1.58	10.869478654384
659	-1.57	10.851726279229
660	-1.56	10.833939038976
661	-1.55	10.816267272916
662	-1.54	10.798635927745
663	-1.53	10.78113161275
664	-1.52	10.76391657386
665	-1.51	10.746587430431
666	-1.5	10.729271911041
667	-1.49	10.71221591502
668	-1.48	10.695054028462
669	-1.47	10.678167390921
670	-1.46	10.661235689349
671	-1.45	10.644627217212
672	-1.44	10.627823125001
673	-1.43	10.611095616695
674	-1.42	10.594413850288
675	-1.41	10.578015434476
676	-1.4	10.561303488149
677	-1.39	10.545080904061
678	-1.38	10.528576233932
679	-1.37	10.512230056316
680	-1.36	10.495780289241
681	-1.35	10.479441486831
682	-1.34	10.463125018227
683	-1.33	10.446926336905
684	-1.32	10.430622987466
685	-1.31	10.414330853079
686	-1.3	10.398161068756
687	-1.29	10.382014831814
688	-1.28	10.365604547597
689	-1.27	10.349757538532
690	-1.26	10.333492071724
691	-1.25	10.317526157712
692	-1.24	10.301310603036
693	-1.23	10.285326187079
694	-1.22	10.26921019614
695	-1.21	10.253100207551
696	-1.2	10.237080118516
697	-1.19	10.221003698092
698	-1.18	10.205019155185
699	-1.17	10.188862962957
700	-1.16	10.17305371432
701	-1.15	10.15690777241
702	-1.14	10.141053346917
703	-1.13	10.124912359777
704	-1.12	10.10925732243
705	-1.11	10.093134350154
706	-1.1	10.077313624794
707	-1.09	10.061356733114
708	-1.08	10.045488544874
709	-1.07	10.029712684174
710	-1.06	10.013761552984
711	-1.05	9.9978405784841
712	-1.04	9.9821359283661
713	-1.03	9.9659948339938
714	-1.02	9.9503053265885
715	-1.01	9.9343556639023
716	-1	9.9186171803414
717	-0.99	9.9029100374059
718	-0.98	9.8874624881649
719	-0.97	9.8717192265255
720	-0.96	9.8561859595818
721	-0.95	9.8408016495497
722	-0.94	9.8251154898295
723	-0.93	9.810025284525
724	-0.92	9.7940151766114
725	-0.91	9.7785708842494
726	-0.9	9.7628805826017
727	-0.89	9.7472316343315
728	-0.88	9.7315747403057
729	-0.87	9.7159603128803
730	-0.86	9.7002266054355
731	-0.85	9.6848146233452
732	-0.84	9.6692063920332
733	-0.83	9.6536624420436
734	-0.82	9.6381378978896
735	-0.81	9.6225362465391
736	-0.8	9.6068990002772
737	-0.79	9.5916299911578
738	-0.78	9.5761569029355
739	-0.77	9.560997776129
740	-0.76	9.5456486700448
741	-0.75	9.5303336127613
742	-0.74	9.5154415219938
743	-0.73	9.5006139119903
744	-0.72	9.4856713159734
745	-0.71	9.4704297483115
746	-0.7	9.4557178868609
747	-0.69	9.4406750458176
748	-0.68	9.4253395775834
749	-0.67	9.4103611881199
750	-0.66	9.3948376791989
751	-0.65	9.3798601541291
752	-0.64	9.3648493349376
753	-0.63	9.3498619996128
754	-0.62	9.3348521841207
755	-0.61	9.3194761971866
756	-0.6	9.3042236069503
757	-0.59	9.2887967978553
758	-0.58	9.2733375463432
759	-0.57	9.257704051042
760	-0.56	9.2421551548385
761	-0.55	9.2269028614928
762	-0.54	9.2110530803769
763	-0.53	9.1959287981332
764	-0.52	9.180392107674
765	-0.51	9.16485060696
766	-0.5	9.1491169588533
767	-0.49	9.1336588430738
768	-0.48	9.1182117883457
769	-0.47	9.1028289287065
770	-0.46	9.086942864128
771	-0.45	9.0713230678931
772	-0.44	9.0557523333591
773	-0.43	9.040120460362
774	-0.42	9.0248574497379
775	-0.41	9.0093835378266
776	-0.4	8.9942337491289
777	-0.39	8.9790736627533
778	-0.38	8.9638236970753
779	-0.37	8.948614660958
780	-0.36	8.9336832932663
781	-0.35	8.9190908851371
782	-0.34	8.9042302509486
783	-0.33	8.8891581210865
784	-0.32	8.8743160949431
785	-0.31	8.8598008452284
786	-0.3	8.844798910404
787	-0.29	8.8299492788019
788	-0.28	8.8151296570225
789	-0.27	8.8004206908048
790	-0.26	8.7852251309236
791	-0.25	8.7703497966166
792	-0.24	8.7557288015925
793	-0.23	8.740673202996
794	-0.22	8.7259088096401
795	-0.21	8.7113804310578
796	-0.2	8.6971328092236
797	-0.19	8.6825195695179
798	-0.18	8.6681883067423
799	-0.17	8.6533249325408
800	-0.16	8.6386642822574
801	-0.15	8.6238352007681
802	-0.14	8.6090099198206
803	-0.13	8.5943339093852
804	-0.12	8.5795579092173
805	-0.11	8.564144562632
806	-0.1	8.5489502968586
807	-0.09	8.5337137945618
808	-0.08	8.5187956953056
809	-0.07	8.5035026006399
810	-0.06	8.4885163192251
811	-0.05	8.4731916160055
812	-0.04	8.457697383976
813	-0.03	8.442634895423
814	-0.02	8.4270150121296
815	-0.01	8.4119382167828
816	0	8.3970522768739
817	0.01	8.3816687942235
818	0.02	8.3673518911376
819	0.03	8.3521122230446
820	0.04	8.3375597268901
821	0.05	8.3229757838908
822	0.06	8.3084433188043
823	0.07	8.2943888972151
824	0.08	8.2799761040355
825	0.09	8.2659206039411
826	0.1	8.2510763809685
827	0.11	8.2361543956862
828	0.12	8.2216194895936
829	0.13	8.2060994019237
830	0.14	8.1910599381752
831	0.15	8.1754952786547
832	0.16	8.1608419379883
833	0.17	8.1458342499235
834	0.18	8.1316716278761
835	0.19	8.1166462874833
836	0.2	8.1014693307101
837	0.21	8.0864633712886
838	0.22	8.0717425357655
839	0.23	8.0570535814604
840	0.24	8.0417576001337
841	0.25	8.0280781265539
842	0.26	8.0134032047585
843	0.27	7.9982947302174
844	0.28	7.9836821144296
845	0.29	7.968814559245
846	0.3	7.9538870994925
847	0.31	7.9391685160486
848	0.32	7.9242671142436
849	0.33	7.9097985520457
850	0.34	7.8949019880769
851	0.35	7.8805864574489
852	0.36	7.8658012446844
853	0.37	7.8517381058345
854	0.38	7.8369046661628
855	0.39	7.8230057584582
856	0.4	7.8095024107571
857	0.41	7.7955338223434
858	0.42	7.7814724212032
859	0.43	7.7675101031744
860	0.44	7.7531776593505
861	0.45	7.7398855353482
862	0.46	7.7257543415845
863	0.47	7.7123815727882
864	0.48	7.6977746540456
865	0.49	7.6830293311466
866	0.5	7.6681860023817
867	0.51	7.6527243579836
868	0.52	7.6373688375498
869	0.53	7.6220271289378
870	0.54	7.6072619251
871	0.55	7.5928571032199
872	0.56	7.5778976622021
873	0.57	7.5638793909144
874	0.58	7.5494622898297
875	0.59	7.5356531672896
876	0.6	7.521117199954
877	0.61	7.5072401803474
878	0.62	7.4931214433938
879	0.63	7.4780506648806
880	0.64	7.4649358688753
881	0.65	7.4497621877609
882	0.66	7.4353381154737
883	0.67	7.4208363806961
884	0.68	7.4057417986237
885	0.69	7.3915394747921
886	0.7	7.3773319227556
887	0.71	7.3632505407393
888	0.72	7.3485551701385
889	0.73	7.3335428134089
890	0.74	7.3180498766902
891	0.75	7.3034350431552
892	0.76	7.2884259447735
893	0.77	7.2734287146567
894	0.78	7.2583396441405
895	0.79	7.2432393285261
896	0.8	7.2274554457241
897	0.81	7.2123440598796
898	0.82	7.1969150084593
899	0.83	7.1821947444875
900	0.84	7.1674715584567
901	0.85	7.1531719026278
902	0.86	7.1392505893799
903	0.87	7.1245823656859
904	0.88	7.1086252887356
905	0.89	7.0931784454322
906	0.9	7.077204294199
907	0.91	7.0621609062149
908	0.92	7.0459919906212
909	0.93	7.0288897079978
910	0.94	7.0122775239686
911	0.95	6.9958873149629
912	0.96	6.9791845544176
913	0.97	6.9631363858134
914	0.98	6.9465051570678
915	0.99	6.9301026698822
916	1	6.913501275337
917	1.01	6.897771186901
918	1.02	6.8821431434687
919	1.03	6.8648210656441
920	1.04	6.848709955503
921	1.05	6.8335762428541
922	1.06	6.8181587025023
923	1.07	6.8022188529216
924	1.08	6.7867481101814
925	1.09	6.7705444967122
926	1.1	6.7542216979226
927	1.11	6.7388076429002
928	1.12	6.7226507994684
929	1.13	6.7074610709107
930	1.14	6.6918598251774
931	1.15	6.6761879261928
932	1.16	6.6600752168317
933	1.17	6.644453613282
934	1.18	6.6295251514736
935	1.19	6.6131074962527
936	1.2	6.5977961181369
937	1.21	6.5811996082021
938	1.22	6.5664689713762
939	1.23	6.5496228553785
940	1.24	6.532744437855
941	1.25	6.5160527931322
942	1.26	6.4992662769557
943	1.27	6.4829926889653
944	1.28	6.4670906508764
945	1.29	6.4486733327978
946	1.3	6.431308463937
947	1.31	6.4134287801911
948	1.32	6.3966384503635
949	1.33	6.379379497314
950	1.34	6.362426223902
951	1.35	6.3454526100678
952	1.36	6.3295560287223
953	1.37	6.3129779550947
954	1.38	6.2972439625349
955	1.39	6.2807852943608
956	1.4	6.2635130227695
957	1.41	6.2482387597046
958	1.42	6.2306102553598
959	1.43	6.2144653364892
960	1.44	6.1983710282846
961	1.45	6.1821200299341
962	1.46	6.1661891825142
963	1.47	6.148862243302
964	1.48	6.1341338681508
965	1.49	6.1178978788499
966	1.5	6.1035561883049
967	1.51	6.0879785571078
968	1.52	6.0724170760259
969	1.53	6.0566232262392
970	1.54	6.0414798989544
971	1.55	6.0260201699095
972	1.56	6.009532015654
973	1.57	5.9943702570278
974	1.58	5.9795787223898
975	1.59	5.9630273000772
976	1.6	5.9473425129194
977	1.61	5.9321499408804
978	1.62	5.9173369728799
979	1.63	5.9028722496375
980	1.64	5.8882723037346
981	1.65	5.8735728393534
982	1.66	5.8571309806137
983	1.67	5.8419015324432
984	1.68	5.8266747206125
985	1.69	5.8093993229493
986	1.7	5.7948719070907
987	1.71	5.7797689077948
988	1.72	5.7648727244011
989	1.73	5.7490553316806
990	1.74	5.7346132241333
991	1.75	5.7195235885985
992	1.76	5.7046421937855
993	1.77	5.6903344007131
994	1.78	5.6740252997611
995	1.79	5.6582451580479
996	1.8	5.6438766469206
997	1.81	5.6294034062395
998	1.82	5.6133384530592
999	1.83	5.5973744646204
1000	1.84	5.5835933922885
1001	1.85	5.5686261063331
1002	1.86	5.5534157431594
1003	1.87	5.5379961763071
1004	1.88	5.5223483349117
1005	1.89	5.5077309887257
1006	1.9	5.4922874114814
1007	1.91	5.4741185111431
1008	1.92	5.460566597538
1009	1.93	5.4466907734818
1010	1.94	5.4319510508582
1011	1.95	5.4171525506546
1012	1.96	5.4016898907332
1013	1.97	5.3863710603616
1014	1.98	5.3715877113538
1015	1.99	5.3555424098258
1016	2	5.3420367973812
1017	2.01	5.3255130547371
1018	2.02	5.3114093467945
1019	2.03	5.2967628438317
1020	2.04	5.2818225422825
1021	2.05	5.2660526654965
1022	2.06	5.2520027775381
1023	2.07	5.2373491222325
1024	2.08	5.2221327105011
1025	2.09	5.2064708999711
1026	2.1	5.1934518426092
1027	2.11	5.1765522309316
1028	2.12	5.161916782282
1029	2.13	5.1469702512938
1030	2.14	5.1319556390329
1031	2.15	5.1159520687995
1032	2.16	5.10029854388
1033	2.17	5.0868221104424
1034	2.18	5.0721466675688
1035	2.19	5.0548789462354
1036	2.2	5.0428587881421
1037	2.21	5.0285374898336
1038	2.22	5.0127117281687
1039	2.23	4.9985095807396
1040	2.24	4.983278310061
1041	2.25	4.9685104315129
1042	2.26	4.953554693076
1043	2.27	4.9378025026027
1044	2.28	4.922595774476
1045	2.29	4.9080460921379
1046	2.3	4.8923922689037
1047	2.31	4.879558847003
1048	2.32	4.8628751543949
1049	2.33	4.8486832822757
1050	2.34	4.8334611710619
1051	2.35	4.819445192535
1052	2.36	4.8035280775438
1053	2.37	4.7895310994275
1054	2.38	4.7741262868472
1055	2.39	4.7589706810746
1056	2.4	4.7446692223383
1057	2.41	4.7297454517301
1058	2.42	4.7162437940467
1059	2.43	4.6995131031948
1060	2.44	4.6848197164376
1061	2.45	4.6707682866935
1062	2.46	4.6564609519454
1063	2.47	4.6405998878544
1064	2.48	4.625567747024
1065	2.49	4.6103898081096
1066	2.5	4.5958230364127
1067	2.51	4.5803967106288
1068	2.52	4.5654195059402
1069	2.53	4.5516366960704
1070	2.54	4.5363123196108
1071	2.55	4.5211780855921
1072	2.56	4.5060326519444
1073	2.57	4.49094355853
1074	2.58	4.4749207751273
1075	2.59	4.461351067318
1076	2.6	4.4467130634043
1077	2.61	4.4320455381855
1078	2.62	4.4169446418634
1079	2.63	4.4018129210656
1080	2.64	4.3885756313327
1081	2.65	4.3750381526127
1082	2.66	4.3585827036945
1083	2.67	4.343630292645
1084	2.68	4.3287815891941
1085	2.69	4.3157899669123
1086	2.7	4.299447790934
1087	2.71	4.2852826792261
1088	2.72	4.2692076721672
1089	2.73	4.2560581571604
1090	2.74	4.2395731448246
1091	2.75	4.2238700512679
1092	2.76	4.2082676305016
1093	2.77	4.1902669113158
1094	2.78	4.1756584510048
1095	2.79	4.1627073917733
1096	2.8	4.1470939547871
1097	2.81	4.1307222266076
1098	2.82	4.1145956114446
1099	2.83	4.101753466462
1100	2.84	4.0866764595206
1101	2.85	4.070890426388
1102	2.86	4.0542204361329
1103	2.87	4.0395582591338
1104	2.88	4.0251130888455
1105	2.89	4.0102566573936
1106	2.9	3.9961150268082
1107	2.91	3.9799770323588
1108	2.92	3.9637116019512
1109	2.93	3.9515194702063
1110	2.94	3.9347525992987
1111	2.95	3.9197690179331
1112	2.96	3.9040806976592
1113	2.97	3.8877205686066
1114	2.98	3.8739300590438
1115	2.99	3.8565626184727
1116	3	3.8413107242377
1117	3.01	3.825237227312
1118	3.02	3.808806326087
1119	3.03	3.7924718250709
1120	3.04	3.7764063926316
1121	3.05	3.7628166122018
1122	3.06	3.7443853795278
1123	3.07	3.7272336241106
1124	3.08	3.7144601320703
1125	3.09	3.6993008485984
1126	3.1	3.6809519569881
1127	3.11	3.6676978602654
1128	3.12	3.6514732633541
1129	3.13	3.6377576915157
1130	3.14	3.6209727922704
1131	3.15	3.6046347303041
1132	3.16	3.5875725494198
1133	3.17	3.5709316445388
1134	3.18	3.557790098665
1135	3.19	3.5407759139231
1136	3.2	3.526859898095
1137	3.21	3.5100034032826
1138	3.22	3.4926240577345
1139	3.23	3.4772763150175
1140	3.24	3.460954150266
1141	3.25	3.4464588120734
1142	3.26	3.4289156583452
1143	3.27	3.4094594659104
1144	3.28	3.3982385989734
1145	3.29	3.3799500941998
1146	3.3	3.3623753058891
1147	3.31	3.3508213013139
1148	3.32	3.3322700544248
1149	3.33	3.3141337772277
1150	3.34	3.298143710748
1151	3.35	3.2829973555277
1152	3.36	3.265892020942
1153	3.37	3.2499464130534
1154	3.38	3.2343906029939
1155	3.39	3.220579039575
1156	3.4	3.1997176003798
1157	3.41	3.1839719716122
1158	3.42	3.1674817894782
1159	3.43	3.1499862205847
1160	3.44	3.1358338861745
1161	3.45	3.1153093213617
1162	3.46	3.1035919881945
1163	3.47	3.0877936332673
1164	3.48	3.0689856103759
1165	3.49	3.0533439500503
1166	3.5	3.0347416191715
1167	3.51	3.0150262010971
1168	3.52	2.9990623460068
1169	3.53	2.9837383749873
1170	3.54	2.9618881062885
1171	3.55	2.9424571868758
1172	3.56	2.9288984749831
1173	3.57	2.9150141249464
1174	3.58	2.8932496729913
1175	3.59	2.8761187655714
1176	3.6	2.8611511213195
1177	3.61	2.845604416984
1178	3.62	2.8292290689946
1179	3.63	2.8132212002268
1180	3.64	2.7970187460822
1181	3.65	2.7793530946927
1182	3.66	2.7618711147374
1183	3.67	2.7481064336001
1184	3.68	2.725279363584
1185	3.69	2.7070647502627
1186	3.7	2.6921459904325
1187	3.71	2.6758076113685
1188	3.72	2.6562540181522
1189	3.73	2.6316570853186
1190	3.74	2.6180911654514
1191	3.75	2.6015339861399
1192	3.76	2.5824484753379
1193	3.77	2.5621254064603
1194	3.78	2.5465948311776
1195	3.79	2.5278744326951
1196	3.8	2.5108417253685
1197	3.81	2.4982896010696
1198	3.82	2.4866636022653
1199	3.83	2.4632877135961
1200	3.84	2.4540167015674
1201	3.85	2.4326759137655
1202	3.86	2.4155745463584
1203	3.87	2.3958774295715
1204	3.88	2.3797813902452
1205	3.89	2.3627878702054
1206	3.9	2.3364339312665
1207	3.91	2.3180814319417
1208	3.92	2.2969178288822
1209	3.93	2.2758238245397
1210	3.94	2.2625591017424
1211	3.95	2.2404550982918
1212	3.96	2.2178538060425
1213	3.97	2.1969097947391
1214	3.98	2.1805188103572
1215	3.99	2.1654455712278
1216	4	2.1535823524764
1217	4.01	2.1272280975517
1218	4.02	2.1089962934777
1219	4.03	2.0920603171884
1220	4.04	2.0779398181255
1221	4.05	2.0587728868992
1222	4.06	2.0382666280937
1223	4.07	2.0246719046877
1224	4.08	2.0079930234384
1225	4.09	1.9856995968698
1226	4.1	1.9706959285716
1227	4.11	1.9518719566389
1228	4.12	1.9366226764884
1229	4.13	1.9129502634564
1230	4.14	1.9005689658793
1231	4.15	1.8763909381898
1232	4.16	1.852119733463
1233	4.17	1.835391509373
1234	4.18	1.8164327858579
1235	4.19	1.7980808961175
1236	4.2	1.7770472360943
1237	4.21	1.7603141641285
1238	4.22	1.7388136099644
1239	4.23	1.7213888768165
1240	4.24	1.7046713147777
1241	4.25	1.6851412309981
1242	4.26	1.6546958493041
1243	4.27	1.6404515949667
1244	4.28	1.615501277797
1245	4.29	1.5886732573619
1246	4.3	1.5713545739174
1247	4.31	1.5488497338501
1248	4.32	1.5340462102085
1249	4.33	1.5151397547074
1250	4.34	1.4964867746988
1251	4.35	1.4844758296718
1252	4.36	1.4593038993449
1253	4.37	1.4460032281741
1254	4.38	1.4157147732031
1255	4.39	1.4016200573193
1256	4.4	1.3870862231463
1257	4.41	1.3631300266472
1258	4.42	1.3414957236784
1259	4.43	1.3214173000101
1260	4.44	1.2899337136296
1261	4.45	1.2807408548327
1262	4.46	1.2588698737997
1263	4.47	1.2371837879102
1264	4.48	1.2169972297681
1265	4.49	1.2010452839197
1266	4.5	1.182236078049
1267	4.51	1.161881546946
1268	4.52	1.1333440236683
1269	4.53	1.1172681055259
1270	4.54	1.0983823043013
1271	4.55	1.0769129414542
1272	4.56	1.0529766794962
1273	4.57	1.0335406814211
1274	4.58	1.0233996843476
1275	4.59	0.9983829420226
1276	4.6	0.98304629874608
1277	4.61	0.96669452948314
1278	4.62	0.94958842119751
1279	4.63	0.91759808688928
1280	4.64	0.89148101030309
1281	4.65	0.87707641974468
1282	4.66	0.84109757735883
1283	4.67	0.81442104581549
1284	4.68	0.79593090199052
1285	4.69	0.77137934559353
1286	4.7	0.74524209292265
1287	4.71	0.71239200987125
1288	4.72	0.68670865942515
1289	4.73	0.68090264127171
1290	4.74	0.64261511402375
1291	4.75	0.6405144111737
1292	4.76	0.61782144128987
1293	4.77	0.6157300241451
1294	4.78	0.58831475371549
1295	4.79	0.56285838793333
1296	4.8	0.5415817825127
1297	4.81	0.52674472157439
1298	4.82	0.50226100942711
1299	4.83	0.49369550943291
1300	4.84	0.4626046583815
1301	4.85	0.4344724485377
1302	4.86	0.42603712298641
1303	4.87	0.41112867921523
1304	4.88	0.37780661236467
1305	4.89	0.33683024829075
1306	4.9	0.29923388848032
1307	4.91	0.29609380233349
1308	4.92	0.26726843045339
1309	4.93	0.24659970617627
1310	4.94	0.21391329395545
1311	4.95	0.18594737787495
1312	4.96	0.17081430555602
1313	4.97	0.14023861384536
1314	4.98	0.11822150111909
1315	4.99	0.092443948176897
1316	5	0.083690131189494
1317	5.01	0.064414348931032
1318	5.02	0.050583722271542
1319	5.03	0.0069290511965899
1320	5.04	-0.0037644331534053
1321	5.05	-0.023413869288105
1322	5.06	-0.044736899385495
1323	5.07	-0.077924720416267
1324	5.08	-0.0691292956829
1325	5.09	-0.1157655489131
1326	5.1	-0.12158290520092
1327	5.11	-0.15437079343016
1328	5.12	-0.18930498316162
1329	5.13	-0.20174546943096
1330	5.14	-0.21308244682929
1331	5.15	-0.25767720565266
1332	5.16	-0.24461606845754
1333	5.17	-0.28351654716071
1334	5.18	-0.30392821488623
1335	5.19	-0.32075569233094
1336	5.2	-0.34977132172135
1337	5.21	-0.37411828388822
1338	5.22	-0.38219601620786
1339	5.23	-0.40189358459134
1340	5.24	-0.43698095663632
1341	5.25	-0.45386279066638
1342	5.26	-0.48077550936116
1343	5.27	-0.49171723972341
1344	5.28	-0.50297606519002
1345	5.29	-0.53362991753786
1346	5.3	-0.583044036714
1347	5.31	-0.56842156180567
1348	5.32	-0.60850693241551
1349	5.33	-0.65799802199104
1350	5.34	-0.65261967016665
1351	5.35	-0.69227860108278
1352	5.36	-0.71234964904947
1353	5.37	-0.73571361060745
1354	5.38	-0.74265979453561
1355	5.39	-0.76233071904285
1356	5.4	-0.76265979453565
1357	5.41	-0.81557670355643
1358	5.42	-0.8343016629299
1359	5.43	-0.87262425897748
1360	5.44	-0.8784633219329
1361	5.45	-0.91569906527207
1362	5.46	-0.94600744216999
1363	5.47	-0.91001900532261
1364	5.48	-0.97890242264117
1365	5.49	-1.0028058689647
1366	5.5	-1.0265347112692
1367	5.51	-1.0397163700554
1368	5.52	-1.0976079901288
1369	5.53	-1.0970406930792
1370	5.54	-1.1299035760387
1371	5.55	-1.1555891745158
1372	5.56	-1.1709461787783
1373	5.57	-1.2128939957779
1374	5.58	-1.2042379564282
1375	5.59	-1.2801274248259
1376	5.6	-1.2764835441594
1377	5.61	-1.2882781520101
1378	5.62	-1.3157073022067
1379	5.63	-1.3390127689863
1380	5.64	-1.3519177596297
1381	5.65	-1.4167290609361
1382	5.66	-1.4212523870749
1383	5.67	-1.4456379780899
1384	5.68	-1.4578940583941
1385	5.69	-1.4678940583941
1386	5.7	-1.5244061876884
1387	5.71	-1.5907826542593
1388	5.72	-1.571680272555
1389	5.73	-1.6050869072844
1390	5.74	-1.6136745662612
1391	5.75	-1.6222668033368
1392	5.76	-1.6973436461305
1393	5.77	-1.7155847754233
1394	5.78	-1.7124730027592
1395	5.79	-1.6958592496326
1396	5.8	-1.7893132797915
1397	5.81	-1.7956483257051
1398	5.82	-1.7912901756582
1399	5.83	-1.7891047615858
1400	5.84	-1.8883580623925
1401	5.85	-1.8983580623925
1402	5.86	-1.8877715316107
1403	5.87	-1.9627123385437
1404	5.88	-1.9455600925001
1405	5.89	-2.0453994067298
1406	5.9	-2.077533851944
1407	5.91	-2.0600376783577
1408	5.92	-2.0318052804527
1409	5.93	-2.0963256303524
1410	5.94	-2.0953994067298
1411	5.95	-2.1247045619252
1412	5.96	-2.1208281584412
1413	5.97	-2.1503816948169
1414	5.98	-2.2488035975994
1415	5.99	-2.2518547376441
1416	6	-2.2653152697536
1417	6.01	-2.2616355724624
1418	6.02	-2.3177672935347
1419	6.03	-2.3588015272746
1420	6.04	-2.3728415050764
1421	6.05	-2.3553204314252
1422	6.06	-2.4631838904405
1423	6.07	-2.4977268315181
1424	6.08	-2.4251919434629
1425	6.09	-2.543740263883
1426	6.1	-2.4536251109997
1427	6.11	-2.4899540497221
1428	6.12	-2.4999540497221
1429	6.13	-2.6348927863304
1430	6.14	-2.593740263883
1431	6.15	-2.7268954477509
1432	6.16	-2.5728352761167
1433	6.17	-2.7193119261188
1434	6.18	-2.6848927863304
1435	6.19	-2.7197163700554
1436	6.2	-2.6757345575891
1437	6.21	-2.8820292027331
1438	6.22	-2.8498315229387
1439	6.23	-2.8598315229387
1440	6.24	-2.8946551066637
1441	6.25	-2.812884733308
1442	6.26	-2.9594674510801
1443	6.27	-3.0301652914337
1444	6.28	-3.0511606757351
1445	6.29	-3.0394414260419
1446	6.3	-2.9720292027331
1447	6.31	-3.1159227819943
1448	6.32	-3.1024416861448
1449	6.33	-3.2008635889274
1450	6.34	-3.0894414260419
1451	6.35	-3.2208635889273
1452	6.36	-3.1659227819943
1453	6.37	-3.35201404105
1454	6.38	-3.1624416861448
1455	6.39	-3.37201404105
1456	6.4	-3.2437113428837
1457	6.41	-3.3098272848626
1458	6.42	-3.3350672514194
1459	6.43	-3.315104028042
1460	6.44	-3.6560972470834
1461	6.45	-3.4900059880277
1462	6.46	-3.460497446744
1463	6.47	-3.6281053001057
1464	6.48	-3.5411952870976
1465	6.49	-3.7060972470834
1466	6.5	-3.9079827733223
1467	6.51	-3.6169527776583
1468	6.52	-3.7061340237059
1469	6.53	-3.8508325976034
1470	6.54	-3.7882819304548
1471	6.55	-3.9122252827616
1472	6.56	-3.7760972470834
1473	6.57	-3.853044036714
1474	6.58	-3.6869527776583
1475	6.59	-3.6734716818088
1476	6.6	-3.8160972470834
1477	6.61	-4.0691352957697
1478	6.62	-3.9408325976034
1479	6.63	-4.2932552784256
1480	6.64	-3.8882819304548
1481	6.65	-4.0122252827616
1482	6.66	-4.244074032378
1483	6.67	-4.254074032378
1484	6.68	-4.3432552784256
1485	6.69	-4.0979827733223
1486	6.7	-4.585104028042
1487	6.71	-4.1691352957697
1488	6.72	-4.304074032378
1489	6.73	-4.3932552784256
1490	6.74	-4.4032552784256
1491	6.75	-4.8111952870976
1492	6.76	-4.344074032378
1493	6.77	-4.1322252827616
1494	6.78	-4.2971272427474
1495	6.79	-4.2491352957696
1496	6.8	-4.2591352957697
1497	6.81	-4.4732552784256
1498	6.82	-4.4832552784256
1499	6.83	-4.3471272427474
1500	6.84	-4.2479827733223
1501	6.85	-4.9111952870976
1502	6.86	-4.444074032378
1503	6.87	-4.6301652914337
1504	6.88	-4.765104028042
1505	6.89	-4.6501652914336
1506	6.9	-4.3079827733223
1507	6.91	-4.4271272427474
1508	6.92	-4.805104028042
1509	6.93	-4.5932552784256
1510	6.94	-5.0011952870976
1511	6.95	-4.7101652914336
1512	6.96	-5.3222252827616
1513	6.97	-4.7301652914337
1514	6.98	-4.6432552784255
1515	6.99	-4.875104028042
1516	7.01	-4.7701652914337
1517	7.02	-4.7801652914337
1518	7.03	-5.0911952870976
1519	7.04	-4.925104028042
1520	7.05	-4.935104028042
1521	7.06	-5.1211952870976
1522	7.07	-5.4322252827616
1523	7.08	-5.1411952870976
1524	7.09	-5.4522252827616
1525	7.12	-5.4822252827616
1526	7.13	-5.1911952870976
1527	7.14	-5.2011952870976
1528	7.15	-5.5122252827616
1529	7.16	-5.5222252827616
1530	7.17	-5.2311952870976
1531	7.18	-5.2411952870976
1532	7.2	-5.5622252827616
1533	7.21	-5.5722252827616
1534	7.22	-5.5822252827616
1535	7.24	-5.6022252827616
1536	7.26	-5.6222252827616
1537	7.27	-5.6322252827616
1538	7.31	-5.3711952870976
1539	7.35	-5.7122252827616
1540	7.37	-5.7322252827616
1541	7.42	-5.7822252827616
