0	-7.82	9.4577747172384
1	-7.77	9.4077747172384
2	-7.67	9.3077747172384
3	-7.65	9.2877747172384
4	-7.63	9.2677747172384
5	-7.6	9.2377747172384
6	-7.59	9.2277747172384
7	-7.58	9.5188047129024
8	-7.54	9.1777747172384
9	-7.52	9.1577747172384
10	-7.48	9.1177747172384
11	-7.42	9.0577747172384
12	-7.4	9.0377747172384
13	-7.38	9.0177747172384
14	-7.31	8.9477747172384
15	-7.3	8.9377747172384
16	-7.28	8.9177747172384
17	-7.27	8.9077747172384
18	-7.25	8.8877747172384
19	-7.21	9.1488047129024
20	-7.2	8.8377747172384
21	-7.18	8.8177747172384
22	-7.17	9.284895971958
23	-7.15	9.0888047129024
24	-7.14	8.7777747172384
25	-7.12	9.234895971958
26	-7.11	9.0488047129024
27	-7.1	9.214895971958
28	-7.09	8.7277747172384
29	-7.08	9.194895971958
30	-7.06	8.6977747172384
31	-7.05	8.9888047129024
32	-7.04	9.3767447215744
33	-7.03	8.6677747172384
34	-7.02	9.134895971958
35	-7.01	9.2498347085663
36	-7	9.3367447215744
37	-6.99	9.2298347085663
38	-6.98	9.2198347085664
39	-6.97	9.084895971958
40	-6.96	8.8988047129024
41	-6.95	9.2867447215744
42	-6.94	9.1798347085663
43	-6.93	9.4128727572526
44	-6.92	9.335925967622
45	-6.91	8.8488047129024
46	-6.9	8.8388047129024
47	-6.89	9.4820172266777
48	-6.88	9.1198347085663
49	-6.87	8.5077747172384
50	-6.86	9.1967447215744
51	-6.85	8.964895971958
52	-6.84	9.1767447215744
53	-6.83	9.3128727572526
54	-6.82	9.4577747172384
55	-6.81	9.225925967622
56	-6.8	8.7388047129024
57	-6.79	9.5739027529166
58	-6.78	9.1167447215744
59	-6.77	9.185925967622
60	-6.76	9.4391674023966
61	-6.75	9.5638659762941
62	-6.74	9.2808647042303
63	-6.73	9.3220172266777
64	-6.72	9.3577747172384
65	-6.71	9.0467447215744
66	-6.7	9.6801973980606
67	-6.69	9.3277747172384
68	-6.68	9.396955963286
69	-6.67	9.6299940119723
70	-6.66	9.5530472223417
71	-6.65	9.5430472223417
72	-6.64	9.4239027529166
73	-6.63	9.3817180695452
74	-6.62	9.2577747172384
75	-6.61	9.62798595895
76	-6.6	9.5801973980606
77	-6.59	9.6591384813974
78	-6.58	9.296955963286
79	-6.57	9.569502553256
80	-6.56	9.6449327485806
81	-6.55	9.6191384813974
82	-6.54	9.4565283181912
83	-6.53	9.5101973980606
84	-6.52	9.519502553256
85	-6.51	9.4901973980606
86	-6.5	9.6001727151373
87	-6.49	9.7405585739581
88	-6.48	9.6091364110726
89	-6.47	9.6759764413054
90	-6.46	9.6029246955583
91	-6.45	9.6788393242649
92	-6.44	9.6688393242649
93	-6.43	9.6805585739581
94	-6.42	9.6375583138552
95	-6.41	9.5529246955583
96	-6.4	9.7279707972669
97	-6.39	9.7437780608732
98	-6.38	9.7581374067326
99	-6.37	9.7067447215744
100	-6.36	9.6412273937246
101	-6.35	9.7586267288806
102	-6.34	9.777115266692
103	-6.33	9.6112273937246
104	-6.32	9.8090330659575
105	-6.31	9.8285883095192
106	-6.3	9.8671936429527
107	-6.29	9.8468528096145
108	-6.28	9.7985883095192
109	-6.27	9.8809025708381
110	-6.26	9.837293969857
111	-6.25	9.8877747172384
112	-6.24	9.8368161095595
113	-6.23	9.8848080565372
114	-6.22	9.8706119419435
115	-6.21	9.8162576657923
116	-6.2	9.8548080565372
117	-6.19	9.9581084857334
118	-6.18	9.9111964024006
119	-6.17	9.9507895174925
120	-6.16	9.9767516645315
121	-6.15	9.972466148056
122	-6.14	9.9708993155928
123	-6.13	10.005820820367
124	-6.12	9.9396183051831
125	-6.11	9.957289731781
126	-6.1	10.009616323775
127	-6.09	10.049994011972
128	-6.08	9.9558208203672
129	-6.07	10.052166990923
130	-6.06	10.081590083219
131	-6.05	10.034127691689
132	-6.04	10.05798595895
133	-6.03	10.07770784057
134	-6.02	10.124642337592
135	-6.01	10.108672559995
136	-6	10.095656613972
137	-5.99	10.138319727445
138	-5.98	10.140218950745
139	-5.97	10.128912800942
140	-5.96	10.16244078149
141	-5.95	10.182167267614
142	-5.94	10.115593812312
143	-5.93	10.182671933272
144	-5.92	10.196263974193
145	-5.91	10.166868047865
146	-5.9	10.186134728219
147	-5.89	10.195227670128
148	-5.88	10.198110230653
149	-5.87	10.19172184799
150	-5.86	10.212104476984
151	-5.85	10.242123052949
152	-5.84	10.234410825484
153	-5.83	10.271231832887
154	-5.82	10.239530091891
155	-5.81	10.287880811695
156	-5.8	10.291472929015
157	-5.79	10.30629651274
158	-5.78	10.325723238851
159	-5.77	10.31086470423
160	-5.76	10.336294442415
161	-5.75	10.347769555567
162	-5.74	10.355955234176
163	-5.73	10.368208794718
164	-5.72	10.377721398917
165	-5.71	10.396216520789
166	-5.7	10.403354431967
167	-5.69	10.416973084044
168	-5.68	10.405910805939
169	-5.67	10.437142312961
170	-5.66	10.439224490639
171	-5.65	10.450339123761
172	-5.64	10.453865976294
173	-5.63	10.483676530442
174	-5.62	10.464060761651
175	-5.61	10.489818956608
176	-5.6	10.515842048127
177	-5.59	10.506528318191
178	-5.58	10.506247517838
179	-5.57	10.523535207904
180	-5.56	10.529606761675
181	-5.55	10.543226237365
182	-5.54	10.555445156573
183	-5.53	10.569519799475
184	-5.52	10.583471930601
185	-5.51	10.587107411069
186	-5.5	10.599423285302
187	-5.49	10.606341212832
188	-5.48	10.628587727751
189	-5.47	10.631651192877
190	-5.46	10.626048494405
191	-5.45	10.65831765712
192	-5.44	10.657444010793
193	-5.43	10.670377237659
194	-5.42	10.66694209154
195	-5.41	10.686563384396
196	-5.4	10.679546187892
197	-5.39	10.702544031254
198	-5.38	10.718045654595
199	-5.37	10.716110619921
200	-5.36	10.733613051555
201	-5.35	10.753517758659
202	-5.34	10.759099172905
203	-5.33	10.772323025626
204	-5.32	10.788170893722
205	-5.31	10.789697028918
206	-5.3	10.800919063491
207	-5.29	10.804281221504
208	-5.28	10.82151565786
209	-5.27	10.823227318927
210	-5.26	10.837343885894
211	-5.25	10.857563254653
212	-5.24	10.857959954186
213	-5.23	10.857624826842
214	-5.22	10.87730640177
215	-5.21	10.891569109564
216	-5.2	10.894374693531
217	-5.19	10.908437273633
218	-5.18	10.920619881484
219	-5.17	10.928184111794
220	-5.16	10.939412591912
221	-5.15	10.947732719917
222	-5.14	10.95168905704
223	-5.13	10.964089102592
224	-5.12	10.978275062853
225	-5.11	10.988797936398
226	-5.1	10.999489493033
227	-5.09	11.010192888116
228	-5.08	11.0142863419
229	-5.07	11.031418640374
230	-5.06	11.041124219338
231	-5.05	11.046299651285
232	-5.04	11.054114389809
233	-5.03	11.07218076816
234	-5.02	11.079839015375
235	-5.01	11.09270906143
236	-5	11.100412259811
237	-4.99	11.106297925511
238	-4.98	11.122028038193
239	-4.97	11.127274570098
240	-4.96	11.136260477397
241	-4.95	11.150019985171
242	-4.94	11.160110849644
243	-4.93	11.16671834871
244	-4.92	11.175937912897
245	-4.91	11.189407445159
246	-4.9	11.197443764796
247	-4.89	11.206529754146
248	-4.88	11.218997201495
249	-4.87	11.227354574952
250	-4.86	11.236864243982
251	-4.85	11.249341746044
252	-4.84	11.259199758919
253	-4.83	11.268951958773
254	-4.82	11.279203081513
255	-4.81	11.288996493265
256	-4.8	11.299739028082
257	-4.79	11.309381885785
258	-4.78	11.318884155164
259	-4.77	11.327824958982
260	-4.76	11.340169740318
261	-4.75	11.347945713869
262	-4.74	11.359688414979
263	-4.73	11.36880277739
264	-4.72	11.378897833059
265	-4.71	11.388531287566
266	-4.7	11.40128446077
267	-4.69	11.409906359457
268	-4.68	11.418737704518
269	-4.67	11.429970928901
270	-4.66	11.439324821456
271	-4.65	11.446833331866
272	-4.64	11.460397621293
273	-4.63	11.468589660799
274	-4.62	11.478753137812
275	-4.61	11.491900860442
276	-4.6	11.497014901073
277	-4.59	11.508939944466
278	-4.58	11.517597870446
279	-4.57	11.529919555107
280	-4.56	11.541309346479
281	-4.55	11.550472024136
282	-4.54	11.560236638667
283	-4.53	11.569542185212
284	-4.52	11.578481162515
285	-4.51	11.588771908086
286	-4.5	11.599964503396
287	-4.49	11.608897598791
288	-4.48	11.617845074229
289	-4.47	11.628946810624
290	-4.46	11.639719463325
291	-4.45	11.647385730018
292	-4.44	11.659484361316
293	-4.43	11.668817268609
294	-4.42	11.677628441122
295	-4.41	11.68912387574
296	-4.4	11.699367834602
297	-4.39	11.709662391095
298	-4.38	11.718339126363
299	-4.37	11.728710093522
300	-4.36	11.737339942048
301	-4.35	11.748644082866
302	-4.34	11.758373545319
303	-4.33	11.767980236293
304	-4.32	11.778045815944
305	-4.31	11.788047719404
306	-4.3	11.799044408569
307	-4.29	11.808104601917
308	-4.28	11.817797551567
309	-4.27	11.828522414801
310	-4.26	11.838444572679
311	-4.25	11.848419558222
312	-4.24	11.857581588651
313	-4.23	11.868686212754
314	-4.22	11.877999225317
315	-4.21	11.887674419406
316	-4.2	11.898727772214
317	-4.19	11.907912167277
318	-4.18	11.918388536988
319	-4.17	11.928596651892
320	-4.16	11.938281503272
321	-4.15	11.94808745066
322	-4.14	11.957725290231
323	-4.13	11.968040657734
324	-4.12	11.978013074084
325	-4.11	11.987807996842
326	-4.1	11.998057235553
327	-4.09	12.008094892453
328	-4.08	12.017702160892
329	-4.07	12.027975650365
330	-4.06	12.037987940221
331	-4.05	12.047505311434
332	-4.04	12.057562134138
333	-4.03	12.067534596966
334	-4.02	12.077644093636
335	-4.01	12.087329239405
336	-4	12.097037952998
337	-3.99	12.107611935814
338	-3.98	12.117810881765
339	-3.97	12.127294790746
340	-3.96	12.137005552941
341	-3.95	12.147170895951
342	-3.94	12.157072203523
343	-3.93	12.166980941248
344	-3.92	12.176866899489
345	-3.91	12.187016896961
346	-3.9	12.196720130505
347	-3.89	12.206940868022
348	-3.88	12.216764611806
349	-3.87	12.226600552785
350	-3.86	12.236667876536
351	-3.85	12.24609718849
352	-3.84	12.256441964722
353	-3.83	12.266417077177
354	-3.82	12.275981139767
355	-3.81	12.285994002179
356	-3.8	12.295968614335
357	-3.79	12.305650277642
358	-3.78	12.315644725594
359	-3.77	12.32565045334
360	-3.76	12.335289550127
361	-3.75	12.345346426127
362	-3.74	12.354908973795
363	-3.73	12.365091102055
364	-3.72	12.374775399705
365	-3.71	12.384875730972
366	-3.7	12.394652138583
367	-3.69	12.404100884493
368	-3.68	12.414270285109
369	-3.67	12.424035817018
370	-3.66	12.433746860866
371	-3.65	12.443635053684
372	-3.64	12.453539032186
373	-3.63	12.463200785867
374	-3.62	12.472983113681
375	-3.61	12.482890919036
376	-3.6	12.49277951794
377	-3.59	12.502342919465
378	-3.58	12.512084613344
379	-3.57	12.521802491473
380	-3.56	12.531346115713
381	-3.55	12.541265365658
382	-3.54	12.550901900293
383	-3.53	12.56078785187
384	-3.52	12.570203258422
385	-3.51	12.579960305334
386	-3.5	12.589615643327
387	-3.49	12.599191049997
388	-3.48	12.608765140782
389	-3.47	12.618424682666
390	-3.46	12.627969444727
391	-3.45	12.637506675612
392	-3.44	12.647070493643
393	-3.43	12.656634111435
394	-3.42	12.666080145938
395	-3.41	12.675593550441
396	-3.4	12.68505389422
397	-3.39	12.694380502512
398	-3.38	12.703949817673
399	-3.37	12.713138515174
400	-3.36	12.722560452337
401	-3.35	12.731826948423
402	-3.34	12.741150337719
403	-3.33	12.750487999988
404	-3.32	12.75968526111
405	-3.31	12.76890686856
406	-3.3	12.778086557032
407	-3.29	12.787081851983
408	-3.28	12.796267432419
409	-3.27	12.805349750542
410	-3.26	12.814382020992
411	-3.25	12.823352215196
412	-3.24	12.832091248276
413	-3.23	12.840935820814
414	-3.22	12.849853193852
415	-3.21	12.858549203587
416	-3.2	12.867342836126
417	-3.19	12.875960425203
418	-3.18	12.88456550261
419	-3.17	12.893033569758
420	-3.16	12.901596900447
421	-3.15	12.909951471191
422	-3.14	12.918298736489
423	-3.13	12.926577366845
424	-3.12	12.934670623747
425	-3.11	12.942717259343
426	-3.1	12.950795138881
427	-3.09	12.958686028407
428	-3.08	12.966448894067
429	-3.07	12.974199780134
430	-3.06	12.981864681651
431	-3.05	12.989351933
432	-3.04	12.996755540042
433	-3.03	13.003992261394
434	-3.02	13.011167843815
435	-3.01	13.018230576858
436	-3	13.025199307103
437	-2.99	13.031919013819
438	-2.98	13.038592804813
439	-2.97	13.045056470921
440	-2.96	13.051421741205
441	-2.95	13.057551870488
442	-2.94	13.063529784627
443	-2.93	13.069341919189
444	-2.92	13.075058307419
445	-2.91	13.080514871262
446	-2.9	13.085793964903
447	-2.89	13.090826108487
448	-2.88	13.095663492148
449	-2.87	13.100287911402
450	-2.86	13.104709060022
451	-2.85	13.108917343004
452	-2.84	13.112823615163
453	-2.83	13.116444079673
454	-2.82	13.119855234451
455	-2.81	13.122991322519
456	-2.8	13.125874528776
457	-2.79	13.128443287118
458	-2.78	13.130690461406
459	-2.77	13.132649353594
460	-2.76	13.134237180252
461	-2.75	13.135507954985
462	-2.74	13.136464162881
463	-2.73	13.137025586862
464	-2.72	13.137242338101
465	-2.71	13.137105906317
466	-2.7	13.136561305267
467	-2.69	13.135650413092
468	-2.68	13.134259114308
469	-2.67	13.132523398932
470	-2.66	13.130284342059
471	-2.65	13.127652543145
472	-2.64	13.124559413794
473	-2.63	13.121017146649
474	-2.62	13.116964967582
475	-2.61	13.112487473537
476	-2.6	13.107478071083
477	-2.59	13.101997915313
478	-2.58	13.096017488303
479	-2.57	13.089490581272
480	-2.56	13.082471755866
481	-2.55	13.074889779056
482	-2.54	13.06679809015
483	-2.53	13.058147331585
484	-2.52	13.049048339218
485	-2.51	13.039394728731
486	-2.5	13.02916914248
487	-2.49	13.018539102049
488	-2.48	13.00741308767
489	-2.47	12.99571113881
490	-2.46	12.983549057872
491	-2.45	12.970871923623
492	-2.44	12.957687027069
493	-2.43	12.943870684746
494	-2.42	12.929607385938
495	-2.41	12.91481551484
496	-2.4	12.899581083321
497	-2.39	12.88368133782
498	-2.38	12.867237487063
499	-2.37	12.850275664874
500	-2.36	12.833130611675
501	-2.35	12.816352041646
502	-2.34	12.799675822946
503	-2.33	12.783457406719
504	-2.32	12.767900141549
505	-2.31	12.750920271923
506	-2.3	12.730645580986
507	-2.29	12.708404068392
508	-2.28	12.686652933221
509	-2.27	12.665983046667
510	-2.26	12.645354745526
511	-2.25	12.624370992054
512	-2.24	12.602831791688
513	-2.23	12.580301224201
514	-2.22	12.557143646244
515	-2.21	12.534592848104
516	-2.2	12.513923817416
517	-2.19	12.494221648331
518	-2.18	12.476615552078
519	-2.17	12.462316314564
520	-2.16	12.445106739861
521	-2.15	12.418222279495
522	-2.14	12.384306449054
523	-2.13	12.352552119561
524	-2.12	12.326472578699
525	-2.11	12.303360105528
526	-2.1	12.280271825405
527	-2.09	12.255307965879
528	-2.08	12.226985093102
529	-2.07	12.196796093425
530	-2.06	12.166899795619
531	-2.05	12.138577244465
532	-2.04	12.111414068862
533	-2.03	12.087076108817
534	-2.02	12.067612381615
535	-2.01	12.045921393954
536	-2	12.012561308798
537	-1.99	11.968524822544
538	-1.98	11.926701929896
539	-1.97	11.895553193882
540	-1.96	11.871329427995
541	-1.95	11.846646584898
542	-1.94	11.815371864286
543	-1.93	11.777483901108
544	-1.92	11.737912657245
545	-1.91	11.699307876863
546	-1.9	11.662938545707
547	-1.89	11.628910001658
548	-1.88	11.597216617362
549	-1.87	11.568531002144
550	-1.86	11.540631980815
551	-1.85	11.508750895015
552	-1.84	11.472041577719
553	-1.83	11.437122842676
554	-1.82	11.408960774929
555	-1.81	11.385818609366
556	-1.8	11.361664706186
557	-1.79	11.332226988379
558	-1.78	11.299617287513
559	-1.77	11.267862815783
560	-1.76	11.238451395882
561	-1.75	11.211262842306
562	-1.74	11.185773779762
563	-1.73	11.161959139621
564	-1.72	11.139310663915
565	-1.71	11.117510387804
566	-1.7	11.096597131216
567	-1.69	11.07608102685
568	-1.68	11.056164551983
569	-1.67	11.036557694766
570	-1.66	11.017259679151
571	-1.65	10.998200254342
572	-1.64	10.979290445667
573	-1.63	10.960602167706
574	-1.62	10.94208787678
575	-1.61	10.923826779731
576	-1.6	10.905634427525
577	-1.59	10.887547604996
578	-1.58	10.869413850087
579	-1.57	10.851668679147
580	-1.56	10.833886379734
581	-1.55	10.816220449292
582	-1.54	10.798593369263
583	-1.53	10.781094036004
584	-1.52	10.763883821234
585	-1.51	10.746559644868
586	-1.5	10.729249193872
587	-1.49	10.7121977897
588	-1.48	10.695039636615
589	-1.47	10.678156576381
590	-1.46	10.661227774309
591	-1.45	10.644622132729
592	-1.44	10.627820040833
593	-1.43	10.611094261847
594	-1.42	10.594413383256
595	-1.41	10.578015293567
596	-1.4	10.561303488149
597	-1.39	10.545080904061
598	-1.38	10.528576233932
599	-1.37	10.512230056316
600	-1.36	10.495780289241
601	-1.35	10.479441486831
602	-1.34	10.463125018227
603	-1.33	10.446926336905
604	-1.32	10.430622987466
605	-1.31	10.414330853079
606	-1.3	10.398161068756
607	-1.29	10.382014831814
608	-1.28	10.365604547597
609	-1.27	10.349757538532
610	-1.26	10.333492071724
611	-1.25	10.317526157712
612	-1.24	10.301310603036
613	-1.23	10.285326187079
614	-1.22	10.26921019614
615	-1.21	10.253100207551
616	-1.2	10.237080118516
617	-1.19	10.221003698092
618	-1.18	10.205019155185
619	-1.17	10.188862962957
620	-1.16	10.17305371432
621	-1.15	10.15690777241
622	-1.14	10.141053346917
623	-1.13	10.124912359777
624	-1.12	10.10925732243
625	-1.11	10.093134350154
626	-1.1	10.077313624794
627	-1.09	10.061356733114
628	-1.08	10.045488544874
629	-1.07	10.029712684174
630	-1.06	10.013761552984
631	-1.05	9.9978405784841
632	-1.04	9.9821359283661
633	-1.03	9.9659948339938
634	-1.02	9.9503053265885
635	-1.01	9.9343556639023
636	-1	9.9186171803414
637	-0.99	9.9029100374059
638	-0.98	9.8874624881649
639	-0.97	9.8717192265255
640	-0.96	9.8561859595818
641	-0.95	9.8408016495497
642	-0.94	9.8251154898295
643	-0.93	9.810025284525
644	-0.92	9.7940151766114
645	-0.91	9.7785708842494
646	-0.9	9.7628805826017
647	-0.89	9.7472316343315
648	-0.88	9.7315747403057
649	-0.87	9.7159603128803
650	-0.86	9.7002266054355
651	-0.85	9.6848146233452
652	-0.84	9.6692063920332
653	-0.83	9.6536624420436
654	-0.82	9.6381378978896
655	-0.81	9.6225362465391
656	-0.8	9.6068990002772
657	-0.79	9.5916299911578
658	-0.78	9.5761569029355
659	-0.77	9.560997776129
660	-0.76	9.5456486700448
661	-0.75	9.5303336127613
662	-0.74	9.5154415219938
663	-0.73	9.5006139119903
664	-0.72	9.4856713159734
665	-0.71	9.4704297483115
666	-0.7	9.4557178868609
667	-0.69	9.4406750458176
668	-0.68	9.4253395775834
669	-0.67	9.4103611881199
670	-0.66	9.3948376791989
671	-0.65	9.3798601541291
672	-0.64	9.3648493349376
673	-0.63	9.3498619996128
674	-0.62	9.3348521841207
675	-0.61	9.3194761971866
676	-0.6	9.3042236069503
677	-0.59	9.2887967978553
678	-0.58	9.2733375463432
679	-0.57	9.257704051042
680	-0.56	9.2421551548385
681	-0.55	9.2269028614928
682	-0.54	9.2110530803769
683	-0.53	9.1959287981332
684	-0.52	9.180392107674
685	-0.51	9.16485060696
686	-0.5	9.1491169588533
687	-0.49	9.1336588430738
688	-0.48	9.1182117883457
689	-0.47	9.1028289287065
690	-0.46	9.086942864128
691	-0.45	9.0713230678931
692	-0.44	9.0557523333591
693	-0.43	9.040120460362
694	-0.42	9.0248574497379
695	-0.41	9.0093835378266
696	-0.4	8.9942337491289
697	-0.39	8.9790736627533
698	-0.38	8.9638236970753
699	-0.37	8.948614660958
700	-0.36	8.9336832932663
701	-0.35	8.9190908851371
702	-0.34	8.9042302509486
703	-0.33	8.8891581210865
704	-0.32	8.8743160949431
705	-0.31	8.8598008452284
706	-0.3	8.844798910404
707	-0.29	8.8299492788019
708	-0.28	8.8151296570225
709	-0.27	8.8004206908048
710	-0.26	8.7852251309236
711	-0.25	8.7703497966166
712	-0.24	8.7557288015925
713	-0.23	8.740673202996
714	-0.22	8.7259088096401
715	-0.21	8.7113804310578
716	-0.2	8.6971328092236
717	-0.19	8.6825195695179
718	-0.18	8.6681883067423
719	-0.17	8.6533249325408
720	-0.16	8.6386642822574
721	-0.15	8.6238352007681
722	-0.14	8.6090099198206
723	-0.13	8.5943339093852
724	-0.12	8.5795579092173
725	-0.11	8.564144562632
726	-0.1	8.5489502968586
727	-0.09	8.5337137945618
728	-0.08	8.5187956953056
729	-0.07	8.5035026006399
730	-0.06	8.4885163192251
731	-0.05	8.4731916160055
732	-0.04	8.457697383976
733	-0.03	8.442634895423
734	-0.02	8.4270150121296
735	-0.01	8.4119382167828
736	0	8.3970522768739
737	0.01	8.3816687942235
738	0.02	8.3673518911376
739	0.03	8.3521122230446
740	0.04	8.3375597268901
741	0.05	8.3229757838908
742	0.06	8.3084433188043
743	0.07	8.2943888972151
744	0.08	8.2799761040355
745	0.09	8.2659206039411
746	0.1	8.2510763809685
747	0.11	8.2361543956862
748	0.12	8.2216194895936
749	0.13	8.2060994019237
750	0.14	8.1910599381752
751	0.15	8.1754952786547
752	0.16	8.1608419379883
753	0.17	8.1458342499235
754	0.18	8.1316716278761
755	0.19	8.1166462874833
756	0.2	8.1014693307101
757	0.21	8.0864633712886
758	0.22	8.0717425357655
759	0.23	8.0570535814604
760	0.24	8.0417576001337
761	0.25	8.0280781265539
762	0.26	8.0134032047585
763	0.27	7.9982947302174
764	0.28	7.9836821144296
765	0.29	7.968814559245
766	0.3	7.9538870994925
767	0.31	7.9391685160486
768	0.32	7.9242671142436
769	0.33	7.9097985520457
770	0.34	7.8949019880769
771	0.35	7.8805864574489
772	0.36	7.8658012446844
773	0.37	7.8517381058345
774	0.38	7.8369046661628
775	0.39	7.8230057584582
776	0.4	7.8095024107571
777	0.41	7.7955338223434
778	0.42	7.7814724212032
779	0.43	7.7675101031744
780	0.44	7.7531776593505
781	0.45	7.7398855353482
782	0.46	7.7257543415845
783	0.47	7.7123815727882
784	0.48	7.6977746540456
785	0.49	7.6830293311466
786	0.5	7.6681860023817
787	0.51	7.6527243579836
788	0.52	7.6373688375498
789	0.53	7.6220271289378
790	0.54	7.6072619251
791	0.55	7.5928571032199
792	0.56	7.5778976622021
793	0.57	7.5638793909144
794	0.58	7.5494622898297
795	0.59	7.5356531672896
796	0.6	7.521117199954
797	0.61	7.5072401803474
798	0.62	7.4931214433938
799	0.63	7.4780506648806
800	0.64	7.4649358688753
801	0.65	7.4497621877609
802	0.66	7.4353381154737
803	0.67	7.4208363806961
804	0.68	7.4057417986237
805	0.69	7.3915394747921
806	0.7	7.3773319227556
807	0.71	7.3632505407393
808	0.72	7.3485551701385
809	0.73	7.3335428134089
810	0.74	7.3180498766902
811	0.75	7.3034350431552
812	0.76	7.2884259447735
813	0.77	7.2734287146567
814	0.78	7.2583396441405
815	0.79	7.2432393285261
816	0.8	7.2274554457241
817	0.81	7.2123440598796
818	0.82	7.1969150084593
819	0.83	7.1821947444875
820	0.84	7.1674715584567
821	0.85	7.1531719026278
822	0.86	7.1392505893799
823	0.87	7.1245823656859
824	0.88	7.1086252887356
825	0.89	7.0931784454322
826	0.9	7.077204294199
827	0.91	7.0621609062149
828	0.92	7.0459919906212
829	0.93	7.0288897079978
830	0.94	7.0122775239686
831	0.95	6.9958873149629
832	0.96	6.9791845544176
833	0.97	6.9631363858134
834	0.98	6.9465051570678
835	0.99	6.9301026698822
836	1	6.913501275337
837	1.01	6.897771186901
838	1.02	6.8821431434687
839	1.03	6.8648210656441
840	1.04	6.848709955503
841	1.05	6.8335762428541
842	1.06	6.8181587025023
843	1.07	6.8022188529216
844	1.08	6.7867481101814
845	1.09	6.7705444967122
846	1.1	6.7542216979226
847	1.11	6.7388076429002
848	1.12	6.7226507994684
849	1.13	6.7074610709107
850	1.14	6.6918598251774
851	1.15	6.6761879261928
852	1.16	6.6600752168317
853	1.17	6.644453613282
854	1.18	6.6295251514736
855	1.19	6.6131074962527
856	1.2	6.5977961181369
857	1.21	6.5811996082021
858	1.22	6.5664689713762
859	1.23	6.5496228553785
860	1.24	6.532744437855
861	1.25	6.5160527931322
862	1.26	6.4992662769557
863	1.27	6.4829926889653
864	1.28	6.4670906508764
865	1.29	6.4486733327978
866	1.3	6.431308463937
867	1.31	6.4134287801911
868	1.32	6.3966384503635
869	1.33	6.379379497314
870	1.34	6.362426223902
871	1.35	6.3454526100678
872	1.36	6.3295560287223
873	1.37	6.3129779550947
874	1.38	6.2972439625349
875	1.39	6.2807852943608
876	1.4	6.2635130227695
877	1.41	6.2482387597046
878	1.42	6.2306102553598
879	1.43	6.2144653364892
880	1.44	6.1983710282846
881	1.45	6.1821200299341
882	1.46	6.1661891825142
883	1.47	6.148862243302
884	1.48	6.1341338681508
885	1.49	6.1178978788499
886	1.5	6.1035561883049
887	1.51	6.0879785571078
888	1.52	6.0724170760259
889	1.53	6.0566232262392
890	1.54	6.0414798989544
891	1.55	6.0260201699095
892	1.56	6.009532015654
893	1.57	5.9943702570278
894	1.58	5.9795787223898
895	1.59	5.9630273000772
896	1.6	5.9473425129194
897	1.61	5.9321499408804
898	1.62	5.9173369728799
899	1.63	5.9028722496375
900	1.64	5.8882723037346
901	1.65	5.8735728393534
902	1.66	5.8571309806137
903	1.67	5.8419015324432
904	1.68	5.8266747206125
905	1.69	5.8093993229493
906	1.7	5.7948719070907
907	1.71	5.7797689077948
908	1.72	5.7648727244011
909	1.73	5.7490553316806
910	1.74	5.7346132241333
911	1.75	5.7195235885985
912	1.76	5.7046421937855
913	1.77	5.6903344007131
914	1.78	5.6740252997611
915	1.79	5.6582451580479
916	1.8	5.6438766469206
917	1.81	5.6294034062395
918	1.82	5.6133384530592
919	1.83	5.5973744646204
920	1.84	5.5835933922885
921	1.85	5.5686261063331
922	1.86	5.5534157431594
923	1.87	5.5379961763071
924	1.88	5.5223483349117
925	1.89	5.5077309887257
926	1.9	5.4922874114814
927	1.91	5.4741185111431
928	1.92	5.460566597538
929	1.93	5.4466907734818
930	1.94	5.4319510508582
931	1.95	5.4171525506546
932	1.96	5.4016898907332
933	1.97	5.3863710603616
934	1.98	5.3715877113538
935	1.99	5.3555424098258
936	2	5.3420367973812
937	2.01	5.3255130547371
938	2.02	5.3114093467945
939	2.03	5.2967628438317
940	2.04	5.2818225422825
941	2.05	5.2660526654965
942	2.06	5.2520027775381
943	2.07	5.2373491222325
944	2.08	5.2221327105011
945	2.09	5.2064708999711
946	2.1	5.1934518426092
947	2.11	5.1765522309316
948	2.12	5.161916782282
949	2.13	5.1469702512938
950	2.14	5.1319556390329
951	2.15	5.1159520687995
952	2.16	5.10029854388
953	2.17	5.0868221104424
954	2.18	5.0721466675688
955	2.19	5.0548789462354
956	2.2	5.0428587881421
957	2.21	5.0285374898336
958	2.22	5.0127117281687
959	2.23	4.9985095807396
960	2.24	4.983278310061
961	2.25	4.9685104315129
962	2.26	4.953554693076
963	2.27	4.9378025026027
964	2.28	4.922595774476
965	2.29	4.9080460921379
966	2.3	4.8923922689037
967	2.31	4.879558847003
968	2.32	4.8628751543949
969	2.33	4.8486832822757
970	2.34	4.8334611710619
971	2.35	4.819445192535
972	2.36	4.8035280775438
973	2.37	4.7895310994275
974	2.38	4.7741262868472
975	2.39	4.7589706810746
976	2.4	4.7446692223383
977	2.41	4.7297454517301
978	2.42	4.7162437940467
979	2.43	4.6995131031948
980	2.44	4.6848197164376
981	2.45	4.6707682866935
982	2.46	4.6564609519454
983	2.47	4.6405998878544
984	2.48	4.625567747024
985	2.49	4.6103898081096
986	2.5	4.5958230364127
987	2.51	4.5803967106288
988	2.52	4.5654195059402
989	2.53	4.5516366960704
990	2.54	4.5363123196108
991	2.55	4.5211780855921
992	2.56	4.5060326519444
993	2.57	4.49094355853
994	2.58	4.4749207751273
995	2.59	4.461351067318
996	2.6	4.4467130634043
997	2.61	4.4320455381855
998	2.62	4.4169446418634
999	2.63	4.4018129210656
1000	2.64	4.3885756313327
1001	2.65	4.3750381526127
1002	2.66	4.3585827036945
1003	2.67	4.343630292645
1004	2.68	4.3287815891941
1005	2.69	4.3157899669123
1006	2.7	4.299447790934
1007	2.71	4.2852826792261
1008	2.72	4.2692076721672
1009	2.73	4.2560581571604
1010	2.74	4.2395731448246
1011	2.75	4.2238700512679
1012	2.76	4.2082676305016
1013	2.77	4.1902669113158
1014	2.78	4.1756584510048
1015	2.79	4.1627073917733
1016	2.8	4.1470939547871
1017	2.81	4.1307222266076
1018	2.82	4.1145956114446
1019	2.83	4.101753466462
1020	2.84	4.0866764595206
1021	2.85	4.070890426388
1022	2.86	4.0542204361329
1023	2.87	4.0395582591338
1024	2.88	4.0251130888455
1025	2.89	4.0102566573936
1026	2.9	3.9961150268082
1027	2.91	3.9799770323588
1028	2.92	3.9637116019512
1029	2.93	3.9515194702063
1030	2.94	3.9347525992987
1031	2.95	3.9197690179331
1032	2.96	3.9040806976592
1033	2.97	3.8877205686066
1034	2.98	3.8739300590438
1035	2.99	3.8565626184727
1036	3	3.8413107242377
1037	3.01	3.825237227312
1038	3.02	3.808806326087
1039	3.03	3.7924718250709
1040	3.04	3.7764063926316
1041	3.05	3.7628166122018
1042	3.06	3.7443853795278
1043	3.07	3.7272336241106
1044	3.08	3.7144601320703
1045	3.09	3.6993008485984
1046	3.1	3.6809519569881
1047	3.11	3.6676978602654
1048	3.12	3.6514732633541
1049	3.13	3.6377576915157
1050	3.14	3.6209727922704
1051	3.15	3.6046347303041
1052	3.16	3.5875725494198
1053	3.17	3.5709316445388
1054	3.18	3.557790098665
1055	3.19	3.5407759139231
1056	3.2	3.526859898095
1057	3.21	3.5100034032826
1058	3.22	3.4926240577345
1059	3.23	3.4772763150175
1060	3.24	3.460954150266
1061	3.25	3.4464588120734
1062	3.26	3.4289156583452
1063	3.27	3.4094594659104
1064	3.28	3.3982385989734
1065	3.29	3.3799500941998
1066	3.3	3.3623753058891
1067	3.31	3.3508213013139
1068	3.32	3.3322700544248
1069	3.33	3.3141337772277
1070	3.34	3.298143710748
1071	3.35	3.2829973555277
1072	3.36	3.265892020942
1073	3.37	3.2499464130534
1074	3.38	3.2343906029939
1075	3.39	3.220579039575
1076	3.4	3.1997176003798
1077	3.41	3.1839719716122
1078	3.42	3.1674817894782
1079	3.43	3.1499862205847
1080	3.44	3.1358338861745
1081	3.45	3.1153093213617
1082	3.46	3.1035919881945
1083	3.47	3.0877936332673
1084	3.48	3.0689856103759
1085	3.49	3.0533439500503
1086	3.5	3.0347416191715
1087	3.51	3.0150262010971
1088	3.52	2.9990623460068
1089	3.53	2.9837383749873
1090	3.54	2.9618881062885
1091	3.55	2.9424571868758
1092	3.56	2.9288984749831
1093	3.57	2.9150141249464
1094	3.58	2.8932496729913
1095	3.59	2.8761187655714
1096	3.6	2.8611511213195
1097	3.61	2.845604416984
1098	3.62	2.8292290689946
1099	3.63	2.8132212002268
1100	3.64	2.7970187460822
1101	3.65	2.7793530946927
1102	3.66	2.7618711147374
1103	3.67	2.7481064336001
1104	3.68	2.725279363584
1105	3.69	2.7070647502627
1106	3.7	2.6921459904325
1107	3.71	2.6758076113685
1108	3.72	2.6562540181522
1109	3.73	2.6316570853186
1110	3.74	2.6180911654514
1111	3.75	2.6015339861399
1112	3.76	2.5824484753379
1113	3.77	2.5621254064603
1114	3.78	2.5465948311776
1115	3.79	2.5278744326951
1116	3.8	2.5108417253685
1117	3.81	2.4982896010696
1118	3.82	2.4866636022653
1119	3.83	2.4632877135961
1120	3.84	2.4540167015674
1121	3.85	2.4326759137655
1122	3.86	2.4155745463584
1123	3.87	2.3958774295715
1124	3.88	2.3797813902452
1125	3.89	2.3627878702054
1126	3.9	2.3364339312665
1127	3.91	2.3180814319417
1128	3.92	2.2969178288822
1129	3.93	2.2758238245397
1130	3.94	2.2625591017424
1131	3.95	2.2404550982918
1132	3.96	2.2178538060425
1133	3.97	2.1969097947391
1134	3.98	2.1805188103572
1135	3.99	2.1654455712278
1136	4	2.1535823524764
1137	4.01	2.1272280975517
1138	4.02	2.1089962934777
1139	4.03	2.0920603171884
1140	4.04	2.0779398181255
1141	4.05	2.0587728868992
1142	4.06	2.0382666280937
1143	4.07	2.0246719046877
1144	4.08	2.0079930234384
1145	4.09	1.9856995968698
1146	4.1	1.9706959285716
1147	4.11	1.9518719566389
1148	4.12	1.9366226764884
1149	4.13	1.9129502634564
1150	4.14	1.9005689658793
1151	4.15	1.8763909381898
1152	4.16	1.852119733463
1153	4.17	1.835391509373
1154	4.18	1.8164327858579
1155	4.19	1.7980808961175
1156	4.2	1.7770472360943
1157	4.21	1.7603141641285
1158	4.22	1.7388136099644
1159	4.23	1.7213888768165
1160	4.24	1.7046713147777
1161	4.25	1.6851412309981
1162	4.26	1.6546958493041
1163	4.27	1.6404515949667
1164	4.28	1.615501277797
1165	4.29	1.5886732573619
1166	4.3	1.5713545739174
1167	4.31	1.5488497338501
1168	4.32	1.5340462102085
1169	4.33	1.5151397547074
1170	4.34	1.4964867746988
1171	4.35	1.4844758296718
1172	4.36	1.4593038993449
1173	4.37	1.4460032281741
1174	4.38	1.4157147732031
1175	4.39	1.4016200573193
1176	4.4	1.3870862231463
1177	4.41	1.3631300266472
1178	4.42	1.3414957236784
1179	4.43	1.3214173000101
1180	4.44	1.2899337136296
1181	4.45	1.2807408548327
1182	4.46	1.2588698737997
1183	4.47	1.2371837879102
1184	4.48	1.2169972297681
1185	4.49	1.2010452839197
1186	4.5	1.182236078049
1187	4.51	1.161881546946
1188	4.52	1.1333440236683
1189	4.53	1.1172681055259
1190	4.54	1.0983823043013
1191	4.55	1.0769129414542
1192	4.56	1.0529766794962
1193	4.57	1.0335406814211
1194	4.58	1.0233996843476
1195	4.59	0.9983829420226
1196	4.6	0.98304629874608
1197	4.61	0.96669452948314
1198	4.62	0.94958842119751
1199	4.63	0.91759808688928
1200	4.64	0.89148101030309
1201	4.65	0.87707641974468
1202	4.66	0.84109757735883
1203	4.67	0.81442104581549
1204	4.68	0.79593090199052
1205	4.69	0.77137934559353
1206	4.7	0.74524209292265
1207	4.71	0.71239200987125
1208	4.72	0.68670865942515
1209	4.73	0.68090264127171
1210	4.74	0.64261511402375
1211	4.75	0.6405144111737
1212	4.76	0.61782144128987
1213	4.77	0.6157300241451
1214	4.78	0.58831475371549
1215	4.79	0.56285838793333
1216	4.8	0.5415817825127
1217	4.81	0.52674472157439
1218	4.82	0.50226100942711
1219	4.83	0.49369550943291
1220	4.84	0.4626046583815
1221	4.85	0.4344724485377
1222	4.86	0.42603712298641
1223	4.87	0.41112867921523
1224	4.88	0.37780661236467
1225	4.89	0.33683024829075
1226	4.9	0.29923388848032
1227	4.91	0.29609380233349
1228	4.92	0.26726843045339
1229	4.93	0.24659970617627
1230	4.94	0.21391329395545
1231	4.95	0.18594737787495
1232	4.96	0.17081430555602
1233	4.97	0.14023861384536
1234	4.98	0.11822150111909
1235	4.99	0.092443948176897
1236	5	0.083690131189494
1237	5.01	0.064414348931032
1238	5.02	0.050583722271542
1239	5.03	0.0069290511965899
1240	5.04	-0.0037644331534053
1241	5.05	-0.023413869288105
1242	5.06	-0.044736899385495
1243	5.07	-0.077924720416267
1244	5.08	-0.0691292956829
1245	5.09	-0.1157655489131
1246	5.1	-0.12158290520092
1247	5.11	-0.15437079343016
1248	5.12	-0.18930498316162
1249	5.13	-0.20174546943096
1250	5.14	-0.21308244682929
1251	5.15	-0.25767720565266
1252	5.16	-0.24461606845754
1253	5.17	-0.28351654716071
1254	5.18	-0.30392821488623
1255	5.19	-0.32075569233094
1256	5.2	-0.34977132172135
1257	5.21	-0.37411828388822
1258	5.22	-0.38219601620786
1259	5.23	-0.40189358459134
1260	5.24	-0.43698095663632
1261	5.25	-0.45386279066638
1262	5.26	-0.48077550936116
1263	5.27	-0.49171723972341
1264	5.28	-0.50297606519002
1265	5.29	-0.53362991753786
1266	5.3	-0.583044036714
1267	5.31	-0.56842156180567
1268	5.32	-0.60850693241551
1269	5.33	-0.65799802199104
1270	5.34	-0.65261967016665
1271	5.35	-0.69227860108278
1272	5.36	-0.71234964904947
1273	5.37	-0.73571361060745
1274	5.38	-0.74265979453561
1275	5.39	-0.76233071904285
1276	5.4	-0.76265979453565
1277	5.41	-0.81557670355643
1278	5.42	-0.8343016629299
1279	5.43	-0.87262425897748
1280	5.44	-0.8784633219329
1281	5.45	-0.91569906527207
1282	5.46	-0.94600744216999
1283	5.47	-0.91001900532261
1284	5.48	-0.97890242264117
1285	5.49	-1.0028058689647
1286	5.5	-1.0265347112692
1287	5.51	-1.0397163700554
1288	5.52	-1.0976079901288
1289	5.53	-1.0970406930792
1290	5.54	-1.1299035760387
1291	5.55	-1.1555891745158
1292	5.56	-1.1709461787783
1293	5.57	-1.2128939957779
1294	5.58	-1.2042379564282
1295	5.59	-1.2801274248259
1296	5.6	-1.2764835441594
1297	5.61	-1.2882781520101
1298	5.62	-1.3157073022067
1299	5.63	-1.3390127689863
1300	5.64	-1.3519177596297
1301	5.65	-1.4167290609361
1302	5.66	-1.4212523870749
1303	5.67	-1.4456379780899
1304	5.68	-1.4578940583941
1305	5.69	-1.4678940583941
1306	5.7	-1.5244061876884
1307	5.71	-1.5907826542593
1308	5.72	-1.571680272555
1309	5.73	-1.6050869072844
1310	5.74	-1.6136745662612
1311	5.75	-1.6222668033368
1312	5.76	-1.6973436461305
1313	5.77	-1.7155847754233
1314	5.78	-1.7124730027592
1315	5.79	-1.6958592496326
1316	5.8	-1.7893132797915
1317	5.81	-1.7956483257051
1318	5.82	-1.7912901756582
1319	5.83	-1.7891047615858
1320	5.84	-1.8883580623925
1321	5.85	-1.8983580623925
1322	5.86	-1.8877715316107
1323	5.87	-1.9627123385437
1324	5.88	-1.9455600925001
1325	5.89	-2.0453994067298
1326	5.9	-2.077533851944
1327	5.91	-2.0600376783577
1328	5.92	-2.0318052804527
1329	5.93	-2.0963256303524
1330	5.94	-2.0953994067298
1331	5.95	-2.1247045619252
1332	5.96	-2.1208281584412
1333	5.97	-2.1503816948169
1334	5.98	-2.2488035975994
1335	5.99	-2.2518547376441
1336	6	-2.2653152697536
1337	6.01	-2.2616355724624
1338	6.02	-2.3177672935347
1339	6.03	-2.3588015272746
1340	6.04	-2.3728415050764
1341	6.05	-2.3553204314252
1342	6.06	-2.4631838904405
1343	6.07	-2.4977268315181
1344	6.08	-2.4251919434629
1345	6.09	-2.543740263883
1346	6.1	-2.4536251109997
1347	6.11	-2.4899540497221
1348	6.12	-2.4999540497221
1349	6.13	-2.6348927863304
1350	6.14	-2.593740263883
1351	6.15	-2.7268954477509
1352	6.16	-2.5728352761167
1353	6.17	-2.7193119261188
1354	6.18	-2.6848927863304
1355	6.19	-2.7197163700554
1356	6.2	-2.6757345575891
1357	6.21	-2.8820292027331
1358	6.22	-2.8498315229387
1359	6.23	-2.8598315229387
1360	6.24	-2.8946551066637
1361	6.25	-2.812884733308
1362	6.26	-2.9594674510801
1363	6.27	-3.0301652914337
1364	6.28	-3.0511606757351
1365	6.29	-3.0394414260419
1366	6.3	-2.9720292027331
1367	6.31	-3.1159227819943
1368	6.32	-3.1024416861448
1369	6.33	-3.2008635889274
1370	6.34	-3.0894414260419
1371	6.35	-3.2208635889273
1372	6.36	-3.1659227819943
1373	6.37	-3.35201404105
1374	6.38	-3.1624416861448
1375	6.39	-3.37201404105
1376	6.4	-3.2437113428837
1377	6.41	-3.3098272848626
1378	6.42	-3.3350672514194
1379	6.43	-3.315104028042
1380	6.44	-3.6560972470834
1381	6.45	-3.4900059880277
1382	6.46	-3.460497446744
1383	6.47	-3.6281053001057
1384	6.48	-3.5411952870976
1385	6.49	-3.7060972470834
1386	6.5	-3.9079827733223
1387	6.51	-3.6169527776583
1388	6.52	-3.7061340237059
1389	6.53	-3.8508325976034
1390	6.54	-3.7882819304548
1391	6.55	-3.9122252827616
1392	6.56	-3.7760972470834
1393	6.57	-3.853044036714
1394	6.58	-3.6869527776583
1395	6.59	-3.6734716818088
1396	6.6	-3.8160972470834
1397	6.61	-4.0691352957697
1398	6.62	-3.9408325976034
1399	6.63	-4.2932552784256
1400	6.64	-3.8882819304548
1401	6.65	-4.0122252827616
1402	6.66	-4.244074032378
1403	6.67	-4.254074032378
1404	6.68	-4.3432552784256
1405	6.69	-4.0979827733223
1406	6.7	-4.585104028042
1407	6.71	-4.1691352957697
1408	6.72	-4.304074032378
1409	6.73	-4.3932552784256
1410	6.74	-4.4032552784256
1411	6.75	-4.8111952870976
1412	6.76	-4.344074032378
1413	6.77	-4.1322252827616
1414	6.78	-4.2971272427474
1415	6.79	-4.2491352957696
1416	6.8	-4.2591352957697
1417	6.81	-4.4732552784256
1418	6.82	-4.4832552784256
1419	6.83	-4.3471272427474
1420	6.84	-4.2479827733223
1421	6.85	-4.9111952870976
1422	6.86	-4.444074032378
1423	6.87	-4.6301652914337
1424	6.88	-4.765104028042
1425	6.89	-4.6501652914336
1426	6.9	-4.3079827733223
1427	6.91	-4.4271272427474
1428	6.92	-4.805104028042
1429	6.93	-4.5932552784256
1430	6.94	-5.0011952870976
1431	6.95	-4.7101652914336
1432	6.96	-5.3222252827616
1433	6.97	-4.7301652914337
1434	6.98	-4.6432552784255
1435	6.99	-4.875104028042
1436	7.01	-4.7701652914337
1437	7.02	-4.7801652914337
1438	7.03	-5.0911952870976
1439	7.04	-4.925104028042
1440	7.05	-4.935104028042
1441	7.06	-5.1211952870976
1442	7.07	-5.4322252827616
1443	7.08	-5.1411952870976
1444	7.09	-5.4522252827616
1445	7.12	-5.4822252827616
1446	7.13	-5.1911952870976
1447	7.14	-5.2011952870976
1448	7.15	-5.5122252827616
1449	7.16	-5.5222252827616
1450	7.17	-5.2311952870976
1451	7.18	-5.2411952870976
1452	7.2	-5.5622252827616
1453	7.21	-5.5722252827616
1454	7.22	-5.5822252827616
1455	7.24	-5.6022252827616
1456	7.26	-5.6222252827616
1457	7.27	-5.6322252827616
1458	7.31	-5.3711952870976
1459	7.35	-5.7122252827616
1460	7.37	-5.7322252827616
1461	7.42	-5.7822252827616
