0	-7.3	8.9377747172384
1	-6.89	8.5277747172384
2	-6.86	8.4977747172384
3	-6.76	8.3977747172384
4	-6.74	8.9798347085663
5	-6.73	8.3677747172384
6	-6.7	8.3377747172384
7	-6.69	8.3277747172384
8	-6.66	8.2977747172384
9	-6.63	8.2677747172384
10	-6.62	8.2577747172384
11	-6.58	8.2177747172384
12	-6.57	8.2077747172384
13	-6.54	8.1777747172384
14	-6.53	8.1677747172384
15	-6.52	8.4588047129024
16	-6.5	8.1377747172384
17	-6.49	8.1277747172384
18	-6.46	8.0977747172384
19	-6.45	8.3888047129024
20	-6.43	8.544895971958
21	-6.42	8.0577747172384
22	-6.41	8.6498347085664
23	-6.4	8.0377747172384
24	-6.39	8.504895971958
25	-6.38	8.7167447215744
26	-6.37	8.3088047129024
27	-6.36	7.9977747172384
28	-6.35	7.9877747172384
29	-6.34	8.2788047129024
30	-6.33	8.745925967622
31	-6.32	8.434895971958
32	-6.31	8.6467447215744
33	-6.3	8.7828727572527
34	-6.29	8.2288047129024
35	-6.28	8.2188047129024
36	-6.27	8.6067447215744
37	-6.26	8.1988047129024
38	-6.25	8.7908647042303
39	-6.24	8.4798347085663
40	-6.23	8.344895971958
41	-6.22	8.334895971958
42	-6.21	8.5467447215744
43	-6.2	8.615925967622
44	-6.19	8.4298347085663
45	-6.18	8.5167447215744
46	-6.17	7.8077747172384
47	-6.16	8.6428727572526
48	-6.15	8.0888047129024
49	-6.14	8.3798347085663
50	-6.13	8.7677747172384
51	-6.12	8.535925967622
52	-6.11	8.4467447215744
53	-6.1	8.4367447215744
54	-6.09	8.5728727572526
55	-6.08	8.6720172266777
56	-6.07	8.485925967622
57	-6.06	8.776955963286
58	-6.05	8.6877747172384
59	-6.04	8.6320172266777
60	-6.03	8.7817180695452
61	-6.02	8.8618946998943
62	-6.01	8.6891674023966
63	-6	8.415925967622
64	-5.99	8.8038659762941
65	-5.98	8.8730472223417
66	-5.97	8.5108647042303
67	-5.96	8.8282236386166
68	-5.95	8.7638659762941
69	-5.94	8.4228727572526
70	-5.93	8.646955963286
71	-5.92	8.7618946998943
72	-5.91	8.7238659762941
73	-5.9	8.8599940119723
74	-5.89	8.7582236386167
75	-5.88	8.8399940119723
76	-5.87	8.869502553256
77	-5.86	8.7018946998943
78	-5.85	8.566955963286
79	-5.84	8.7330472223417
80	-5.83	8.8101973980606
81	-5.82	8.8727480652092
82	-5.81	8.8791384813974
83	-5.8	8.914895971958
84	-5.79	8.7065283181912
85	-5.78	8.9362886571163
86	-5.77	8.9759764413054
87	-5.76	8.9659764413054
88	-5.75	8.9675583138552
89	-5.74	8.9459764413054
90	-5.73	9.0305325489199
91	-5.72	8.8629246955583
92	-5.71	9.0198725751741
93	-5.7	9.0781374067326
94	-5.69	8.9298347085663
95	-5.68	9.0581374067326
96	-5.67	9.0320505868392
97	-5.66	8.9879707972669
98	-5.65	9.0359627442446
99	-5.64	9.1102836299446
100	-5.63	9.0001684770613
101	-5.62	9.0212027108013
102	-5.61	9.0990330659575
103	-5.6	9.0766238079756
104	-5.59	9.0339546912223
105	-5.58	9.1720172266777
106	-5.57	9.0885883095192
107	-5.56	9.0490330659574
108	-5.55	9.1420172266777
109	-5.54	9.1554983225272
110	-5.53	9.1122573893885
111	-5.52	9.1789640163083
112	-5.51	9.185201215179
113	-5.5	9.2483644275376
114	-5.49	9.1808531607218
115	-5.48	9.2005600875548
116	-5.47	9.2348795156032
117	-5.46	9.2500630616214
118	-5.45	9.2050460128941
119	-5.44	9.2538659762941
120	-5.43	9.3007708276306
121	-5.42	9.2882236386166
122	-5.41	9.2000630616214
123	-5.4	9.2758208203672
124	-5.39	9.2708127659247
125	-5.38	9.2657479836002
126	-5.37	9.2749464456414
127	-5.36	9.2765283181912
128	-5.35	9.3242344510869
129	-5.34	9.3142344510869
130	-5.33	9.3160795802866
131	-5.32	9.3710744813196
132	-5.31	9.3577078405697
133	-5.3	9.3544152245767
134	-5.29	9.4120745565852
135	-5.28	9.394895971958
136	-5.27	9.4289128009424
137	-5.26	9.4056305889342
138	-5.25	9.3929246955583
139	-5.24	9.452962562166
140	-5.23	9.4543620219101
141	-5.22	9.4554699031639
142	-5.21	9.4530797633795
143	-5.2	9.4702320094231
144	-5.19	9.491475642628
145	-5.18	9.4824166927945
146	-5.17	9.5119252340782
147	-5.16	9.5044924995751
148	-5.15	9.5062764061057
149	-5.14	9.5434432719974
150	-5.13	9.5502473414047
151	-5.12	9.5300964239613
152	-5.11	9.606311914808
153	-5.1	9.6028786918795
154	-5.09	9.5640988329451
155	-5.08	9.6098693199289
156	-5.07	9.6315366780671
157	-5.06	9.6147547645588
158	-5.05	9.6151450802774
159	-5.04	9.6187889609439
160	-5.03	9.6509497892762
161	-5.02	9.6595084300474
162	-5.01	9.6751243250131
163	-5	9.6799563117541
164	-4.99	9.6699563117541
165	-4.98	9.7002010180991
166	-4.97	9.7260394433279
167	-4.96	9.7325890875588
168	-4.95	9.7023857014706
169	-4.94	9.7450920519865
170	-4.93	9.7675298944918
171	-4.92	9.7591718415588
172	-4.91	9.7649953728829
173	-4.9	9.7845194269622
174	-4.89	9.8017014973389
175	-4.88	9.8263391307996
176	-4.87	9.8337006730098
177	-4.86	9.8187513945812
178	-4.85	9.8256331462795
179	-4.84	9.8596115172368
180	-4.83	9.8526655137689
181	-4.82	9.8680456814906
182	-4.81	9.8829818204791
183	-4.8	9.8962614810366
184	-4.79	9.8987728868993
185	-4.78	9.8954746455705
186	-4.77	9.9058094409254
187	-4.76	9.9326888216682
188	-4.75	9.9351801769059
189	-4.74	9.9406620985323
190	-4.73	9.953122628333
191	-4.72	9.9496181284632
192	-4.71	9.9840619693369
193	-4.7	9.9900210582417
194	-4.69	9.994760435568
195	-4.68	10.00109197916
196	-4.67	10.025445220241
197	-4.66	10.035603223134
198	-4.65	10.033239885909
199	-4.64	10.040753208106
200	-4.63	10.042729406319
201	-4.62	10.059726952093
202	-4.61	10.067187028448
203	-4.6	10.082189757712
204	-4.59	10.0932340399
205	-4.58	10.103192482349
206	-4.57	10.113678483455
207	-4.56	10.115962378597
208	-4.55	10.13569833707
209	-4.54	10.149375237468
210	-4.53	10.158823493691
211	-4.52	10.164197969746
212	-4.51	10.159091360605
213	-4.5	10.177624894988
214	-4.49	10.19230757837
215	-4.48	10.199877601565
216	-4.47	10.218700959505
217	-4.46	10.228911991017
218	-4.45	10.231195502368
219	-4.44	10.248798713024
220	-4.43	10.24715413512
221	-4.42	10.260426476996
222	-4.41	10.269553974178
223	-4.4	10.28217555104
224	-4.39	10.29705410701
225	-4.38	10.304388348895
226	-4.37	10.314264079947
227	-4.36	10.323946662528
228	-4.35	10.335767867026
229	-4.34	10.344459106417
230	-4.33	10.358003079708
231	-4.32	10.362916092601
232	-4.31	10.370183973848
233	-4.3	10.381022054164
234	-4.29	10.395146004886
235	-4.28	10.403652234597
236	-4.27	10.413521440303
237	-4.26	10.42152118405
238	-4.25	10.434169300537
239	-4.24	10.443870296316
240	-4.23	10.453460995691
241	-4.22	10.468679634217
242	-4.21	10.472397100577
243	-4.2	10.484462651574
244	-4.19	10.495377079085
245	-4.18	10.506657065665
246	-4.17	10.514296212138
247	-4.16	10.521255017752
248	-4.15	10.535256441685
249	-4.14	10.543860232854
250	-4.13	10.553396357043
251	-4.12	10.5593224821
252	-4.11	10.573564217931
253	-4.1	10.581437215514
254	-4.09	10.591953423998
255	-4.08	10.604045419351
256	-4.07	10.614589050413
257	-4.06	10.623282764408
258	-4.05	10.632518874376
259	-4.04	10.643141070763
260	-4.03	10.652909168228
261	-4.02	10.660657529344
262	-4.01	10.674610207637
263	-4	10.68088145275
264	-3.99	10.692513409577
265	-3.98	10.704059785871
266	-3.97	10.715632252659
267	-3.96	10.724078249007
268	-3.95	10.735837252694
269	-3.94	10.743772393675
270	-3.93	10.752968276771
271	-3.92	10.764829818672
272	-3.91	10.773515493932
273	-3.9	10.782768883378
274	-3.89	10.792254886681
275	-3.88	10.802615862793
276	-3.87	10.812347098361
277	-3.86	10.823206222761
278	-3.85	10.834462087046
279	-3.84	10.843664986934
280	-3.83	10.852414818065
281	-3.82	10.862875084026
282	-3.81	10.873587618411
283	-3.8	10.882372183821
284	-3.79	10.892800467544
285	-3.78	10.90373309599
286	-3.77	10.913765327018
287	-3.76	10.922940072877
288	-3.75	10.932496193177
289	-3.74	10.943720477155
290	-3.73	10.953204988663
291	-3.72	10.964300106635
292	-3.71	10.973290888912
293	-3.7	10.98352994903
294	-3.69	10.993351956236
295	-3.68	11.003538841577
296	-3.67	11.013286919134
297	-3.66	11.023509166962
298	-3.65	11.03235009557
299	-3.64	11.042684269892
300	-3.63	11.053029078126
301	-3.62	11.063979798146
302	-3.61	11.072911208799
303	-3.6	11.083637682353
304	-3.59	11.09348616061
305	-3.58	11.102352029878
306	-3.57	11.113507471957
307	-3.56	11.122716830354
308	-3.55	11.133079795667
309	-3.54	11.143263813864
310	-3.53	11.151894998231
311	-3.52	11.162412451746
312	-3.51	11.172479529311
313	-3.5	11.182737590985
314	-3.49	11.193207650733
315	-3.48	11.202727577851
316	-3.47	11.212542049267
317	-3.46	11.222927291226
318	-3.45	11.23268844463
319	-3.44	11.242289362197
320	-3.43	11.252298074797
321	-3.42	11.261914242706
322	-3.41	11.272199257409
323	-3.4	11.283068702214
324	-3.39	11.292794770532
325	-3.38	11.302578220293
326	-3.37	11.313214656527
327	-3.36	11.322683052186
328	-3.35	11.333025886916
329	-3.34	11.342448385801
330	-3.33	11.35263311054
331	-3.32	11.362380112775
332	-3.31	11.37216480057
333	-3.3	11.382073766565
334	-3.29	11.39168546567
335	-3.28	11.402228739352
336	-3.27	11.412447795618
337	-3.26	11.42227248741
338	-3.25	11.431964471072
339	-3.24	11.442213042611
340	-3.23	11.452658862556
341	-3.22	11.462068069949
342	-3.21	11.472112514732
343	-3.2	11.481671627368
344	-3.19	11.492103925773
345	-3.18	11.501923123359
346	-3.17	11.511559534658
347	-3.16	11.521479893246
348	-3.15	11.531640551506
349	-3.14	11.541582178252
350	-3.13	11.551366678452
351	-3.12	11.561335682404
352	-3.11	11.57101086692
353	-3.1	11.581114030843
354	-3.09	11.591486483438
355	-3.08	11.600978397611
356	-3.07	11.610804170218
357	-3.06	11.62089848495
358	-3.05	11.630586884726
359	-3.04	11.640508905886
360	-3.03	11.650621777619
361	-3.02	11.660379173474
362	-3.01	11.670276578195
363	-3	11.680259148221
364	-2.99	11.689948649028
365	-2.98	11.699740687892
366	-2.97	11.709667928678
367	-2.96	11.719538333299
368	-2.95	11.729243994256
369	-2.94	11.739278707232
370	-2.93	11.749164544775
371	-2.92	11.758884128611
372	-2.91	11.76874773302
373	-2.9	11.778427360226
374	-2.89	11.788278442489
375	-2.88	11.797876080568
376	-2.87	11.807700985314
377	-2.86	11.817676503629
378	-2.85	11.827220295033
379	-2.84	11.837052579344
380	-2.83	11.846720900357
381	-2.82	11.856342609066
382	-2.81	11.866345634978
383	-2.8	11.875952865415
384	-2.79	11.885597125173
385	-2.78	11.895381256434
386	-2.77	11.904846262373
387	-2.76	11.914563956903
388	-2.75	11.924192597351
389	-2.74	11.933826823322
390	-2.73	11.943231152603
391	-2.72	11.952801879287
392	-2.71	11.962524627649
393	-2.7	11.972025278915
394	-2.69	11.98153738444
395	-2.68	11.990992321672
396	-2.67	12.000450518972
397	-2.66	12.009771215261
398	-2.65	12.019255652816
399	-2.64	12.028609242729
400	-2.63	12.037945220691
401	-2.62	12.047248280814
402	-2.61	12.056491062026
403	-2.6	12.06581339276
404	-2.59	12.074964757306
405	-2.58	12.084192431454
406	-2.57	12.093236254494
407	-2.56	12.102402772843
408	-2.55	12.111504795851
409	-2.54	12.120527940797
410	-2.53	12.129466437196
411	-2.52	12.138377319944
412	-2.51	12.147301508493
413	-2.5	12.15618707161
414	-2.49	12.164903681328
415	-2.48	12.173631430321
416	-2.47	12.182314667773
417	-2.46	12.190924936059
418	-2.45	12.19950684857
419	-2.44	12.208009069174
420	-2.43	12.216576935087
421	-2.42	12.224865852703
422	-2.41	12.233095537989
423	-2.4	12.241375578858
424	-2.39	12.249542076786
425	-2.38	12.25756941013
426	-2.37	12.265542438096
427	-2.36	12.273432231223
428	-2.35	12.281233749753
429	-2.34	12.288941944035
430	-2.33	12.296570770429
431	-2.32	12.304183054838
432	-2.31	12.311534287052
433	-2.3	12.3189603592
434	-2.29	12.32609643152
435	-2.28	12.333232030457
436	-2.27	12.340217182769
437	-2.26	12.347111999478
438	-2.25	12.35383518021
439	-2.24	12.360450551842
440	-2.23	12.366976183758
441	-2.22	12.373340770156
442	-2.21	12.37951711744
443	-2.2	12.385662100659
444	-2.19	12.391642194315
445	-2.18	12.397407660687
446	-2.17	12.403021311145
447	-2.16	12.408545981637
448	-2.15	12.4138971445
449	-2.14	12.419121836543
450	-2.13	12.424087998981
451	-2.12	12.429002605374
452	-2.11	12.433683561695
453	-2.1	12.43821151908
454	-2.09	12.442569610402
455	-2.08	12.446774596049
456	-2.07	12.450812173787
457	-2.06	12.454668820917
458	-2.05	12.458350493062
459	-2.04	12.461873431606
460	-2.03	12.465204134542
461	-2.02	12.46837171952
462	-2.01	12.471387603108
463	-2	12.474258990334
464	-1.99	12.476872066137
465	-1.98	12.479404303429
466	-1.97	12.481786185256
467	-1.96	12.483957448894
468	-1.95	12.485988751585
469	-1.94	12.48787206726
470	-1.93	12.489620774683
471	-1.92	12.491170343082
472	-1.91	12.492649224045
473	-1.9	12.494037164694
474	-1.89	12.495265782644
475	-1.88	12.496407757867
476	-1.87	12.497455322449
477	-1.86	12.498435846639
478	-1.85	12.499319832736
479	-1.84	12.50007288986
480	-1.83	12.500643951864
481	-1.82	12.50119217663
482	-1.81	12.501637546454
483	-1.8	12.502006076662
484	-1.79	12.502238054697
485	-1.78	12.502361482454
486	-1.77	12.502291541178
487	-1.76	12.502058311518
488	-1.75	12.501728767423
489	-1.74	12.501484348124
490	-1.73	12.501473788785
491	-1.72	12.501732425037
492	-1.71	12.501674858284
493	-1.7	12.500559084501
494	-1.69	12.498277342899
495	-1.68	12.495622035084
496	-1.67	12.493298065573
497	-1.66	12.491256791005
498	-1.65	12.489183127606
499	-1.64	12.486822948483
500	-1.63	12.483971021714
501	-1.62	12.480510270138
502	-1.61	12.476412820196
503	-1.6	12.471831768004
504	-1.59	12.466879813474
505	-1.58	12.461787784936
506	-1.57	12.456500944536
507	-1.56	12.450732609669
508	-1.55	12.443986351705
509	-1.54	12.436355237029
510	-1.53	12.428107101717
511	-1.52	12.419893740709
512	-1.51	12.412048249964
513	-1.5	12.404190847106
514	-1.49	12.39594485288
515	-1.48	12.387235896073
516	-1.47	12.378019757222
517	-1.46	12.368398948772
518	-1.45	12.358332917567
519	-1.44	12.347861816935
520	-1.43	12.337051515253
521	-1.42	12.325882453129
522	-1.41	12.314256080769
523	-1.4	12.302042666972
524	-1.39	12.289305650261
525	-1.38	12.276180039378
526	-1.37	12.263094764128
527	-1.36	12.250604757661
528	-1.35	12.238756891569
529	-1.34	12.227107277801
530	-1.33	12.215367557123
531	-1.32	12.203319104171
532	-1.31	12.190886622464
533	-1.3	12.178331145048
534	-1.29	12.165838853757
535	-1.28	12.153718455811
536	-1.27	12.142093947432
537	-1.26	12.130716386548
538	-1.25	12.118664177253
539	-1.24	12.105150945695
540	-1.23	12.090826919312
541	-1.22	12.077413086606
542	-1.21	12.0664490818
543	-1.2	12.058462093322
544	-1.19	12.052459013849
545	-1.18	12.045717381074
546	-1.17	12.03554162897
547	-1.16	12.021424731425
548	-1.15	12.00477849149
549	-1.14	11.987244058757
550	-1.13	11.970183626619
551	-1.12	11.954372286042
552	-1.11	11.938896227628
553	-1.1	11.921549380085
554	-1.09	11.90185544128
555	-1.08	11.881155991477
556	-1.07	11.862175676701
557	-1.06	11.846313488735
558	-1.05	11.832658358523
559	-1.04	11.819700712265
560	-1.03	11.806961381815
561	-1.02	11.794178713871
562	-1.01	11.781380433802
563	-1	11.768580572239
564	-0.99	11.755798624055
565	-0.98	11.743004143079
566	-0.97	11.729970158279
567	-0.96	11.716207121392
568	-0.95	11.701262353503
569	-0.94	11.685524602952
570	-0.93	11.66920064605
571	-0.92	11.652776143544
572	-0.91	11.63762805769
573	-0.9	11.624415056749
574	-0.89	11.612480691524
575	-0.88	11.601064561999
576	-0.87	11.589718878751
577	-0.86	11.578337897879
578	-0.85	11.566708801485
579	-0.84	11.554825634711
580	-0.83	11.542647325563
581	-0.82	11.529922648852
582	-0.81	11.516403847908
583	-0.8	11.501887327518
584	-0.79	11.486714501897
585	-0.78	11.47097886002
586	-0.77	11.454531835867
587	-0.76	11.438074007114
588	-0.75	11.422579765081
589	-0.74	11.408250722131
590	-0.73	11.394601381948
591	-0.72	11.381087744173
592	-0.71	11.367544835805
593	-0.7	11.353885121564
594	-0.69	11.33991860392
595	-0.68	11.32551452727
596	-0.67	11.310432206471
597	-0.66	11.2944650193
598	-0.65	11.277450621104
599	-0.64	11.25979024838
600	-0.63	11.241564134315
601	-0.62	11.222705267064
602	-0.61	11.203310468668
603	-0.6	11.184145610737
604	-0.59	11.166060539879
605	-0.58	11.14876162151
606	-0.57	11.131522632891
607	-0.56	11.113836958768
608	-0.55	11.095572902923
609	-0.54	11.076749020273
610	-0.53	11.057578435043
611	-0.52	11.037848402949
612	-0.51	11.017452818913
613	-0.5	10.99611699917
614	-0.49	10.974067941136
615	-0.48	10.951210207597
616	-0.47	10.926476303989
617	-0.46	10.898903010278
618	-0.45	10.869801159936
619	-0.44	10.841799378527
620	-0.43	10.815885298756
621	-0.42	10.79079831332
622	-0.41	10.765364485546
623	-0.4	10.739587837663
624	-0.39	10.713473320645
625	-0.38	10.687149705681
626	-0.37	10.660399024932
627	-0.36	10.632821465661
628	-0.35	10.604245771577
629	-0.34	10.575014750044
630	-0.33	10.545558188025
631	-0.32	10.515272808489
632	-0.31	10.483196037813
633	-0.3	10.451093561396
634	-0.29	10.422326303194
635	-0.28	10.398582231133
636	-0.27	10.377954785778
637	-0.26	10.358138309286
638	-0.25	10.338270308581
639	-0.24	10.318253853737
640	-0.23	10.298117242914
641	-0.22	10.276877139252
642	-0.21	10.252557717612
643	-0.2	10.223470047818
644	-0.19	10.188789678344
645	-0.18	10.146901469511
646	-0.17	10.092569327621
647	-0.16	10.022356862447
648	-0.15	9.9429216040864
649	-0.14	9.866493330462
650	-0.13	9.7939708498636
651	-0.12	9.7173208957959
652	-0.11	9.6342132901007
653	-0.1	9.5486653311763
654	-0.09	9.4661443322962
655	-0.08	9.3892770912677
656	-0.07	9.3193682378137
657	-0.06	9.2572123382182
658	-0.05	9.2027874074376
659	-0.04	9.1558437835293
660	-0.03	9.1152494664012
661	-0.02	9.0801651396172
662	-0.01	9.0493610859557
663	0	9.0222854203749
664	0.01	8.9974011970634
665	0.02	8.9746205590191
666	0.03	8.9535222898848
667	0.04	8.9335764269855
668	0.05	8.9139226641843
669	0.06	8.8950118358388
670	0.07	8.8767044460541
671	0.08	8.8580324373761
672	0.09	8.8400395187125
673	0.1	8.8218746521848
674	0.11	8.803963979316
675	0.12	8.7859087612353
676	0.13	8.7677390694658
677	0.14	8.7498175553951
678	0.15	8.7321604352012
679	0.16	8.7143966629323
680	0.17	8.6970719734469
681	0.18	8.6794141038299
682	0.19	8.6618926341729
683	0.2	8.6447365520166
684	0.21	8.6274832272619
685	0.22	8.6102151808061
686	0.23	8.5931573181802
687	0.24	8.5762120276942
688	0.25	8.5590907515228
689	0.26	8.5420027995489
690	0.27	8.524977876446
691	0.28	8.508206619426
692	0.29	8.4915203291522
693	0.3	8.4743585710681
694	0.31	8.4575854411878
695	0.32	8.4407868037744
696	0.33	8.4242003713276
697	0.34	8.4074416662981
698	0.35	8.3908419756351
699	0.36	8.3739647684295
700	0.37	8.3569794852424
701	0.38	8.3403648983185
702	0.39	8.3236403849044
703	0.4	8.3072206160605
704	0.41	8.2906810039707
705	0.42	8.2746458903987
706	0.43	8.2588247340919
707	0.44	8.2425159780106
708	0.45	8.2267112863012
709	0.46	8.2104105997511
710	0.47	8.1939660905586
711	0.48	8.1776271048841
712	0.49	8.1610081076168
713	0.5	8.1442461934831
714	0.51	8.1278260912369
715	0.52	8.1118013190524
716	0.53	8.0956411940193
717	0.54	8.0796642367798
718	0.55	8.0631597389119
719	0.56	8.0470114694681
720	0.57	8.0312816729556
721	0.58	8.0155587984653
722	0.59	7.9998475819769
723	0.6	7.9838146489693
724	0.61	7.9677612089798
725	0.62	7.9519241281916
726	0.63	7.935463753962
727	0.64	7.9193289598298
728	0.65	7.9034821435136
729	0.66	7.8872689674395
730	0.67	7.8712749187199
731	0.68	7.8547690369992
732	0.69	7.8387252300376
733	0.7	7.8227756287912
734	0.71	7.8069018051545
735	0.72	7.7906769274614
736	0.73	7.7748125301751
737	0.74	7.7584892286565
738	0.75	7.7428268006945
739	0.76	7.7269886064513
740	0.77	7.7113407211919
741	0.78	7.6960659794106
742	0.79	7.6807220460085
743	0.8	7.6639252879936
744	0.81	7.6475757316519
745	0.82	7.6310746243351
746	0.83	7.6147834702442
747	0.84	7.5987214573257
748	0.85	7.58298345692
749	0.86	7.5666955198025
750	0.87	7.5509995383945
751	0.88	7.5352873749956
752	0.89	7.5200422804973
753	0.9	7.5050952870348
754	0.91	7.489869253672
755	0.92	7.4754330656969
756	0.93	7.460851186867
757	0.94	7.446065334198
758	0.95	7.4310902603074
759	0.96	7.415409065674
760	0.97	7.3998634791776
761	0.98	7.3847380758775
762	0.99	7.3691625342852
763	1	7.3535473224045
764	1.01	7.3380611956916
765	1.02	7.3227266515398
766	1.03	7.3066963384741
767	1.04	7.2911666730936
768	1.05	7.2754759352395
769	1.06	7.2603198644682
770	1.07	7.2461676153023
771	1.08	7.2321330525022
772	1.09	7.2171967643119
773	1.1	7.2025685752986
774	1.11	7.1869834963084
775	1.12	7.1721725869698
776	1.13	7.1573534329628
777	1.14	7.1426688307343
778	1.15	7.1285766386758
779	1.16	7.113865549163
780	1.17	7.0985880990228
781	1.18	7.0837825115551
782	1.19	7.069387048582
783	1.2	7.0552357535248
784	1.21	7.0409619626507
785	1.22	7.0271360174399
786	1.23	7.0134885405571
787	1.24	6.9995561279003
788	1.25	6.9851333042043
789	1.26	6.9695465367817
790	1.27	6.9555445941795
791	1.28	6.9411469475705
792	1.29	6.9256158801719
793	1.3	6.9106546801078
794	1.31	6.8956073689713
795	1.32	6.8806017327511
796	1.33	6.8649750376347
797	1.34	6.8491459006907
798	1.35	6.8335831481944
799	1.36	6.8182737465414
800	1.37	6.8035351685069
801	1.38	6.7892392001359
802	1.39	6.7741155456772
803	1.4	6.7592414061209
804	1.41	6.7449733872719
805	1.42	6.7282536399541
806	1.43	6.7119501046219
807	1.44	6.6949211818013
808	1.45	6.6776187752134
809	1.46	6.6619646163298
810	1.47	6.6467737047715
811	1.48	6.632090799279
812	1.49	6.6146423375925
813	1.5	6.5961760946397
814	1.51	6.5787370533842
815	1.52	6.5607571615961
816	1.53	6.5421320108344
817	1.54	6.5258681865053
818	1.55	6.5105273459741
819	1.56	6.4951577156288
820	1.57	6.4798179062807
821	1.58	6.4632225091082
822	1.59	6.4449810174006
823	1.6	6.4260082838194
824	1.61	6.4087370005392
825	1.62	6.3915079743431
826	1.63	6.3724266297784
827	1.64	6.354665813771
828	1.65	6.3369725681641
829	1.66	6.3185829711416
830	1.67	6.3012356954747
831	1.68	6.2837236379277
832	1.69	6.2649227732379
833	1.7	6.2464357959134
834	1.71	6.2294112157456
835	1.72	6.2128403849901
836	1.73	6.1958271015329
837	1.74	6.1780124380341
838	1.75	6.1610612560203
839	1.76	6.1437063506689
840	1.77	6.1263404096906
841	1.78	6.1084442451848
842	1.79	6.0901849429477
843	1.8	6.0717287738446
844	1.81	6.0544859525169
845	1.82	6.0373511232748
846	1.83	6.0181769838711
847	1.84	5.9998208860596
848	1.85	5.9817489772641
849	1.86	5.9655796105622
850	1.87	5.9468876838183
851	1.88	5.9299682614261
852	1.89	5.9106717364239
853	1.9	5.8898528978847
854	1.91	5.8701310155092
855	1.92	5.850317438654
856	1.93	5.8312771495753
857	1.94	5.8126671344896
858	1.95	5.7975894129328
859	1.96	5.7836692953511
860	1.97	5.7642265685594
861	1.98	5.7413554457184
862	1.99	5.7197325354386
863	2	5.6970169338085
864	2.01	5.6761652414899
865	2.02	5.6569254035337
866	2.03	5.6405058644372
867	2.04	5.6225086581569
868	2.05	5.6070451652531
869	2.06	5.5895797940709
870	2.07	5.5707097281741
871	2.08	5.5514066668259
872	2.09	5.5310188555676
873	2.1	5.5118966135385
874	2.11	5.4948357111951
875	2.12	5.4794287964391
876	2.13	5.4615503505232
877	2.14	5.4442928092314
878	2.15	5.4279110281489
879	2.16	5.4089003832724
880	2.17	5.3904228566675
881	2.18	5.371524479976
882	2.19	5.352832479341
883	2.2	5.3359786521113
884	2.21	5.3227085452423
885	2.22	5.3088285510269
886	2.23	5.2939551212245
887	2.24	5.2789390320909
888	2.25	5.2627618547129
889	2.26	5.246775730119
890	2.27	5.2327222465927
891	2.28	5.2189326162102
892	2.29	5.2032314802354
893	2.3	5.1872702948171
894	2.31	5.1704014281146
895	2.32	5.1536884017134
896	2.33	5.138101575638
897	2.34	5.1239266489755
898	2.35	5.1114282351955
899	2.36	5.0976087435509
900	2.37	5.0849776930603
901	2.38	5.0705196686045
902	2.39	5.0542952074278
903	2.4	5.0396961159527
904	2.41	5.0246729161194
905	2.42	5.0123052850316
906	2.43	5.0020173146828
907	2.44	4.9908935910912
908	2.45	4.9791853349653
909	2.46	4.9647914605052
910	2.47	4.9512966926353
911	2.48	4.9370998700541
912	2.49	4.923680661608
913	2.5	4.912315039353
914	2.51	4.9009912338744
915	2.52	4.8918447501807
916	2.53	4.8821778025934
917	2.54	4.8727060722071
918	2.55	4.8607532376056
919	2.56	4.847988804626
920	2.57	4.8345830086866
921	2.58	4.8248459433281
922	2.59	4.8141979753951
923	2.6	4.8059383127455
924	2.61	4.7956115574214
925	2.62	4.7878428195687
926	2.63	4.778281364286
927	2.64	4.7696531000193
928	2.65	4.7603142501718
929	2.66	4.7505033843052
930	2.67	4.7420974843744
931	2.68	4.734841774524
932	2.69	4.7264005368716
933	2.7	4.7181446024769
934	2.71	4.7111608350586
935	2.72	4.7054837949174
936	2.73	4.696461951189
937	2.74	4.6910243410821
938	2.75	4.684007585758
939	2.76	4.6775782672496
940	2.77	4.6712905542712
941	2.78	4.6639675841483
942	2.79	4.6571323874495
943	2.8	4.6516598055871
944	2.81	4.6444931474463
945	2.82	4.6388097997357
946	2.83	4.6323385314109
947	2.84	4.6255922713096
948	2.85	4.6198836394124
949	2.86	4.6128593900241
950	2.87	4.6080056847842
951	2.88	4.6027492759828
952	2.89	4.5958221263885
953	2.9	4.5889413039086
954	2.91	4.5839505721298
955	2.92	4.5784342821666
956	2.93	4.5732133192495
957	2.94	4.5683079551184
958	2.95	4.5614846723189
959	2.96	4.5564785795322
960	2.97	4.5505439393677
961	2.98	4.5450774339574
962	2.99	4.5395947367603
963	3	4.5342452665122
964	3.01	4.5287739806028
965	3.02	4.5239044174575
966	3.03	4.5182635840285
967	3.04	4.5128768294187
968	3.05	4.5069898785291
969	3.06	4.5017240209703
970	3.07	4.4959549051343
971	3.08	4.4911521521475
972	3.09	4.4849469418235
973	3.1	4.4800655899862
974	3.11	4.4732866311774
975	3.12	4.4691865552406
976	3.13	4.4632435818487
977	3.14	4.4575008956351
978	3.15	4.4529990028722
979	3.16	4.4463193032156
980	3.17	4.4401016220322
981	3.18	4.4344249756033
982	3.19	4.4281794551588
983	3.2	4.4231657097644
984	3.21	4.4155222930666
985	3.22	4.409447266251
986	3.23	4.4040963439813
987	3.24	4.3974419201877
988	3.25	4.391429518204
989	3.26	4.3855962934336
990	3.27	4.3797788158604
991	3.28	4.3733599454124
992	3.29	4.366105242465
993	3.3	4.3599258433563
994	3.31	4.3530473945813
995	3.32	4.3463646750957
996	3.33	4.3403012109265
997	3.34	4.3333569320612
998	3.35	4.3256034485095
999	3.36	4.3199519766696
1000	3.37	4.3130182637345
1001	3.38	4.3059969873311
1002	3.39	4.2990742958502
1003	3.4	4.2909857348177
1004	3.41	4.2854457649277
1005	3.42	4.2764933363309
1006	3.43	4.2695731369234
1007	3.44	4.2609939509781
1008	3.45	4.2544632109832
1009	3.46	4.2468801605541
1010	3.47	4.238795747775
1011	3.48	4.2313988686082
1012	3.49	4.2229339251288
1013	3.5	4.2149096037342
1014	3.51	4.2069639252785
1015	3.52	4.1990651236964
1016	3.53	4.1902074839738
1017	3.54	4.1813927036115
1018	3.55	4.173164847049
1019	3.56	4.1648665356508
1020	3.57	4.1553392884952
1021	3.58	4.1471816933347
1022	3.59	4.1371661394889
1023	3.6	4.1289846339984
1024	3.61	4.119667027501
1025	3.62	4.110163024074
1026	3.63	4.1010671455354
1027	3.64	4.0915447489573
1028	3.65	4.0823192120409
1029	3.66	4.0717322852376
1030	3.67	4.0619075024867
1031	3.68	4.0519127474223
1032	3.69	4.042628960071
1033	3.7	4.0320581817382
1034	3.71	4.0222503879546
1035	3.72	4.0122622670021
1036	3.73	4.0019410689802
1037	3.74	3.9910089849123
1038	3.75	3.9799565447517
1039	3.76	3.9694430814536
1040	3.77	3.9593048593155
1041	3.78	3.9477984490181
1042	3.79	3.9370349701343
1043	3.8	3.9259125785658
1044	3.81	3.9133389182658
1045	3.82	3.9026615029959
1046	3.83	3.8909113291979
1047	3.84	3.8795740897373
1048	3.85	3.8677145918305
1049	3.86	3.8555756108106
1050	3.87	3.8440105289076
1051	3.88	3.8311935393456
1052	3.89	3.8185747944329
1053	3.9	3.8064376695748
1054	3.91	3.7940126564369
1055	3.92	3.7803269954601
1056	3.93	3.7690115034984
1057	3.94	3.7567269668553
1058	3.95	3.7428830598633
1059	3.96	3.7293208216192
1060	3.97	3.715870656729
1061	3.98	3.7022258850638
1062	3.99	3.6895892527227
1063	4	3.6752848785339
1064	4.01	3.6619237016169
1065	4.02	3.6477109556137
1066	4.03	3.6333611444258
1067	4.04	3.6194584168844
1068	4.05	3.605232538916
1069	4.06	3.5899393190086
1070	4.07	3.5748842364319
1071	4.08	3.5592211123821
1072	4.09	3.5449828033218
1073	4.1	3.5296344889557
1074	4.11	3.5137142269477
1075	4.12	3.4983320860827
1076	4.13	3.4824705891481
1077	4.14	3.4661773372339
1078	4.15	3.4509767963197
1079	4.16	3.4337965966437
1080	4.17	3.4182466713965
1081	4.18	3.401505607033
1082	4.19	3.3844578216441
1083	4.2	3.3678496982466
1084	4.21	3.3508461239304
1085	4.22	3.3333808329097
1086	4.23	3.3163519468837
1087	4.24	3.2990482743319
1088	4.25	3.2806675763494
1089	4.26	3.2632546734346
1090	4.27	3.2463304047695
1091	4.28	3.226859691071
1092	4.29	3.2082528734813
1093	4.3	3.1896088888438
1094	4.31	3.1720977811922
1095	4.32	3.1518538281432
1096	4.33	3.1323801588465
1097	4.34	3.1151754599742
1098	4.35	3.0950966045998
1099	4.36	3.0746625173351
1100	4.37	3.0548375559359
1101	4.38	3.0350514319569
1102	4.39	3.0142299506136
1103	4.4	2.9936640491523
1104	4.41	2.9736727939512
1105	4.42	2.9529718684444
1106	4.43	2.9335442826155
1107	4.44	2.9113820085322
1108	4.45	2.8897301997935
1109	4.46	2.8679122965192
1110	4.47	2.8468535843449
1111	4.48	2.82400900337
1112	4.49	2.8032694732096
1113	4.5	2.7813428612242
1114	4.51	2.7575440404481
1115	4.52	2.7361188704592
1116	4.53	2.7126474090652
1117	4.54	2.6901968760823
1118	4.55	2.666773589497
1119	4.56	2.6437889049165
1120	4.57	2.6195442188753
1121	4.58	2.5959700378551
1122	4.59	2.5733623770631
1123	4.6	2.5479254665104
1124	4.61	2.5223467014686
1125	4.62	2.4973226762201
1126	4.63	2.4745978683041
1127	4.64	2.4484178998609
1128	4.65	2.4245795814029
1129	4.66	2.3986492726822
1130	4.67	2.3731074147695
1131	4.68	2.3474049826534
1132	4.69	2.3207032819704
1133	4.7	2.2953513140513
1134	4.71	2.2665100260379
1135	4.72	2.2409112652647
1136	4.73	2.2141032241793
1137	4.74	2.1867947907214
1138	4.75	2.1593979604314
1139	4.76	2.1332329641448
1140	4.77	2.1060592403202
1141	4.78	2.0778985023857
1142	4.79	2.0511149846511
1143	4.8	2.0206969862873
1144	4.81	1.9919192997086
1145	4.82	1.9656550037967
1146	4.83	1.936635824463
1147	4.84	1.9057779066543
1148	4.85	1.8790089230938
1149	4.86	1.8487466977259
1150	4.87	1.8186530650863
1151	4.88	1.7886859833058
1152	4.89	1.76048121228
1153	4.9	1.7298729371705
1154	4.91	1.7006807468023
1155	4.92	1.6690004904167
1156	4.93	1.6382397980226
1157	4.94	1.6115461973618
1158	4.95	1.5789050072457
1159	4.96	1.5497735661429
1160	4.97	1.5176239128436
1161	4.98	1.482089333806
1162	4.99	1.4547817770125
1163	5	1.4229763808676
1164	5.01	1.3894019018
1165	5.02	1.3581926770586
1166	5.03	1.3278926572954
1167	5.04	1.2933877129299
1168	5.05	1.2599557299858
1169	5.06	1.2279947897243
1170	5.07	1.2005659536778
1171	5.08	1.1677104523339
1172	5.09	1.1339680529369
1173	5.1	1.1002698087468
1174	5.11	1.0657322609457
1175	5.12	1.0384678136394
1176	5.13	0.99938850887953
1177	5.14	0.96934510897207
1178	5.15	0.93061494220225
1179	5.16	0.8949806040027
1180	5.17	0.86611409315299
1181	5.18	0.83052106784322
1182	5.19	0.79953238411741
1183	5.2	0.76721327801782
1184	5.21	0.72893498170758
1185	5.22	0.69100755128142
1186	5.23	0.65902347954422
1187	5.24	0.62261843399354
1188	5.25	0.59053540463157
1189	5.26	0.55938966896733
1190	5.27	0.51951219827693
1191	5.28	0.48061291132764
1192	5.29	0.44869639755922
1193	5.3	0.40529191914205
1194	5.31	0.37376232289934
1195	5.32	0.33258916632542
1196	5.33	0.2996207708833
1197	5.34	0.26113748334211
1198	5.35	0.22423819124312
1199	5.36	0.18119030300746
1200	5.37	0.1437037021613
1201	5.38	0.11177695036539
1202	5.39	0.077014145379762
1203	5.4	0.044022544434162
1204	5.41	0.00053636438240396
1205	5.42	-0.0264266257878
1206	5.43	-0.069920495887268
1207	5.44	-0.11194058024897
1208	5.45	-0.14514607729741
1209	5.46	-0.19139076493358
1210	5.47	-0.22702801537325
1211	5.48	-0.25800717064422
1212	5.49	-0.30543593113034
1213	5.5	-0.34781036218126
1214	5.51	-0.37918569444398
1215	5.52	-0.42814301203054
1216	5.53	-0.47144466321306
1217	5.54	-0.50935253735955
1218	5.55	-0.55850134517268
1219	5.56	-0.60332756813414
1220	5.57	-0.63315402273422
1221	5.58	-0.66324316589618
1222	5.59	-0.72536771247291
1223	5.6	-0.74290277434229
1224	5.61	-0.80906390778461
1225	5.62	-0.85576916932982
1226	5.63	-0.90161457493322
1227	5.64	-0.9499161831143
1228	5.65	-0.98773961506246
1229	5.66	-1.031886427974
1230	5.67	-1.0804022474457
1231	5.68	-1.1369692340132
1232	5.69	-1.2096160431511
1233	5.7	-1.2335653862263
1234	5.71	-1.2904699081092
1235	5.72	-1.3187972891987
1236	5.73	-1.3720659793557
1237	5.74	-1.4577866932938
1238	5.75	-1.5123422106879
1239	5.76	-1.5540235586946
1240	5.77	-1.5759227819943
1241	5.78	-1.613308582484
1242	5.79	-1.6679254434148
1243	5.8	-1.6836587871678
1244	5.81	-1.7173804227531
1245	5.82	-1.7739853174498
1246	5.83	-1.8741619477989
1247	5.84	-1.8779428274639
1248	5.85	-1.9177590566
1249	5.86	-1.9892291723695
1250	5.87	-1.9721538947765
1251	5.88	-2.0899369383786
1252	5.89	-2.173044036714
1253	5.9	-2.1723201713222
1254	5.91	-2.1650153131138
1255	5.92	-2.2610359836917
1256	5.93	-2.3237423342077
1257	5.94	-2.4214116904808
1258	5.95	-2.3879459966997
1259	5.96	-2.4589024226412
1260	5.97	-2.5061504800608
1261	5.98	-2.5293119261187
1262	5.99	-2.6362219391268
1263	6	-2.6632552784256
1264	6.01	-2.5868954477509
1265	6.02	-2.8507463657194
1266	6.03	-2.7390127689863
1267	6.04	-2.720984045386
1268	6.05	-2.8559227819943
1269	6.06	-2.9308635889274
1270	6.07	-2.9408635889274
1271	6.08	-2.9237113428837
1272	6.09	-2.9207463657194
1273	6.1	-2.9059227819943
1274	6.11	-3.0572519347908
1275	6.12	-2.9770753044417
1276	6.13	-3.0942852740896
1277	6.14	-2.9707463657194
1278	6.15	-3.035104028042
1279	6.16	-3.2917763613834
1280	6.17	-3.3017763613834
1281	6.18	-2.9981572384114
1282	6.19	-3.2969527776583
1283	6.2	-3.3861340237059
1284	6.21	-3.3169527776583
1285	6.22	-3.4061340237059
1286	6.23	-3.3881053001057
1287	6.24	-3.3469527776583
1288	6.25	-3.5708325976034
1289	6.26	-3.543044036714
1290	6.27	-3.4561340237059
1291	6.28	-3.7391352957697
1292	6.29	-3.7491352957697
1293	6.3	-3.7591352957697
1294	6.31	-3.6308325976034
1295	6.32	-3.7791352957697
1296	6.33	-4.0901652914337
1297	6.34	-4.4011952870976
1298	6.35	-3.8671272427473
1299	6.36	-4.7222252827616
1300	6.37	-4.4311952870976
1301	6.38	-4.4411952870976
1302	6.39	-4.275104028042
1303	6.4	-3.9171272427474
1304	6.42	-4.1801652914337
1305	6.43	-4.7922252827616
1306	6.45	-4.335104028042
1307	6.46	-4.8222252827616
1308	6.47	-4.5311952870976
1309	6.48	-4.8422252827616
1310	6.49	-4.5511952870976
