0	-8.26	9.8977747172383
1	-8.12	9.7577747172383
2	-7.74	9.6788047129024
3	-7.73	9.3677747172384
4	-7.64	9.2777747172384
5	-7.62	9.2577747172384
6	-7.6	9.2377747172384
7	-7.57	9.2077747172384
8	-7.56	9.1977747172384
9	-7.55	9.1877747172384
10	-7.53	9.1677747172384
11	-7.52	9.1577747172384
12	-7.51	9.4488047129024
13	-7.49	9.4288047129024
14	-7.48	9.594895971958
15	-7.47	9.1077747172384
16	-7.45	9.0877747172384
17	-7.44	9.0777747172384
18	-7.43	9.0677747172384
19	-7.42	9.3588047129024
20	-7.41	9.3488047129024
21	-7.39	9.3288047129024
22	-7.38	9.3188047129024
23	-7.37	9.0077747172384
24	-7.36	8.9977747172384
25	-7.35	9.464895971958
26	-7.34	9.2788047129024
27	-7.33	8.9677747172384
28	-7.32	9.2588047129024
29	-7.31	8.9477747172384
30	-7.3	9.5398347085664
31	-7.29	8.9277747172384
32	-7.28	8.9177747172384
33	-7.27	8.9077747172384
34	-7.26	9.374895971958
35	-7.24	8.8777747172384
36	-7.23	9.5667447215744
37	-7.22	8.8577747172384
38	-7.21	9.625925967622
39	-7.2	9.3148959719581
40	-7.19	9.5267447215744
41	-7.18	9.7208647042303
42	-7.17	9.5067447215744
43	-7.16	9.575925967622
44	-7.15	9.2648959719581
45	-7.14	9.3798347085663
46	-7.13	9.4667447215744
47	-7.12	9.3598347085663
48	-7.11	9.224895971958
49	-7.1	9.6408647042303
50	-7.09	9.5728727572526
51	-7.08	9.194895971958
52	-7.07	9.4067447215744
53	-7.06	9.475925967622
54	-7.05	9.5908647042303
55	-7.04	9.6777747172384
56	-7.03	9.3667447215745
57	-7.02	9.5028727572526
58	-7.01	9.425925967622
59	-7	9.3367447215744
60	-6.99	9.5820172266777
61	-6.98	9.5720172266778
62	-6.97	9.6491674023966
63	-6.96	9.2967447215744
64	-6.95	9.7017180695452
65	-6.94	9.8082236386167
66	-6.93	9.6091674023966
67	-6.92	9.5991674023966
68	-6.91	9.626955963286
69	-6.9	9.8165283181912
70	-6.89	9.7318946998943
71	-6.88	9.6639027529166
72	-6.87	9.6838659762941
73	-6.86	9.9449327485806
74	-6.85	9.6017180695452
75	-6.84	9.7788047129024
76	-6.83	9.7688047129024
77	-6.82	9.7588047129024
78	-6.81	9.809502553256
79	-6.8	9.6138659762941
80	-6.79	9.8257147259104
81	-6.78	9.79798595895
82	-6.77	9.9518427615886
83	-6.76	9.874895971958
84	-6.75	9.8349327485806
85	-6.74	9.8829246955583
86	-6.73	9.9240772180057
87	-6.72	9.834895971958
88	-6.71	9.7949327485806
89	-6.7	9.8692536342806
90	-6.69	9.8718427615886
91	-6.68	9.9898725751741
92	-6.67	9.8518427615887
93	-6.66	9.9210240076363
94	-6.65	9.7929246955583
95	-6.64	9.9498725751741
96	-6.63	10.045925967622
97	-6.62	9.9901684770613
98	-6.61	10.003649572911
99	-6.6	9.9537780608732
100	-6.59	10.04731865278
101	-6.58	10.087006436969
102	-6.57	10.059033065957
103	-6.56	10.049033065957
104	-6.55	10.122273168482
105	-6.54	10.08086470423
106	-6.53	10.07086470423
107	-6.52	9.9773186527802
108	-6.51	10.011097577359
109	-6.5	10.087164723883
110	-6.49	10.067293969857
111	-6.48	10.090902570838
112	-6.47	10.116374889
113	-6.46	10.158472557592
114	-6.45	10.133097696025
115	-6.44	10.115201215179
116	-6.43	10.188348648444
117	-6.42	10.228036432633
118	-6.41	10.154984686886
119	-6.4	10.222466148056
120	-6.39	10.223674369648
121	-6.38	10.210899315593
122	-6.37	10.192466148056
123	-6.36	10.290030788595
124	-6.35	10.268808084486
125	-6.34	10.254236521412
126	-6.33	10.251075945942
127	-6.32	10.298218832078
128	-6.31	10.298022735573
129	-6.3	10.291883156386
130	-6.29	10.264234451087
131	-6.28	10.275709564239
132	-6.27	10.340744008113
133	-6.26	10.314415224577
134	-6.25	10.344140750367
135	-6.24	10.320254486303
136	-6.23	10.359136411073
137	-6.22	10.390529096231
138	-6.21	10.408876100887
139	-6.2	10.450558573958
140	-6.19	10.379224715211
141	-6.18	10.390646319439
142	-6.17	10.4330871682
143	-6.16	10.464292697793
144	-6.15	10.440021058242
145	-6.14	10.422213306706
146	-6.13	10.457970797267
147	-6.12	10.48612849926
148	-6.11	10.455344893336
149	-6.1	10.497442561928
150	-6.09	10.502291682967
151	-6.08	10.548363385924
152	-6.07	10.535143990292
153	-6.06	10.556913014533
154	-6.05	10.562256534938
155	-6.04	10.55744392287
156	-6.03	10.563749449597
157	-6.02	10.589232587927
158	-6.01	10.597164723883
159	-6	10.602505638292
160	-5.99	10.62076981567
161	-5.98	10.626800459325
162	-5.97	10.62145441453
163	-5.96	10.656200741695
164	-5.95	10.636992739909
165	-5.94	10.669441674834
166	-5.93	10.682719132951
167	-5.92	10.690354564898
168	-5.91	10.692971123353
169	-5.9	10.697943010197
170	-5.89	10.735139754707
171	-5.88	10.733676530442
172	-5.87	10.719429117792
173	-5.86	10.733050593925
174	-5.85	10.754476684122
175	-5.84	10.739275490437
176	-5.83	10.768152782109
177	-5.82	10.776463987186
178	-5.81	10.796857886018
179	-5.8	10.799880036532
180	-5.79	10.793075465876
181	-5.78	10.812226398065
182	-5.77	10.823582444874
183	-5.76	10.851704309296
184	-5.75	10.864316526266
185	-5.74	10.861076669597
186	-5.73	10.871701521432
187	-5.72	10.878389239117
188	-5.71	10.894317380717
189	-5.7	10.905154024889
190	-5.69	10.921060784259
191	-5.68	10.92167654897
192	-5.67	10.939826883944
193	-5.66	10.936962277174
194	-5.65	10.955880955171
195	-5.64	10.962171195657
196	-5.63	10.966136283293
197	-5.62	10.987101526885
198	-5.61	10.999130816964
199	-5.6	10.998724668649
200	-5.59	11.012320691293
201	-5.58	11.021777771968
202	-5.57	11.027121201319
203	-5.56	11.042996823667
204	-5.55	11.052819438931
205	-5.54	11.060242332134
206	-5.53	11.066828785237
207	-5.52	11.085863176903
208	-5.51	11.087493599592
209	-5.5	11.107050812727
210	-5.49	11.11036250794
211	-5.48	11.1145489881
212	-5.47	11.133285390091
213	-5.46	11.145477825373
214	-5.45	11.151745724203
215	-5.44	11.16338634771
216	-5.43	11.164580487061
217	-5.42	11.182441934937
218	-5.41	11.191788183025
219	-5.4	11.190001889077
220	-5.39	11.206406392632
221	-5.38	11.214834625299
222	-5.37	11.226205180858
223	-5.36	11.236021603765
224	-5.35	11.25070018657
225	-5.34	11.261211641766
226	-5.33	11.268022278432
227	-5.32	11.27916599555
228	-5.31	11.29440148477
229	-5.3	11.301424296757
230	-5.29	11.308564632562
231	-5.28	11.315158472896
232	-5.27	11.327416603477
233	-5.26	11.342896102806
234	-5.25	11.347845260533
235	-5.24	11.36319799617
236	-5.23	11.370324733365
237	-5.22	11.381781162796
238	-5.21	11.39345286703
239	-5.2	11.396063186672
240	-5.19	11.410315314395
241	-5.18	11.417428578482
242	-5.17	11.428483205259
243	-5.16	11.440476600111
244	-5.15	11.447595875294
245	-5.14	11.457819999596
246	-5.13	11.469515349676
247	-5.12	11.477702335132
248	-5.11	11.492138120784
249	-5.1	11.501868617415
250	-5.09	11.509357775602
251	-5.08	11.519726952093
252	-5.07	11.529203081513
253	-5.06	11.542705211352
254	-5.05	11.548573729734
255	-5.04	11.558971005728
256	-5.03	11.570701813256
257	-5.02	11.579617198644
258	-5.01	11.590263950053
259	-5	11.599115115216
260	-4.99	11.60963860823
261	-4.98	11.621605620397
262	-4.97	11.631331693705
263	-4.96	11.639731618562
264	-4.95	11.649065059617
265	-4.94	11.658740138989
266	-4.93	11.672920282248
267	-4.92	11.679127705274
268	-4.91	11.690852001412
269	-4.9	11.700049298295
270	-4.89	11.712517238519
271	-4.88	11.720216714349
272	-4.87	11.729058516731
273	-4.86	11.740432902385
274	-4.85	11.750958505465
275	-4.84	11.762176121115
276	-4.83	11.770668175595
277	-4.82	11.780481802207
278	-4.81	11.789972296229
279	-4.8	11.80165734181
280	-4.79	11.81009800062
281	-4.78	11.81940613101
282	-4.77	11.830841920093
283	-4.76	11.839754053906
284	-4.75	11.850623249087
285	-4.74	11.860532568806
286	-4.73	11.872617866719
287	-4.72	11.880495350549
288	-4.71	11.891332476114
289	-4.7	11.900926990836
290	-4.69	11.911194550926
291	-4.68	11.919684851118
292	-4.67	11.93072196456
293	-4.66	11.941481973585
294	-4.65	11.950654323125
295	-4.64	11.960971300026
296	-4.63	11.96913629862
297	-4.62	11.980847647458
298	-4.61	11.990267324884
299	-4.6	12.000335502935
300	-4.59	12.010261674319
301	-4.58	12.020279575492
302	-4.57	12.030385368262
303	-4.56	12.039790140072
304	-4.55	12.050311566894
305	-4.54	12.06138619146
306	-4.53	12.069732979545
307	-4.52	12.080587336703
308	-4.51	12.090729244643
309	-4.5	12.100464564233
310	-4.49	12.110448390935
311	-4.48	12.121098218163
312	-4.47	12.129965047971
313	-4.46	12.140823246665
314	-4.45	12.150547297994
315	-4.44	12.160321698556
316	-4.43	12.170295890488
317	-4.42	12.179452392544
318	-4.41	12.190311217835
319	-4.4	12.200980533539
320	-4.39	12.210677320064
321	-4.38	12.220352390595
322	-4.37	12.230817436817
323	-4.36	12.239965935193
324	-4.35	12.250572866524
325	-4.34	12.260447800656
326	-4.33	12.270688499565
327	-4.32	12.280440898481
328	-4.31	12.290400876572
329	-4.3	12.300478429779
330	-4.29	12.310358675538
331	-4.28	12.320385974276
332	-4.27	12.32982669036
333	-4.26	12.340679792504
334	-4.25	12.350320050753
335	-4.24	12.359865437024
336	-4.23	12.370023439394
337	-4.22	12.38050590762
338	-4.21	12.390306989833
339	-4.2	12.40047265492
340	-4.19	12.410500158536
341	-4.18	12.420399033164
342	-4.17	12.430038074914
343	-4.16	12.440306997962
344	-4.15	12.450711045031
345	-4.14	12.460323202106
346	-4.13	12.470323031473
347	-4.12	12.480379932616
348	-4.11	12.490479821844
349	-4.1	12.500411649707
350	-4.09	12.510512495408
351	-4.08	12.520467663084
352	-4.07	12.530388504531
353	-4.06	12.540519964569
354	-4.05	12.550607500064
355	-4.04	12.560584554979
356	-4.03	12.570339161488
357	-4.02	12.580526740581
358	-4.01	12.590320713947
359	-4	12.600490261175
360	-3.99	12.610361739437
361	-3.98	12.620541936218
362	-3.97	12.630545151335
363	-3.96	12.640483647442
364	-3.95	12.650657895846
365	-3.94	12.660384862842
366	-3.93	12.670409400554
367	-3.92	12.680243101207
368	-3.91	12.690250689456
369	-3.9	12.700510089824
370	-3.89	12.710434696725
371	-3.88	12.720296980959
372	-3.87	12.730352243939
373	-3.86	12.740447358176
374	-3.85	12.75037194739
375	-3.84	12.760600857546
376	-3.83	12.770528801051
377	-3.82	12.7802530224
378	-3.81	12.790335481752
379	-3.8	12.800316488742
380	-3.79	12.810375016516
381	-3.78	12.82038808814
382	-3.77	12.830345221856
383	-3.76	12.840357278069
384	-3.75	12.850292384217
385	-3.74	12.860291361289
386	-3.73	12.870231567623
387	-3.72	12.880318109851
388	-3.71	12.890399911933
389	-3.7	12.900274054506
390	-3.69	12.91034993892
391	-3.68	12.920294708444
392	-3.67	12.930364195948
393	-3.66	12.940281359035
394	-3.65	12.950248729726
395	-3.64	12.96031757321
396	-3.63	12.970317810984
397	-3.62	12.980214405844
398	-3.61	12.990286387082
399	-3.6	13.000238788543
400	-3.59	13.010204848699
401	-3.58	13.020233762562
402	-3.57	13.030178814681
403	-3.56	13.040243462325
404	-3.55	13.050265791555
405	-3.54	13.060161192493
406	-3.53	13.070118396016
407	-3.52	13.080097407398
408	-3.51	13.090148247719
409	-3.5	13.10013361456
410	-3.49	13.110098551012
411	-3.48	13.120028406891
412	-3.47	13.130014964767
413	-3.46	13.1400834366
414	-3.45	13.150037891291
415	-3.44	13.15994355137
416	-3.43	13.169976064681
417	-3.42	13.179961049371
418	-3.41	13.189884862226
419	-3.4	13.199850485725
420	-3.39	13.209887467192
421	-3.38	13.2197876386
422	-3.37	13.229798951511
423	-3.36	13.239790035015
424	-3.35	13.249802574252
425	-3.34	13.259703167827
426	-3.33	13.269692282798
427	-3.32	13.279619099554
428	-3.31	13.28965967919
429	-3.3	13.299583320742
430	-3.29	13.309494164352
431	-3.28	13.319475656588
432	-3.27	13.329499152331
433	-3.26	13.339420392324
434	-3.25	13.349366196203
435	-3.24	13.359297072309
436	-3.23	13.369241039033
437	-3.22	13.379203874283
438	-3.21	13.389154554278
439	-3.2	13.399088749313
440	-3.19	13.40903553825
441	-3.18	13.418965002898
442	-3.17	13.428846871183
443	-3.16	13.438756052391
444	-3.15	13.448689429877
445	-3.14	13.45866103537
446	-3.13	13.468541503724
447	-3.12	13.47843848362
448	-3.11	13.488350035787
449	-3.1	13.498272560803
450	-3.09	13.508161485013
451	-3.08	13.51808306545
452	-3.07	13.527947842191
453	-3.06	13.537834931583
454	-3.05	13.547684555438
455	-3.04	13.557573763239
456	-3.03	13.567418969194
457	-3.02	13.577283390581
458	-3.01	13.587140763679
459	-3	13.59701105877
460	-2.99	13.606820366528
461	-2.98	13.616658126449
462	-2.97	13.626480756036
463	-2.96	13.636296831208
464	-2.95	13.646104527598
465	-2.94	13.65590751378
466	-2.93	13.665672250599
467	-2.92	13.67545300371
468	-2.91	13.685234808221
469	-2.9	13.694987249522
470	-2.89	13.704724672324
471	-2.88	13.714456337753
472	-2.87	13.724185871203
473	-2.86	13.73389972709
474	-2.85	13.74355568729
475	-2.84	13.753251586611
476	-2.83	13.762933530583
477	-2.82	13.772576968599
478	-2.81	13.782202907597
479	-2.8	13.791815619496
480	-2.79	13.801399265847
481	-2.78	13.810978958158
482	-2.77	13.820539349298
483	-2.76	13.830074990953
484	-2.75	13.839604806218
485	-2.74	13.849083247639
486	-2.73	13.858560188255
487	-2.72	13.86799509085
488	-2.71	13.877426148092
489	-2.7	13.88680731278
490	-2.69	13.896172299394
491	-2.68	13.905526700388
492	-2.67	13.914810646801
493	-2.66	13.924093867013
494	-2.65	13.933324289805
495	-2.64	13.942546558729
496	-2.63	13.951690719559
497	-2.62	13.960832897806
498	-2.61	13.969920384074
499	-2.6	13.978966697136
500	-2.59	13.987974073648
501	-2.58	13.996932901996
502	-2.57	14.005841080226
503	-2.56	14.014705979856
504	-2.55	14.0235179162
505	-2.54	14.032278360586
506	-2.53	14.040982523247
507	-2.52	14.049635901211
508	-2.51	14.058216049871
509	-2.5	14.066731783242
510	-2.49	14.075180924424
511	-2.48	14.083569301856
512	-2.47	14.091874304765
513	-2.46	14.100119107251
514	-2.45	14.108280079866
515	-2.44	14.116363117988
516	-2.43	14.124354419755
517	-2.42	14.132268571018
518	-2.41	14.140079043501
519	-2.4	14.147800282881
520	-2.39	14.15543037677
521	-2.38	14.16294714407
522	-2.37	14.170365951071
523	-2.36	14.177665974163
524	-2.35	14.184860615178
525	-2.34	14.191937177617
526	-2.33	14.198882978713
527	-2.32	14.205721344313
528	-2.31	14.21241131953
529	-2.3	14.218966070588
530	-2.29	14.225383884015
531	-2.28	14.231659794291
532	-2.27	14.237780687105
533	-2.26	14.243753254593
534	-2.25	14.249559738068
535	-2.24	14.255207993889
536	-2.23	14.260686882505
537	-2.22	14.265986808483
538	-2.21	14.271116086424
539	-2.2	14.276062192228
540	-2.19	14.280821631287
541	-2.18	14.285387510114
542	-2.17	14.289754125945
543	-2.16	14.293926236052
544	-2.15	14.29789857295
545	-2.14	14.301660098773
546	-2.13	14.30521317543
547	-2.12	14.308545661944
548	-2.11	14.311663634889
549	-2.1	14.314565566047
550	-2.09	14.317244835346
551	-2.08	14.319705530547
552	-2.07	14.321941416098
553	-2.06	14.323948740182
554	-2.05	14.32573735318
555	-2.04	14.32729721941
556	-2.03	14.328638095167
557	-2.02	14.329753259635
558	-2.01	14.330650371616
559	-2	14.331331388311
560	-1.99	14.331797669038
561	-1.98	14.332054456307
562	-1.97	14.332104958932
563	-1.96	14.331955475838
564	-1.95	14.331605922941
565	-1.94	14.331074750388
566	-1.93	14.330353912217
567	-1.92	14.329455874235
568	-1.91	14.328385883516
569	-1.9	14.327154784837
570	-1.89	14.325763128042
571	-1.88	14.324221141997
572	-1.87	14.322526720582
573	-1.86	14.320693339258
574	-1.85	14.318722782725
575	-1.84	14.316613501611
576	-1.83	14.314377676654
577	-1.82	14.31201696995
578	-1.81	14.309519505804
579	-1.8	14.30689635141
580	-1.79	14.304146375515
581	-1.78	14.30125429023
582	-1.77	14.298226604941
583	-1.76	14.295060616349
584	-1.75	14.291740549983
585	-1.74	14.288259109355
586	-1.73	14.284609294656
587	-1.72	14.280778552809
588	-1.71	14.276754512908
589	-1.7	14.272525917862
590	-1.69	14.268072129066
591	-1.68	14.263388283044
592	-1.67	14.258453315924
593	-1.66	14.253251126943
594	-1.65	14.247765131231
595	-1.64	14.241976938111
596	-1.63	14.235872923024
597	-1.62	14.229437731124
598	-1.61	14.222648143034
599	-1.6	14.215487949879
600	-1.59	14.207946439117
601	-1.58	14.200000623104
602	-1.57	14.191641841732
603	-1.56	14.182850005546
604	-1.55	14.173615219648
605	-1.54	14.163929319916
606	-1.53	14.153772070386
607	-1.52	14.143141376948
608	-1.51	14.132026697237
609	-1.5	14.120421914616
610	-1.49	14.108328370057
611	-1.48	14.095737249293
612	-1.47	14.0826560185
613	-1.46	14.069085734643
614	-1.45	14.055031242492
615	-1.44	14.040508365991
616	-1.43	14.025526570433
617	-1.42	14.010098708042
618	-1.41	13.994248040292
619	-1.4	13.977996364801
620	-1.39	13.961372959151
621	-1.38	13.94440413689
622	-1.37	13.927117298491
623	-1.36	13.909555536817
624	-1.35	13.891753516244
625	-1.34	13.873754434651
626	-1.33	13.855588326056
627	-1.32	13.837304629445
628	-1.31	13.818950425468
629	-1.3	13.800560964218
630	-1.29	13.782181893622
631	-1.28	13.763852761075
632	-1.27	13.745608583914
633	-1.26	13.727478786432
634	-1.25	13.709503604371
635	-1.24	13.691715944741
636	-1.23	13.674129343543
637	-1.22	13.65676681379
638	-1.21	13.639646827578
639	-1.2	13.622784707657
640	-1.19	13.60618246754
641	-1.18	13.589848903293
642	-1.17	13.573779886153
643	-1.16	13.557984591662
644	-1.15	13.542454969796
645	-1.14	13.527184392914
646	-1.13	13.512159544417
647	-1.12	13.497384801481
648	-1.11	13.48283551366
649	-1.1	13.468513827846
650	-1.09	13.45440122414
651	-1.08	13.440480726065
652	-1.07	13.426741039952
653	-1.06	13.413173535367
654	-1.05	13.399755406486
655	-1.04	13.386481837521
656	-1.03	13.373328220386
657	-1.02	13.36027597622
658	-1.01	13.347318968703
659	-1	13.334430251218
660	-0.99	13.32160149825
661	-0.98	13.308802457803
662	-0.97	13.296031676622
663	-0.96	13.283254063619
664	-0.95	13.270461659712
665	-0.94	13.257629572136
666	-0.93	13.244741180284
667	-0.92	13.231777336115
668	-0.91	13.218717202805
669	-0.9	13.205547418675
670	-0.89	13.192240026133
671	-0.88	13.17877881032
672	-0.87	13.165147814879
673	-0.86	13.151324987262
674	-0.85	13.137289665145
675	-0.84	13.12302247323
676	-0.83	13.108509014097
677	-0.82	13.093732195758
678	-0.81	13.078669515875
679	-0.8	13.063297961706
680	-0.79	13.04760578833
681	-0.78	13.031572762814
682	-0.77	13.015174501234
683	-0.76	12.998403848474
684	-0.75	12.981228711656
685	-0.74	12.963645804914
686	-0.73	12.945617595366
687	-0.72	12.927138183994
688	-0.71	12.908178883392
689	-0.7	12.888727564454
690	-0.69	12.868749835237
691	-0.68	12.848230434862
692	-0.67	12.82714261194
693	-0.66	12.805469368701
694	-0.65	12.78317628265
695	-0.64	12.760236187246
696	-0.63	12.736629554938
697	-0.62	12.712320003873
698	-0.61	12.687278717001
699	-0.6	12.661465452462
700	-0.59	12.634868730798
701	-0.58	12.607438811424
702	-0.57	12.579135764394
703	-0.56	12.549930459304
704	-0.55	12.51978526181
705	-0.54	12.488661425376
706	-0.53	12.456516890471
707	-0.52	12.423299561254
708	-0.51	12.388977019602
709	-0.5	12.353517764098
710	-0.49	12.316853258419
711	-0.48	12.278948279483
712	-0.47	12.239757717262
713	-0.46	12.19923182641
714	-0.45	12.15731595785
715	-0.44	12.113991080707
716	-0.43	12.069149704836
717	-0.42	12.022803054104
718	-0.41	11.974865064336
719	-0.4	11.925297900938
720	-0.39	11.874054056874
721	-0.38	11.82106182775
722	-0.37	11.7662775674
723	-0.36	11.709661713537
724	-0.35	11.651161294412
725	-0.34	11.59070722097
726	-0.33	11.528256505161
727	-0.32	11.463767292866
728	-0.31	11.397149813485
729	-0.3	11.328410776211
730	-0.29	11.257446819961
731	-0.28	11.184248932842
732	-0.27	11.108756978554
733	-0.26	11.030936059308
734	-0.25	10.950760766023
735	-0.24	10.868184151134
736	-0.23	10.783253581051
737	-0.22	10.695910737625
738	-0.21	10.606256299719
739	-0.2	10.514426576814
740	-0.19	10.420418552007
741	-0.18	10.324585573314
742	-0.17	10.227057063242
743	-0.16	10.128363362405
744	-0.15	10.028915408647
745	-0.14	9.9295016332354
746	-0.13	9.8308986897764
747	-0.12	9.7340518506474
748	-0.11	9.6402482212943
749	-0.1	9.550583844062
750	-0.09	9.4666756806483
751	-0.08	9.3894331333578
752	-0.07	9.3194176361623
753	-0.06	9.2572261474364
754	-0.05	9.2027907241665
755	-0.04	9.1558444335504
756	-0.03	9.1152494819004
757	-0.02	9.0801651396172
758	-0.01	9.0493610859557
759	0	9.0222854203749
760	0.01	8.9974011970634
761	0.02	8.9746205590191
762	0.03	8.9535222898848
763	0.04	8.9335764269855
764	0.05	8.9139226641843
765	0.06	8.8950118358388
766	0.07	8.8767044460541
767	0.08	8.8580324373761
768	0.09	8.8400395187125
769	0.1	8.8218746521848
770	0.11	8.803963979316
771	0.12	8.7859087612353
772	0.13	8.7677390694658
773	0.14	8.7498175553951
774	0.15	8.7321604352012
775	0.16	8.7143966629323
776	0.17	8.6970719734469
777	0.18	8.6794141038299
778	0.19	8.6618926341729
779	0.2	8.6447365520166
780	0.21	8.6274832272619
781	0.22	8.6102151808061
782	0.23	8.5931573181802
783	0.24	8.5762120276942
784	0.25	8.5590907515228
785	0.26	8.5420027995489
786	0.27	8.524977876446
787	0.28	8.508206619426
788	0.29	8.4915203291522
789	0.3	8.4743585710681
790	0.31	8.4575854411878
791	0.32	8.4407868037744
792	0.33	8.4242003713276
793	0.34	8.4074416662981
794	0.35	8.3908419756351
795	0.36	8.3739647684295
796	0.37	8.3569794852424
797	0.38	8.3403648983185
798	0.39	8.3236403849044
799	0.4	8.3072206160605
800	0.41	8.2906810039707
801	0.42	8.2746458903987
802	0.43	8.2588247340919
803	0.44	8.2425159780106
804	0.45	8.2267112863012
805	0.46	8.2104105997511
806	0.47	8.1939660905586
807	0.48	8.1776271048841
808	0.49	8.1610081076168
809	0.5	8.1442461934831
810	0.51	8.1278260912369
811	0.52	8.1118013190524
812	0.53	8.0956411940193
813	0.54	8.0796642367798
814	0.55	8.0631597389119
815	0.56	8.0470114694681
816	0.57	8.0312816729556
817	0.58	8.0155587984653
818	0.59	7.9998475819769
819	0.6	7.9838146489693
820	0.61	7.9677612089798
821	0.62	7.9519241281916
822	0.63	7.935463753962
823	0.64	7.9193289598298
824	0.65	7.9034821435136
825	0.66	7.8872689674395
826	0.67	7.8712749187199
827	0.68	7.8547690369992
828	0.69	7.8387252300376
829	0.7	7.8227756287912
830	0.71	7.8069018051545
831	0.72	7.7906769274614
832	0.73	7.7748125301751
833	0.74	7.7584892286565
834	0.75	7.7428268006945
835	0.76	7.7269886064513
836	0.77	7.7113407211919
837	0.78	7.6960659794106
838	0.79	7.6807220460085
839	0.8	7.6639252879936
840	0.81	7.6475757316519
841	0.82	7.6310746243351
842	0.83	7.6147834702442
843	0.84	7.5987214573257
844	0.85	7.58298345692
845	0.86	7.5666955198025
846	0.87	7.5509995383945
847	0.88	7.5352873749956
848	0.89	7.5200422804973
849	0.9	7.5050952870348
850	0.91	7.489869253672
851	0.92	7.4754330656969
852	0.93	7.460851186867
853	0.94	7.446065334198
854	0.95	7.4310902603074
855	0.96	7.415409065674
856	0.97	7.3998634791776
857	0.98	7.3847380758775
858	0.99	7.3691625342852
859	1	7.3535473224045
860	1.01	7.3380611956916
861	1.02	7.3227266515398
862	1.03	7.3066963384741
863	1.04	7.2911666730936
864	1.05	7.2754759352395
865	1.06	7.2603198644682
866	1.07	7.2461676153023
867	1.08	7.2321330525022
868	1.09	7.2171967643119
869	1.1	7.2025685752986
870	1.11	7.1869834963084
871	1.12	7.1721725869698
872	1.13	7.1573534329628
873	1.14	7.1426688307343
874	1.15	7.1285766386758
875	1.16	7.113865549163
876	1.17	7.0985880990228
877	1.18	7.0837825115551
878	1.19	7.069387048582
879	1.2	7.0552357535248
880	1.21	7.0409619626507
881	1.22	7.0271360174399
882	1.23	7.0134885405571
883	1.24	6.9995561279003
884	1.25	6.9851333042043
885	1.26	6.9695465367817
886	1.27	6.9555445941795
887	1.28	6.9411469475705
888	1.29	6.9256158801719
889	1.3	6.9106546801078
890	1.31	6.8956073689713
891	1.32	6.8806017327511
892	1.33	6.8649750376347
893	1.34	6.8491459006907
894	1.35	6.8335831481944
895	1.36	6.8182737465414
896	1.37	6.8035351685069
897	1.38	6.7892392001359
898	1.39	6.7741155456772
899	1.4	6.7592414061209
900	1.41	6.7449733872719
901	1.42	6.7282536399541
902	1.43	6.7119501046219
903	1.44	6.6949211818013
904	1.45	6.6776187752134
905	1.46	6.6619646163298
906	1.47	6.6467737047715
907	1.48	6.632090799279
908	1.49	6.6146423375925
909	1.5	6.5961760946397
910	1.51	6.5787370533842
911	1.52	6.5607571615961
912	1.53	6.5421320108344
913	1.54	6.5258681865053
914	1.55	6.5105273459741
915	1.56	6.4951577156288
916	1.57	6.4798179062807
917	1.58	6.4632225091082
918	1.59	6.4449810174006
919	1.6	6.4260082838194
920	1.61	6.4087370005392
921	1.62	6.3915079743431
922	1.63	6.3724266297784
923	1.64	6.354665813771
924	1.65	6.3369725681641
925	1.66	6.3185829711416
926	1.67	6.3012356954747
927	1.68	6.2837236379277
928	1.69	6.2649227732379
929	1.7	6.2464357959134
930	1.71	6.2294112157456
931	1.72	6.2128403849901
932	1.73	6.1958271015329
933	1.74	6.1780124380341
934	1.75	6.1610612560203
935	1.76	6.1437063506689
936	1.77	6.1263404096906
937	1.78	6.1084442451848
938	1.79	6.0901849429477
939	1.8	6.0717287738446
940	1.81	6.0544859525169
941	1.82	6.0373511232748
942	1.83	6.0181769838711
943	1.84	5.9998208860596
944	1.85	5.9817489772641
945	1.86	5.9655796105622
946	1.87	5.9468876838183
947	1.88	5.9299682614261
948	1.89	5.9106717364239
949	1.9	5.8898528978847
950	1.91	5.8701310155092
951	1.92	5.850317438654
952	1.93	5.8312771495753
953	1.94	5.8126671344896
954	1.95	5.7975894129328
955	1.96	5.7836692953511
956	1.97	5.7642265685594
957	1.98	5.7413554457184
958	1.99	5.7197325354386
959	2	5.6970169338085
960	2.01	5.6761652414899
961	2.02	5.6569254035337
962	2.03	5.6405058644372
963	2.04	5.6225086581569
964	2.05	5.6070451652531
965	2.06	5.5895797940709
966	2.07	5.5707097281741
967	2.08	5.5514066668259
968	2.09	5.5310188555676
969	2.1	5.5118966135385
970	2.11	5.4948357111951
971	2.12	5.4794287964391
972	2.13	5.4615503505232
973	2.14	5.4442928092314
974	2.15	5.4279110281489
975	2.16	5.4089003832724
976	2.17	5.3904228566675
977	2.18	5.371524479976
978	2.19	5.352832479341
979	2.2	5.3359786521113
980	2.21	5.3227085452423
981	2.22	5.3088285510269
982	2.23	5.2939551212245
983	2.24	5.2789390320909
984	2.25	5.2627618547129
985	2.26	5.246775730119
986	2.27	5.2327222465927
987	2.28	5.2189326162102
988	2.29	5.2032314802354
989	2.3	5.1872702948171
990	2.31	5.1704014281146
991	2.32	5.1536884017134
992	2.33	5.138101575638
993	2.34	5.1239266489755
994	2.35	5.1114282351955
995	2.36	5.0976087435509
996	2.37	5.0849776930603
997	2.38	5.0705196686045
998	2.39	5.0542952074278
999	2.4	5.0396961159527
1000	2.41	5.0246729161194
1001	2.42	5.0123052850316
1002	2.43	5.0020173146828
1003	2.44	4.9908935910912
1004	2.45	4.9791853349653
1005	2.46	4.9647914605052
1006	2.47	4.9512966926353
1007	2.48	4.9370998700541
1008	2.49	4.923680661608
1009	2.5	4.912315039353
1010	2.51	4.9009912338744
1011	2.52	4.8918447501807
1012	2.53	4.8821778025934
1013	2.54	4.8727060722071
1014	2.55	4.8607532376056
1015	2.56	4.847988804626
1016	2.57	4.8345830086866
1017	2.58	4.8248459433281
1018	2.59	4.8141979753951
1019	2.6	4.8059383127455
1020	2.61	4.7956115574214
1021	2.62	4.7878428195687
1022	2.63	4.778281364286
1023	2.64	4.7696531000193
1024	2.65	4.7603142501718
1025	2.66	4.7505033843052
1026	2.67	4.7420974843744
1027	2.68	4.734841774524
1028	2.69	4.7264005368716
1029	2.7	4.7181446024769
1030	2.71	4.7111608350586
1031	2.72	4.7054837949174
1032	2.73	4.696461951189
1033	2.74	4.6910243410821
1034	2.75	4.684007585758
1035	2.76	4.6775782672496
1036	2.77	4.6712905542712
1037	2.78	4.6639675841483
1038	2.79	4.6571323874495
1039	2.8	4.6516598055871
1040	2.81	4.6444931474463
1041	2.82	4.6388097997357
1042	2.83	4.6323385314109
1043	2.84	4.6255922713096
1044	2.85	4.6198836394124
1045	2.86	4.6128593900241
1046	2.87	4.6080056847842
1047	2.88	4.6027492759828
1048	2.89	4.5958221263885
1049	2.9	4.5889413039086
1050	2.91	4.5839505721298
1051	2.92	4.5784342821666
1052	2.93	4.5732133192495
1053	2.94	4.5683079551184
1054	2.95	4.5614846723189
1055	2.96	4.5564785795322
1056	2.97	4.5505439393677
1057	2.98	4.5450774339574
1058	2.99	4.5395947367603
1059	3	4.5342452665122
1060	3.01	4.5287739806028
1061	3.02	4.5239044174575
1062	3.03	4.5182635840285
1063	3.04	4.5128768294187
1064	3.05	4.5069898785291
1065	3.06	4.5017240209703
1066	3.07	4.4959549051343
1067	3.08	4.4911521521475
1068	3.09	4.4849469418235
1069	3.1	4.4800655899862
1070	3.11	4.4732866311774
1071	3.12	4.4691865552406
1072	3.13	4.4632435818487
1073	3.14	4.4575008956351
1074	3.15	4.4529990028722
1075	3.16	4.4463193032156
1076	3.17	4.4401016220322
1077	3.18	4.4344249756033
1078	3.19	4.4281794551588
1079	3.2	4.4231657097644
1080	3.21	4.4155222930666
1081	3.22	4.409447266251
1082	3.23	4.4040963439813
1083	3.24	4.3974419201877
1084	3.25	4.391429518204
1085	3.26	4.3855962934336
1086	3.27	4.3797788158604
1087	3.28	4.3733599454124
1088	3.29	4.366105242465
1089	3.3	4.3599258433563
1090	3.31	4.3530473945813
1091	3.32	4.3463646750957
1092	3.33	4.3403012109265
1093	3.34	4.3333569320612
1094	3.35	4.3256034485095
1095	3.36	4.3199519766696
1096	3.37	4.3130182637345
1097	3.38	4.3059969873311
1098	3.39	4.2990742958502
1099	3.4	4.2909857348177
1100	3.41	4.2854457649277
1101	3.42	4.2764933363309
1102	3.43	4.2695731369234
1103	3.44	4.2609939509781
1104	3.45	4.2544632109832
1105	3.46	4.2468801605541
1106	3.47	4.238795747775
1107	3.48	4.2313988686082
1108	3.49	4.2229339251288
1109	3.5	4.2149096037342
1110	3.51	4.2069639252785
1111	3.52	4.1990651236964
1112	3.53	4.1902074839738
1113	3.54	4.1813927036115
1114	3.55	4.173164847049
1115	3.56	4.1648665356508
1116	3.57	4.1553392884952
1117	3.58	4.1471816933347
1118	3.59	4.1371661394889
1119	3.6	4.1289846339984
1120	3.61	4.119667027501
1121	3.62	4.110163024074
1122	3.63	4.1010671455354
1123	3.64	4.0915447489573
1124	3.65	4.0823192120409
1125	3.66	4.0717322852376
1126	3.67	4.0619075024867
1127	3.68	4.0519127474223
1128	3.69	4.042628960071
1129	3.7	4.0320581817382
1130	3.71	4.0222503879546
1131	3.72	4.0122622670021
1132	3.73	4.0019410689802
1133	3.74	3.9910089849123
1134	3.75	3.9799565447517
1135	3.76	3.9694430814536
1136	3.77	3.9593048593155
1137	3.78	3.9477984490181
1138	3.79	3.9370349701343
1139	3.8	3.9259125785658
1140	3.81	3.9133389182658
1141	3.82	3.9026615029959
1142	3.83	3.8909113291979
1143	3.84	3.8795740897373
1144	3.85	3.8677145918305
1145	3.86	3.8555756108106
1146	3.87	3.8440105289076
1147	3.88	3.8311935393456
1148	3.89	3.8185747944329
1149	3.9	3.8064376695748
1150	3.91	3.7940126564369
1151	3.92	3.7803269954601
1152	3.93	3.7690115034984
1153	3.94	3.7567269668553
1154	3.95	3.7428830598633
1155	3.96	3.7293208216192
1156	3.97	3.715870656729
1157	3.98	3.7022258850638
1158	3.99	3.6895892527227
1159	4	3.6752848785339
1160	4.01	3.6619237016169
1161	4.02	3.6477109556137
1162	4.03	3.6333611444258
1163	4.04	3.6194584168844
1164	4.05	3.605232538916
1165	4.06	3.5899393190086
1166	4.07	3.5748842364319
1167	4.08	3.5592211123821
1168	4.09	3.5449828033218
1169	4.1	3.5296344889557
1170	4.11	3.5137142269477
1171	4.12	3.4983320860827
1172	4.13	3.4824705891481
1173	4.14	3.4661773372339
1174	4.15	3.4509767963197
1175	4.16	3.4337965966437
1176	4.17	3.4182466713965
1177	4.18	3.401505607033
1178	4.19	3.3844578216441
1179	4.2	3.3678496982466
1180	4.21	3.3508461239304
1181	4.22	3.3333808329097
1182	4.23	3.3163519468837
1183	4.24	3.2990482743319
1184	4.25	3.2806675763494
1185	4.26	3.2632546734346
1186	4.27	3.2463304047695
1187	4.28	3.226859691071
1188	4.29	3.2082528734813
1189	4.3	3.1896088888438
1190	4.31	3.1720977811922
1191	4.32	3.1518538281432
1192	4.33	3.1323801588465
1193	4.34	3.1151754599742
1194	4.35	3.0950966045998
1195	4.36	3.0746625173351
1196	4.37	3.0548375559359
1197	4.38	3.0350514319569
1198	4.39	3.0142299506136
1199	4.4	2.9936640491523
1200	4.41	2.9736727939512
1201	4.42	2.9529718684444
1202	4.43	2.9335442826155
1203	4.44	2.9113820085322
1204	4.45	2.8897301997935
1205	4.46	2.8679122965192
1206	4.47	2.8468535843449
1207	4.48	2.82400900337
1208	4.49	2.8032694732096
1209	4.5	2.7813428612242
1210	4.51	2.7575440404481
1211	4.52	2.7361188704592
1212	4.53	2.7126474090652
1213	4.54	2.6901968760823
1214	4.55	2.666773589497
1215	4.56	2.6437889049165
1216	4.57	2.6195442188753
1217	4.58	2.5959700378551
1218	4.59	2.5733623770631
1219	4.6	2.5479254665104
1220	4.61	2.5223467014686
1221	4.62	2.4973226762201
1222	4.63	2.4745978683041
1223	4.64	2.4484178998609
1224	4.65	2.4245795814029
1225	4.66	2.3986492726822
1226	4.67	2.3731074147695
1227	4.68	2.3474049826534
1228	4.69	2.3207032819704
1229	4.7	2.2953513140513
1230	4.71	2.2665100260379
1231	4.72	2.2409112652647
1232	4.73	2.2141032241793
1233	4.74	2.1867947907214
1234	4.75	2.1593979604314
1235	4.76	2.1332329641448
1236	4.77	2.1060592403202
1237	4.78	2.0778985023857
1238	4.79	2.0511149846511
1239	4.8	2.0206969862873
1240	4.81	1.9919192997086
1241	4.82	1.9656550037967
1242	4.83	1.936635824463
1243	4.84	1.9057779066543
1244	4.85	1.8790089230938
1245	4.86	1.8487466977259
1246	4.87	1.8186530650863
1247	4.88	1.7886859833058
1248	4.89	1.76048121228
1249	4.9	1.7298729371705
1250	4.91	1.7006807468023
1251	4.92	1.6690004904167
1252	4.93	1.6382397980226
1253	4.94	1.6115461973618
1254	4.95	1.5789050072457
1255	4.96	1.5497735661429
1256	4.97	1.5176239128436
1257	4.98	1.482089333806
1258	4.99	1.4547817770125
1259	5	1.4229763808676
1260	5.01	1.3894019018
1261	5.02	1.3581926770586
1262	5.03	1.3278926572954
1263	5.04	1.2933877129299
1264	5.05	1.2599557299858
1265	5.06	1.2279947897243
1266	5.07	1.2005659536778
1267	5.08	1.1677104523339
1268	5.09	1.1339680529369
1269	5.1	1.1002698087468
1270	5.11	1.0657322609457
1271	5.12	1.0384678136394
1272	5.13	0.99938850887953
1273	5.14	0.96934510897207
1274	5.15	0.93061494220225
1275	5.16	0.8949806040027
1276	5.17	0.86611409315299
1277	5.18	0.83052106784322
1278	5.19	0.79953238411741
1279	5.2	0.76721327801782
1280	5.21	0.72893498170758
1281	5.22	0.69100755128142
1282	5.23	0.65902347954422
1283	5.24	0.62261843399354
1284	5.25	0.59053540463157
1285	5.26	0.55938966896733
1286	5.27	0.51951219827693
1287	5.28	0.48061291132764
1288	5.29	0.44869639755922
1289	5.3	0.40529191914205
1290	5.31	0.37376232289934
1291	5.32	0.33258916632542
1292	5.33	0.2996207708833
1293	5.34	0.26113748334211
1294	5.35	0.22423819124312
1295	5.36	0.18119030300746
1296	5.37	0.1437037021613
1297	5.38	0.11177695036539
1298	5.39	0.077014145379762
1299	5.4	0.044022544434162
1300	5.41	0.00053636438240396
1301	5.42	-0.0264266257878
1302	5.43	-0.069920495887268
1303	5.44	-0.11194058024897
1304	5.45	-0.14514607729741
1305	5.46	-0.19139076493358
1306	5.47	-0.22702801537325
1307	5.48	-0.25800717064422
1308	5.49	-0.30543593113034
1309	5.5	-0.34781036218126
1310	5.51	-0.37918569444398
1311	5.52	-0.42814301203054
1312	5.53	-0.47144466321306
1313	5.54	-0.50935253735955
1314	5.55	-0.55850134517268
1315	5.56	-0.60332756813414
1316	5.57	-0.63315402273422
1317	5.58	-0.66324316589618
1318	5.59	-0.72536771247291
1319	5.6	-0.74290277434229
1320	5.61	-0.80906390778461
1321	5.62	-0.85576916932982
1322	5.63	-0.90161457493322
1323	5.64	-0.9499161831143
1324	5.65	-0.98773961506246
1325	5.66	-1.031886427974
1326	5.67	-1.0804022474457
1327	5.68	-1.1369692340132
1328	5.69	-1.2096160431511
1329	5.7	-1.2335653862263
1330	5.71	-1.2904699081092
1331	5.72	-1.3187972891987
1332	5.73	-1.3720659793557
1333	5.74	-1.4577866932938
1334	5.75	-1.5123422106879
1335	5.76	-1.5540235586946
1336	5.77	-1.5759227819943
1337	5.78	-1.613308582484
1338	5.79	-1.6679254434148
1339	5.8	-1.6836587871678
1340	5.81	-1.7173804227531
1341	5.82	-1.7739853174498
1342	5.83	-1.8741619477989
1343	5.84	-1.8779428274639
1344	5.85	-1.9177590566
1345	5.86	-1.9892291723695
1346	5.87	-1.9721538947765
1347	5.88	-2.0899369383786
1348	5.89	-2.173044036714
1349	5.9	-2.1723201713222
1350	5.91	-2.1650153131138
1351	5.92	-2.2610359836917
1352	5.93	-2.3237423342077
1353	5.94	-2.4214116904808
1354	5.95	-2.3879459966997
1355	5.96	-2.4589024226412
1356	5.97	-2.5061504800608
1357	5.98	-2.5293119261187
1358	5.99	-2.6362219391268
1359	6	-2.6632552784256
1360	6.01	-2.5868954477509
1361	6.02	-2.8507463657194
1362	6.03	-2.7390127689863
1363	6.04	-2.720984045386
1364	6.05	-2.8559227819943
1365	6.06	-2.9308635889274
1366	6.07	-2.9408635889274
1367	6.08	-2.9237113428837
1368	6.09	-2.9207463657194
1369	6.1	-2.9059227819943
1370	6.11	-3.0572519347908
1371	6.12	-2.9770753044417
1372	6.13	-3.0942852740896
1373	6.14	-2.9707463657194
1374	6.15	-3.035104028042
1375	6.16	-3.2917763613834
1376	6.17	-3.3017763613834
1377	6.18	-2.9981572384114
1378	6.19	-3.2969527776583
1379	6.2	-3.3861340237059
1380	6.21	-3.3169527776583
1381	6.22	-3.4061340237059
1382	6.23	-3.3881053001057
1383	6.24	-3.3469527776583
1384	6.25	-3.5708325976034
1385	6.26	-3.543044036714
1386	6.27	-3.4561340237059
1387	6.28	-3.7391352957697
1388	6.29	-3.7491352957697
1389	6.3	-3.7591352957697
1390	6.31	-3.6308325976034
1391	6.32	-3.7791352957697
1392	6.33	-4.0901652914337
1393	6.34	-4.4011952870976
1394	6.35	-3.8671272427473
1395	6.36	-4.7222252827616
1396	6.37	-4.4311952870976
1397	6.38	-4.4411952870976
1398	6.39	-4.275104028042
1399	6.4	-3.9171272427474
1400	6.42	-4.1801652914337
1401	6.43	-4.7922252827616
1402	6.45	-4.335104028042
1403	6.46	-4.8222252827616
1404	6.47	-4.5311952870976
1405	6.48	-4.8422252827616
1406	6.49	-4.5511952870976
