0	-6.85	0.94090909090909
1	-6.15	-1.0000000000001
2	-6.03	-0.92912772321036
3	-5.91	-1.0240350690556
4	-5.88	-1.051095774338
5	-5.84	-0.70608416459342
6	-5.8	-0.85660384790501
7	-5.78	-0.70331625695553
8	-5.76	-0.63704981565564
9	-5.73	-0.56833100916628
10	-5.68	-0.47505099957797
11	-5.65	-0.48594437173087
12	-5.61	-0.4158979504931
13	-5.6	-0.4723805678699
14	-5.59	-0.39313153911232
15	-5.58	-0.28281835824642
16	-5.57	-0.22234748121355
17	-5.56	-0.12622675063801
18	-5.55	-0.11462929481022
19	-5.53	0.15385541592615
20	-5.52	0.17110734489782
21	-5.5	0.12597661282883
22	-5.49	0.18225634889876
23	-5.48	0.23989972850937
24	-5.47	0.22087267421697
25	-5.46	0.25798643305525
26	-5.45	0.22926033764204
27	-5.44	0.1969971218525
28	-5.43	0.066352795194791
29	-5.42	0.10781716069509
30	-5.41	0.16804593430269
31	-5.4	0.23890993192336
32	-5.39	0.29990990163522
33	-5.38	0.33406890607108
34	-5.36	0.32641617020352
35	-5.35	0.32835913808295
36	-5.34	0.37401463865346
37	-5.33	0.40686397167826
38	-5.32	0.45329684723196
39	-5.3	0.48546815143006
40	-5.29	0.5274337968335
41	-5.28	0.55284123556035
42	-5.27	0.54563341731722
43	-5.26	0.68203626935977
44	-5.25	0.68802762958057
45	-5.24	0.78961916337943
46	-5.23	0.80648019755175
47	-5.22	0.82346273858721
48	-5.21	0.85405519266619
49	-5.2	0.84807033011596
50	-5.19	0.81036446074987
51	-5.18	0.8565429304494
52	-5.17	0.89399184588454
53	-5.16	0.86157652557173
54	-5.15	0.90075659463796
55	-5.14	0.96534048806054
56	-5.13	0.91799787600866
57	-5.12	0.95330884003158
58	-5.11	0.94210273924707
59	-5.1	0.90634019185667
60	-5.09	0.91965789205573
61	-5.08	0.98994347101078
62	-5.07	1.0152239585476
63	-5.06	1.0278121909001
64	-5.05	1.0468965988918
65	-5.04	1.0200129085394
66	-5.03	0.9837615234987
67	-5.02	1.0364178629691
68	-5.01	1.0584145959352
69	-5	1.0609720211234
70	-4.99	1.019301951693
71	-4.98	1.0451702272529
72	-4.97	1.1162470022751
73	-4.96	1.1303489211053
74	-4.95	1.1928309630417
75	-4.94	1.2017027220272
76	-4.93	1.2452129941853
77	-4.92	1.2796201167386
78	-4.91	1.2843989228035
79	-4.9	1.3423240331385
80	-4.89	1.2620752898395
81	-4.88	1.2633933195138
82	-4.87	1.3056300108345
83	-4.86	1.2496066831545
84	-4.85	1.254127726155
85	-4.84	1.1986720846052
86	-4.83	1.1595517344455
87	-4.82	1.0297591424101
88	-4.81	1.0123841238052
89	-4.8	1.0158088947496
90	-4.79	1.0502974973781
91	-4.78	1.0725676030499
92	-4.77	1.0902375607467
93	-4.76	1.0798331946486
94	-4.75	1.0457912339749
95	-4.74	1.0180569082619
96	-4.73	1.024310220158
97	-4.72	1.0314477322878
98	-4.71	1.0508401363979
99	-4.7	1.0297465436861
100	-4.69	1.0190895416075
101	-4.68	1.0457223063854
102	-4.67	1.0483685931553
103	-4.66	1.0255190885318
104	-4.65	1.0386643862471
105	-4.64	1.0287846204933
106	-4.63	1.0515219558667
107	-4.62	1.0550787230144
108	-4.61	1.074259097169
109	-4.6	1.1038682689473
110	-4.59	1.091016921924
111	-4.58	1.0538765518738
112	-4.57	1.0555143245211
113	-4.56	1.0439362224947
114	-4.55	1.0246892909007
115	-4.54	0.99503403433015
116	-4.53	0.98543599988683
117	-4.52	0.95851417153782
118	-4.51	0.96075253376933
119	-4.5	0.97023422874447
120	-4.49	0.96048107414933
121	-4.48	0.95518791828042
122	-4.47	0.94994600703842
123	-4.46	0.95965782290826
124	-4.45	0.96450049366859
125	-4.44	0.94025125855844
126	-4.43	0.95103995315325
127	-4.42	0.96565971197306
128	-4.41	0.96192715145753
129	-4.4	0.96080155003351
130	-4.39	0.959246752606
131	-4.38	0.98076712589082
132	-4.37	0.97353200596061
133	-4.36	0.98401560739962
134	-4.35	0.986774188645
135	-4.34	0.99743733781668
136	-4.33	1.0079894566611
137	-4.32	1.0156748155185
138	-4.31	1.0154652151167
139	-4.3	1.0112589001032
140	-4.29	1.0108301118104
141	-4.28	1.0235726953712
142	-4.27	1.0234124093651
143	-4.26	1.0284599907459
144	-4.25	1.0271877906634
145	-4.24	1.0093283128618
146	-4.23	1.0166788377747
147	-4.22	1.0171063428722
148	-4.21	1.010334924659
149	-4.2	1.0066478639377
150	-4.19	0.99650261215132
151	-4.18	1.0015296784358
152	-4.17	0.9978634482058
153	-4.16	1.0050000693157
154	-4.15	1.010380069411
155	-4.14	1.0275190844333
156	-4.13	1.0240504148362
157	-4.12	1.0211071061514
158	-4.11	1.0247939399981
159	-4.1	1.0232253201829
160	-4.09	1.009844910015
161	-4.08	1.0050733688677
162	-4.07	1.0119014765694
163	-4.06	1.0092244761495
164	-4.05	1.0073424712782
165	-4.04	1.0102420866377
166	-4.03	1.0080306038102
167	-4.02	1.001093572461
168	-4.01	0.99789319157467
169	-4	1.0035853715271
170	-3.99	1.0040517857083
171	-3.98	1.0026444237523
172	-3.97	0.99779200872275
173	-3.96	0.99738294392194
174	-3.95	0.99034340916588
175	-3.94	0.99127267369477
176	-3.93	0.99228437666821
177	-3.92	0.98730909392113
178	-3.91	0.99165326068746
179	-3.9	0.99446824755546
180	-3.89	0.99485922927338
181	-3.88	0.99654073777732
182	-3.87	1.0009982474565
183	-3.86	1.0022146380718
184	-3.85	1.0081962808999
185	-3.84	1.0080309953362
186	-3.83	1.0086470150488
187	-3.82	1.005780751678
188	-3.81	1.0085861526732
189	-3.8	1.0020917802136
190	-3.79	1.0060822370293
191	-3.78	1.0054156678171
192	-3.77	1.0099476810901
193	-3.76	1.0111676282374
194	-3.75	1.0091765144434
195	-3.74	1.0067613664485
196	-3.73	1.0085381593793
197	-3.72	1.0112734810319
198	-3.71	1.0088366906814
199	-3.7	1.0051634695606
200	-3.69	1.0095244124918
201	-3.68	1.0098287058649
202	-3.67	1.0120657563178
203	-3.66	1.0117877314729
204	-3.65	1.0108344043465
205	-3.64	1.0099429987691
206	-3.63	1.0057232507428
207	-3.62	1.006197284614
208	-3.61	1.0065192970187
209	-3.6	1.0069889403702
210	-3.59	1.0061177114985
211	-3.58	1.0084448540536
212	-3.57	1.0077993543282
213	-3.56	1.0088464244166
214	-3.55	1.0065965953463
215	-3.54	1.0064960128991
216	-3.53	1.0079732244969
217	-3.52	1.0067009108278
218	-3.51	1.0035630748449
219	-3.5	1.0028572245315
220	-3.49	1.0000111588456
221	-3.48	0.9973974432564
222	-3.47	0.99761562985892
223	-3.46	0.99784203830536
224	-3.45	0.99936905219725
225	-3.44	0.99790462803617
226	-3.43	0.99739405600433
227	-3.42	0.99663651071909
228	-3.41	0.99808515340285
229	-3.4	0.99810379943988
230	-3.39	0.99584584244187
231	-3.38	0.99566442862741
232	-3.37	0.99517675456041
233	-3.36	0.99516037416815
234	-3.35	0.99544156286965
235	-3.34	0.99561548831808
236	-3.33	0.9951064467602
237	-3.32	0.99629954591973
238	-3.31	0.99617359074625
239	-3.3	0.99557250261746
240	-3.29	0.99564559512202
241	-3.28	0.99577998319938
242	-3.27	0.99780674471298
243	-3.26	0.99759919132301
244	-3.25	0.99796165960713
245	-3.24	0.99819397355058
246	-3.23	0.99820548155688
247	-3.22	0.999175499684
248	-3.21	0.99965733786716
249	-3.2	0.99915912737192
250	-3.19	0.9982841755448
251	-3.18	0.99853613666275
252	-3.17	0.99787031778488
253	-3.16	0.99851117160772
254	-3.15	0.99951711191139
255	-3.14	0.99846948466501
256	-3.13	0.99960242632064
257	-3.12	1.0002676105241
258	-3.11	0.99971160932201
259	-3.1	0.99909158165743
260	-3.09	0.99929332444396
261	-3.08	1.0002192053806
262	-3.07	0.99997858442032
263	-3.06	1.0004050763122
264	-3.05	1.0007163094151
265	-3.04	0.9999790926522
266	-3.03	0.99926043641245
267	-3.02	0.99902559712638
268	-3.01	0.99902081014176
269	-3	0.99927574103959
270	-2.99	0.99884803050008
271	-2.98	0.99873233467664
272	-2.97	0.99884826989453
273	-2.96	0.99865323678391
274	-2.95	0.99905858201665
275	-2.94	0.99953833831423
276	-2.93	0.99998679855728
277	-2.92	0.99980779051151
278	-2.91	1.0001317310954
279	-2.9	0.99994572358357
280	-2.89	0.99970998324525
281	-2.88	0.99952819048344
282	-2.87	0.9993675064673
283	-2.86	0.9994899716202
284	-2.85	0.99998104420247
285	-2.84	1.0000817371185
286	-2.83	0.99991982008877
287	-2.82	0.99955282181013
288	-2.81	0.99994213788766
289	-2.8	0.99979565720707
290	-2.79	0.99985927846357
291	-2.78	0.99932144502574
292	-2.77	0.99919959384393
293	-2.76	0.99878896064564
294	-2.75	0.99875455691509
295	-2.74	0.99867900429231
296	-2.73	0.99871747815223
297	-2.72	0.99859472890867
298	-2.71	0.99862652015457
299	-2.7	0.99859913614331
300	-2.69	0.99894581096139
301	-2.68	0.99897782504563
302	-2.67	0.99901492691137
303	-2.66	0.9991938288582
304	-2.65	0.99959703638196
305	-2.64	0.99957279063892
306	-2.63	0.99943118351935
307	-2.62	0.99952529926752
308	-2.61	0.99959240183765
309	-2.6	0.99973040935375
310	-2.59	0.99972998090488
311	-2.58	0.99984731028505
312	-2.57	0.99990304294407
313	-2.56	0.99988576846792
314	-2.55	0.99984446047856
315	-2.54	0.99994877061797
316	-2.53	0.99999544554221
317	-2.52	1.0000342388382
318	-2.51	1.0003470392847
319	-2.5	1.0003526181802
320	-2.49	1.0002494173098
321	-2.48	1.000326499512
322	-2.47	1.0003480943465
323	-2.46	1.0004387573279
324	-2.45	1.0005808221141
325	-2.44	1.000351744831
326	-2.43	1.0001521159859
327	-2.42	1.000278394557
328	-2.41	1.0003391564392
329	-2.4	1.0001212386355
330	-2.39	1.0000952505609
331	-2.38	1.0001396328942
332	-2.37	1.000115434123
333	-2.36	1.0000557600837
334	-2.35	1.0001418717127
335	-2.34	1.0002078084959
336	-2.33	1.0004201841721
337	-2.32	1.0005899542318
338	-2.31	1.0005321520869
339	-2.3	1.000330175928
340	-2.29	1.0002612185351
341	-2.28	1.0002156430606
342	-2.27	1.0002027630908
343	-2.26	1.0001167786851
344	-2.25	1.0000448358224
345	-2.24	1.0000570320459
346	-2.23	1.0000621283742
347	-2.22	1.0000949458516
348	-2.21	1.0000505858776
349	-2.2	1.0000464027103
350	-2.19	0.99990761799154
351	-2.18	0.99983755533298
352	-2.17	0.99985667809559
353	-2.16	0.99983775683741
354	-2.15	0.99973390922055
355	-2.14	0.99968462695794
356	-2.13	0.99969536786801
357	-2.12	0.99975985273897
358	-2.11	0.99969909957196
359	-2.1	0.99964243504218
360	-2.09	0.99958512772592
361	-2.08	0.99954420185137
362	-2.07	0.99962520651111
363	-2.06	0.99958909720783
364	-2.05	0.99955690477576
365	-2.04	0.99951813946421
366	-2.03	0.99945487431194
367	-2.02	0.99947409884621
368	-2.01	0.99954909718282
369	-2	0.99951854991529
370	-1.99	0.99953000342175
371	-1.98	0.99944915543294
372	-1.97	0.99944644072643
373	-1.96	0.99943341161786
374	-1.95	0.9994609912862
375	-1.94	0.9994270368177
376	-1.93	0.99932489561054
377	-1.92	0.99933617888934
378	-1.91	0.99928713222159
379	-1.9	0.99929703549442
380	-1.89	0.99929190745181
381	-1.88	0.99926839593939
382	-1.87	0.9992512924085
383	-1.86	0.99923110322991
384	-1.85	0.99921991407721
385	-1.84	0.99919596491862
386	-1.83	0.99911473640777
387	-1.82	0.99906232891615
388	-1.81	0.99907472813405
389	-1.8	0.99903816257899
390	-1.79	0.99901375209898
391	-1.78	0.99893231424297
392	-1.77	0.99890940896841
393	-1.76	0.99889901845396
394	-1.75	0.99884665297342
395	-1.74	0.99881354309721
396	-1.73	0.99874098801294
397	-1.72	0.99868355860336
398	-1.71	0.99864044046104
399	-1.7	0.9985637762221
400	-1.69	0.99848671594314
401	-1.68	0.99843868664202
402	-1.67	0.99835612916244
403	-1.66	0.99825503905339
404	-1.65	0.99818595490134
405	-1.64	0.9980793256124
406	-1.63	0.99798678401647
407	-1.62	0.9979017246034
408	-1.61	0.99783494104255
409	-1.6	0.99773809266474
410	-1.59	0.9976433105949
411	-1.58	0.9975301419694
412	-1.57	0.99741553472961
413	-1.56	0.99731082332788
414	-1.55	0.99718483889372
415	-1.54	0.99706981266799
416	-1.53	0.99692108432964
417	-1.52	0.99675226204194
418	-1.51	0.99661119190794
419	-1.5	0.99644780552259
420	-1.49	0.99627320571459
421	-1.48	0.99608186767152
422	-1.47	0.99587506527509
423	-1.46	0.99570030890177
424	-1.45	0.99548196204895
425	-1.44	0.99525489030294
426	-1.43	0.99503710674283
427	-1.42	0.99479464153664
428	-1.41	0.99455693308449
429	-1.4	0.99433716242697
430	-1.39	0.99407268744235
431	-1.38	0.99379329861631
432	-1.37	0.99348961683771
433	-1.36	0.99317370081428
434	-1.35	0.99284908127653
435	-1.34	0.99250248649307
436	-1.33	0.99215779352357
437	-1.32	0.99177230177946
438	-1.31	0.99137977797194
439	-1.3	0.99097528850339
440	-1.29	0.99054577920225
441	-1.28	0.99009754003217
442	-1.27	0.98962876679087
443	-1.26	0.98913388213903
444	-1.25	0.98861486166407
445	-1.24	0.98807822887656
446	-1.23	0.98753795389667
447	-1.22	0.98695147599928
448	-1.21	0.98633978411884
449	-1.2	0.98569759116111
450	-1.19	0.9850317248633
451	-1.18	0.98432909240867
452	-1.17	0.98359176552308
453	-1.16	0.98281264299764
454	-1.15	0.98200844296537
455	-1.14	0.98116440728473
456	-1.13	0.98028695582001
457	-1.12	0.97935450727747
458	-1.11	0.97838469365052
459	-1.1	0.97736279218374
460	-1.09	0.97629938591862
461	-1.08	0.9751825113622
462	-1.07	0.9740063008671
463	-1.06	0.97278107700504
464	-1.05	0.97150408720047
465	-1.04	0.97016819821799
466	-1.03	0.96876913441701
467	-1.02	0.96730731637344
468	-1.01	0.96577646373179
469	-1	0.96417621277308
470	-0.99	0.96249208011015
471	-0.98	0.96073527059085
472	-0.97	0.95889448553545
473	-0.96	0.95697233139056
474	-0.95	0.95495635495013
475	-0.94	0.95283564617184
476	-0.93	0.95062412134613
477	-0.92	0.94830424294198
478	-0.91	0.94587771520532
479	-0.9	0.94333830010885
480	-0.89	0.94068840657128
481	-0.88	0.9379162693199
482	-0.87	0.93501001668274
483	-0.86	0.93197412075992
484	-0.85	0.92878809609654
485	-0.84	0.92545804294253
486	-0.83	0.92197315544952
487	-0.82	0.91833213377313
488	-0.81	0.91452739379411
489	-0.8	0.91054153968181
490	-0.79	0.90636831432515
491	-0.78	0.90199956026924
492	-0.77	0.89743296182294
493	-0.76	0.8926531664332
494	-0.75	0.88765805450949
495	-0.74	0.88243407229047
496	-0.73	0.87696697775354
497	-0.72	0.87125215340893
498	-0.71	0.86527153610002
499	-0.7	0.85902247478453
500	-0.69	0.85248882222339
501	-0.68	0.84565606640747
502	-0.67	0.83851671169224
503	-0.66	0.83104792511292
504	-0.65	0.82324050830134
505	-0.64	0.81508294744215
506	-0.63	0.80655587687704
507	-0.62	0.79765031350791
508	-0.61	0.78834232812726
509	-0.6	0.7786173448065
510	-0.59	0.76845504141916
511	-0.58	0.75784254524427
512	-0.57	0.74675565693131
513	-0.56	0.73518091506739
514	-0.55	0.72309109930264
515	-0.54	0.71047165528379
516	-0.53	0.69729994203313
517	-0.52	0.6835491931082
518	-0.51	0.66919985117456
519	-0.5	0.65422921733228
520	-0.49	0.6386097822016
521	-0.48	0.62232054513516
522	-0.47	0.60533361917514
523	-0.46	0.58761917795365
524	-0.45	0.56915482827068
525	-0.44	0.54991299776447
526	-0.43	0.52986258007494
527	-0.42	0.50897516577073
528	-0.41	0.48722650387838
529	-0.4	0.46458369987168
530	-0.39	0.44101077109838
531	-0.38	0.41648226159357
532	-0.37	0.39096328845627
533	-0.36	0.36442609917939
534	-0.35	0.33683617473347
535	-0.34	0.30816199094492
536	-0.33	0.27837162509761
537	-0.32	0.24743172095296
538	-0.31	0.21530719188024
539	-0.3	0.1819685856435
540	-0.29	0.14738381847567
541	-0.28	0.1115204945919
542	-0.27	0.074343325857122
543	-0.26	0.035822100444639
544	-0.25	-0.0040722140838809
545	-0.24	-0.045374172318172
546	-0.23	-0.088109870208997
547	-0.22	-0.13230953176382
548	-0.21	-0.17800426213228
549	-0.2	-0.22522236183117
550	-0.19	-0.27399034765316
551	-0.18	-0.32433818856791
552	-0.17	-0.37629101658708
553	-0.16	-0.42987406857199
554	-0.15	-0.48511376767686
555	-0.14	-0.54203515913731
556	-0.13	-0.60066135759736
557	-0.12	-0.66101761739033
558	-0.11	-0.72312671708191
559	-0.1	-0.78701235707534
560	-0.09	-0.85269604488526
561	-0.08	-0.92019966300756
562	-0.07	-0.98954393353476
563	-0.06	-1.0607487557543
564	-0.05	-1.1338345602406
565	-0.04	-1.2088202102034
566	-0.03	-1.2857232966465
567	-0.02	-1.3645566627454
568	-0.01	-1.4453352721254
569	0	-1.5280715242039
570	0.01	-1.6127695026499
571	0.02	-1.6994356530964
572	0.03	-1.7880768344313
573	0.04	-1.8786867650099
574	0.05	-1.9712630918759
575	0.06	-2.0657944695388
576	0.07	-2.1622693468208
577	0.08	-2.2606725419139
578	0.09	-2.3609879374722
579	0.1	-2.4631921290183
580	0.11	-2.567262351388
581	0.12	-2.6731706081686
582	0.13	-2.7808861233358
583	0.14	-2.890381124346
584	0.15	-3.0016156404106
585	0.16	-3.1145467774483
586	0.17	-3.2291208504954
587	0.18	-3.3452717397269
588	0.19	-3.4629120692694
589	0.2	-3.5819344273271
590	0.21	-3.7021925352933
591	0.22	-3.8235056907323
592	0.23	-3.9456343890403
593	0.24	-4.068289874716
594	0.25	-4.1911025336815
595	0.26	-4.3136353163187
596	0.27	-4.4353790590157
597	0.28	-4.5557324334609
598	0.29	-4.6740553443299
599	0.3	-4.7896258685536
600	0.31	-4.901705761354
601	0.32	-5.0095505309927
602	0.33	-5.1124338273074
603	0.34	-5.2096650993893
604	0.35	-5.3006372218812
605	0.36	-5.3847963855163
606	0.37	-5.4616946260177
607	0.38	-5.5309618780773
608	0.39	-5.5922942366433
609	0.4	-5.6454896362052
610	0.41	-5.690398234118
611	0.42	-5.7269497683
612	0.43	-5.7551042237855
613	0.44	-5.7748535760757
614	0.45	-5.786239383828
615	0.46	-5.7893413791399
616	0.47	-5.7842902385049
617	0.48	-5.7711965099159
618	0.49	-5.7502219401264
619	0.5	-5.7215515888805
620	0.51	-5.6853721665825
621	0.52	-5.6419141648773
622	0.53	-5.5914053928252
623	0.54	-5.5341035477814
624	0.55	-5.4703025746303
625	0.56	-5.4002422427543
626	0.57	-5.3242699310407
627	0.58	-5.2426657516904
628	0.59	-5.1557854556589
629	0.6	-5.0639784376567
630	0.61	-4.9676041822166
631	0.62	-4.8669900140429
632	0.63	-4.7625443637654
633	0.64	-4.6546746156143
634	0.65	-4.5437160331863
635	0.66	-4.4301077054397
636	0.67	-4.3142585588505
637	0.68	-4.1965855292533
638	0.69	-4.0775439250536
639	0.7	-3.9575347472184
640	0.71	-3.8370652820527
641	0.72	-3.7165034167995
642	0.73	-3.5964176456561
643	0.74	-3.4772005072691
644	0.75	-3.3593736836465
645	0.76	-3.2434046741494
646	0.77	-3.1298073737038
647	0.78	-3.0190392382837
648	0.79	-2.9116113341799
649	0.8	-2.8079823246598
650	0.81	-2.7086201245092
651	0.82	-2.6139747260199
652	0.83	-2.5243782736549
653	0.84	-2.4401753151971
654	0.85	-2.3616421576735
655	0.86	-2.2889615371709
656	0.87	-2.2222031492661
657	0.88	-2.161355353438
658	0.89	-2.1063202090097
659	0.9	-2.0568881293347
660	0.91	-2.0127632334283
661	0.92	-1.973557809449
662	0.93	-1.9388513065947
663	0.94	-1.9081582351974
664	0.95	-1.8810068461494
665	0.96	-1.856989585675
666	0.97	-1.8356492696348
667	0.98	-1.8166332726497
668	0.99	-1.7995850714702
669	1	-1.784221872246
670	1.01	-1.7703369672123
671	1.02	-1.7577275410013
672	1.03	-1.7462128853966
673	1.04	-1.7356882373926
674	1.05	-1.7259882733623
675	1.06	-1.7170287423382
676	1.07	-1.7087117605258
677	1.08	-1.701017325411
678	1.09	-1.6938543324045
679	1.1	-1.687202214545
680	1.11	-1.6810158978268
681	1.12	-1.6752236953903
682	1.13	-1.669810109624
683	1.14	-1.6647326988172
684	1.15	-1.6599038306902
685	1.16	-1.6553816676589
686	1.17	-1.6510975646869
687	1.18	-1.6470748746099
688	1.19	-1.643230579812
689	1.2	-1.639591334925
690	1.21	-1.6361858759937
691	1.22	-1.6329616094705
692	1.23	-1.6298832751603
693	1.24	-1.6269699672588
694	1.25	-1.6242438196332
695	1.26	-1.6216954232055
696	1.27	-1.6192546243363
697	1.28	-1.6169757219112
698	1.29	-1.6148377020609
699	1.3	-1.6128736447797
700	1.31	-1.6110473808945
701	1.32	-1.6093566660389
702	1.33	-1.6076922385839
703	1.34	-1.6061491226783
704	1.35	-1.6046737600063
705	1.36	-1.6033010839266
706	1.37	-1.6019800206623
707	1.38	-1.6006944109437
708	1.39	-1.5994030352821
709	1.4	-1.5981353274991
710	1.41	-1.5969048425103
711	1.42	-1.5957101715934
712	1.43	-1.5945483714859
713	1.44	-1.5933441706429
714	1.45	-1.5920852560371
715	1.46	-1.59080489334
716	1.47	-1.5894499241368
717	1.48	-1.5880044161899
718	1.49	-1.5864543109064
719	1.5	-1.5848534032491
720	1.51	-1.583186928431
721	1.52	-1.5814924845399
722	1.53	-1.5797563196876
723	1.54	-1.5780167335276
724	1.55	-1.5762557125988
725	1.56	-1.5743990916537
726	1.57	-1.572543886428
727	1.58	-1.5706495453081
728	1.59	-1.5687633587868
729	1.6	-1.5668936424418
730	1.61	-1.5649816802823
731	1.62	-1.5630617218777
732	1.63	-1.5611859586673
733	1.64	-1.5593813876706
734	1.65	-1.5576296432362
735	1.66	-1.5558964702903
736	1.67	-1.5542220007076
737	1.68	-1.5525213652915
738	1.69	-1.5509211807637
739	1.7	-1.5493353033841
740	1.71	-1.5478209148558
741	1.72	-1.5463845693913
742	1.73	-1.5449569603179
743	1.74	-1.5435623385144
744	1.75	-1.5421621099069
745	1.76	-1.5407685043423
746	1.77	-1.5394147723251
747	1.78	-1.5381401873585
748	1.79	-1.5369236925412
749	1.8	-1.5357095182209
750	1.81	-1.5344578772782
751	1.82	-1.5332446592842
752	1.83	-1.5320141239614
753	1.84	-1.5307407626762
754	1.85	-1.5294983507989
755	1.86	-1.528223763897
756	1.87	-1.527003855427
757	1.88	-1.5257268748049
758	1.89	-1.5244498346613
759	1.9	-1.5231621084177
760	1.91	-1.521960114304
761	1.92	-1.5207727761992
762	1.93	-1.5195814969339
763	1.94	-1.5183645649962
764	1.95	-1.5171658366686
765	1.96	-1.5160207361271
766	1.97	-1.5149209852762
767	1.98	-1.5138899777028
768	1.99	-1.512879060749
769	2	-1.5118948961803
770	2.01	-1.5108257014824
771	2.02	-1.5097870356284
772	2.03	-1.5088375065974
773	2.04	-1.5078795809252
774	2.05	-1.5069415241499
775	2.06	-1.5060465063759
776	2.07	-1.5051379039879
777	2.08	-1.5042060971576
778	2.09	-1.5032816614273
779	2.1	-1.5024142508651
780	2.11	-1.5015550923849
781	2.12	-1.5006618902681
782	2.13	-1.4998029772713
783	2.14	-1.4989487151726
784	2.15	-1.4981950038615
785	2.16	-1.4974829948755
786	2.17	-1.4967310036396
787	2.18	-1.4959797392451
788	2.19	-1.4952119624719
789	2.2	-1.4944732087235
790	2.21	-1.4936976149925
791	2.22	-1.4929684384361
792	2.23	-1.4921215455021
793	2.24	-1.4913794961982
794	2.25	-1.490721137786
795	2.26	-1.4901156412288
796	2.27	-1.4896412615132
797	2.28	-1.489308682608
798	2.29	-1.4890349435122
799	2.3	-1.4889222186764
800	2.31	-1.4888251975088
801	2.32	-1.4888513356053
802	2.33	-1.4889661691163
803	2.34	-1.489143258034
804	2.35	-1.4893223877566
805	2.36	-1.4894593425996
806	2.37	-1.4896131079651
807	2.38	-1.4898192105806
808	2.39	-1.4901537984964
809	2.4	-1.490573654316
810	2.41	-1.4911001571158
811	2.42	-1.4915698338597
812	2.43	-1.4919656900962
813	2.44	-1.4923613194059
814	2.45	-1.4927234360892
815	2.46	-1.4930834046968
816	2.47	-1.4934471583053
817	2.48	-1.4937791630901
818	2.49	-1.4940645154188
819	2.5	-1.4943158088645
820	2.51	-1.4945192601285
821	2.52	-1.4946765681432
822	2.53	-1.4946875160121
823	2.54	-1.4946778647714
824	2.55	-1.4944458848997
825	2.56	-1.4941045007112
826	2.57	-1.4936562437433
827	2.58	-1.4930625608177
828	2.59	-1.4925051904775
829	2.6	-1.4917610282308
830	2.61	-1.4910789294767
831	2.62	-1.4901190694559
832	2.63	-1.4891042733452
833	2.64	-1.4880384245589
834	2.65	-1.4867812752024
835	2.66	-1.4856060101879
836	2.67	-1.4844921918025
837	2.68	-1.4834627575296
838	2.69	-1.4826070365696
839	2.7	-1.48178525388
840	2.71	-1.4811626835958
841	2.72	-1.4805358460637
842	2.73	-1.4799698332681
843	2.74	-1.479414034198
844	2.75	-1.4787958426241
845	2.76	-1.4782441512788
846	2.77	-1.4777108026545
847	2.78	-1.4772066341077
848	2.79	-1.4766551322784
849	2.8	-1.4762035122791
850	2.81	-1.4757355973163
851	2.82	-1.4752795146305
852	2.83	-1.4747482420796
853	2.84	-1.4740770265798
854	2.85	-1.4734617294615
855	2.86	-1.4727182249589
856	2.87	-1.4720100595168
857	2.88	-1.471342933906
858	2.89	-1.4706074652458
859	2.9	-1.4697369651401
860	2.91	-1.468940411172
861	2.92	-1.4680832726216
862	2.93	-1.4674033447831
863	2.94	-1.4667415790192
864	2.95	-1.4661251708581
865	2.96	-1.4655033192643
866	2.97	-1.4648011645919
867	2.98	-1.4640406027839
868	2.99	-1.4632572752014
869	3	-1.4625580539257
870	3.01	-1.4621314911019
871	3.02	-1.4620915013076
872	3.03	-1.4623035109242
873	3.04	-1.4626948364277
874	3.05	-1.4633443198746
875	3.06	-1.4642743622213
876	3.07	-1.4656859645814
877	3.08	-1.4674383761972
878	3.09	-1.4695326250671
879	3.1	-1.4718928533407
880	3.11	-1.4745872138113
881	3.12	-1.4774921979501
882	3.13	-1.4805470770227
883	3.14	-1.4837476824538
884	3.15	-1.4872451841453
885	3.16	-1.4909806379045
886	3.17	-1.4949708555509
887	3.18	-1.4991836092225
888	3.19	-1.5034501360922
889	3.2	-1.5079204736238
890	3.21	-1.5121977922359
891	3.22	-1.5164918929774
892	3.23	-1.5206487499903
893	3.24	-1.5247621310604
894	3.25	-1.5288193094623
895	3.26	-1.5327178936021
896	3.27	-1.5366325344368
897	3.28	-1.5404512870332
898	3.29	-1.5442908884292
899	3.3	-1.5480585771927
900	3.31	-1.5515722540103
901	3.32	-1.5550396194753
902	3.33	-1.558355966436
903	3.34	-1.5617131903233
904	3.35	-1.5651173615687
905	3.36	-1.5684321371764
906	3.37	-1.5716992937274
907	3.38	-1.5750518098594
908	3.39	-1.5783471134588
909	3.4	-1.581505475389
910	3.41	-1.5846305273955
911	3.42	-1.5877171696715
912	3.43	-1.5911631800825
913	3.44	-1.5946783788127
914	3.45	-1.5983059953535
915	3.46	-1.6021698047949
916	3.47	-1.605754175615
917	3.48	-1.6093323004211
918	3.49	-1.6128664083762
919	3.5	-1.6160901773081
920	3.51	-1.618890517619
921	3.52	-1.6214277881918
922	3.53	-1.623810340703
923	3.54	-1.6264029462429
924	3.55	-1.6286681337195
925	3.56	-1.6307559251116
926	3.57	-1.6325238402535
927	3.58	-1.6339175959492
928	3.59	-1.634946842066
929	3.6	-1.635684823877
930	3.61	-1.6360563322678
931	3.62	-1.6362416209257
932	3.63	-1.6360975408424
933	3.64	-1.6359192431598
934	3.65	-1.6355166857778
935	3.66	-1.6349721373788
936	3.67	-1.6341068636474
937	3.68	-1.6333977274405
938	3.69	-1.6326091100745
939	3.7	-1.6318405241126
940	3.71	-1.6308538715182
941	3.72	-1.6300594258168
942	3.73	-1.6291785981723
943	3.74	-1.6281653103262
944	3.75	-1.6269150022234
945	3.76	-1.6256670335656
946	3.77	-1.62454675353
947	3.78	-1.6235128866358
948	3.79	-1.6227551786389
949	3.8	-1.6217371878104
950	3.81	-1.6207751545015
951	3.82	-1.6197789336698
952	3.83	-1.6186434995331
953	3.84	-1.6172810473322
954	3.85	-1.6157986172019
955	3.86	-1.614443398175
956	3.87	-1.6129322850933
957	3.88	-1.6111893858534
958	3.89	-1.6091056087021
959	3.9	-1.6069838456827
960	3.91	-1.6046204981111
961	3.92	-1.60209238165
962	3.93	-1.5990618967967
963	3.94	-1.5957306290776
964	3.95	-1.5925331972322
965	3.96	-1.5894214707645
966	3.97	-1.5862140572618
967	3.98	-1.5826930515504
968	3.99	-1.5794487615867
969	4	-1.5761324737664
970	4.01	-1.5727048679003
971	4.02	-1.5690647553415
972	4.03	-1.5653773001251
973	4.04	-1.561925040246
974	4.05	-1.5588855336488
975	4.06	-1.5561810094879
976	4.07	-1.5536417149841
977	4.08	-1.5510190031666
978	4.09	-1.5486248898871
979	4.1	-1.5463703071942
980	4.11	-1.5441661053639
981	4.12	-1.5420558532852
982	4.13	-1.5398119559911
983	4.14	-1.5376698271329
984	4.15	-1.5359134724969
985	4.16	-1.5343326390387
986	4.17	-1.5329078076691
987	4.18	-1.5315541321549
988	4.19	-1.5305427906721
989	4.2	-1.5295171165361
990	4.21	-1.5287175109145
991	4.22	-1.5277830970927
992	4.23	-1.5270671314521
993	4.24	-1.5262071610306
994	4.25	-1.5255539517551
995	4.26	-1.5248712053209
996	4.27	-1.5240261916181
997	4.28	-1.5231826437273
998	4.29	-1.5225261231385
999	4.3	-1.5218794391437
1000	4.31	-1.5211551259447
1001	4.32	-1.5206074872906
1002	4.33	-1.5200577761754
1003	4.34	-1.5195055356025
1004	4.35	-1.5190667684239
1005	4.36	-1.518393722238
1006	4.37	-1.5176073608027
1007	4.38	-1.5169103157622
1008	4.39	-1.5162501359205
1009	4.4	-1.5157925145962
1010	4.41	-1.5150692456376
1011	4.42	-1.5144198599658
1012	4.43	-1.5139941804477
1013	4.44	-1.5136672314676
1014	4.45	-1.5134846949578
1015	4.46	-1.5131411126344
1016	4.47	-1.5129431553244
1017	4.48	-1.5125759964917
1018	4.49	-1.5120308147329
1019	4.5	-1.5111383789948
1020	4.51	-1.5105151394762
1021	4.52	-1.5099583631326
1022	4.53	-1.5099734437803
1023	4.54	-1.5092174901066
1024	4.55	-1.5087784589635
1025	4.56	-1.5083522508696
1026	4.57	-1.5079325443683
1027	4.58	-1.5076631802861
1028	4.59	-1.5071366900178
1029	4.6	-1.5066442489322
1030	4.61	-1.5066994557526
1031	4.62	-1.5066569365568
1032	4.63	-1.5063419276264
1033	4.64	-1.5060624686427
1034	4.65	-1.5056153167408
1035	4.66	-1.5052279916803
1036	4.67	-1.5050638065477
1037	4.68	-1.504584409792
1038	4.69	-1.504235892858
1039	4.7	-1.5037905135655
1040	4.71	-1.5034592988497
1041	4.72	-1.5031447623942
1042	4.73	-1.5031010187404
1043	4.74	-1.5029676037005
1044	4.75	-1.5024152230065
1045	4.76	-1.5016434074896
1046	4.77	-1.5011951922971
1047	4.78	-1.5005951340948
1048	4.79	-1.5001093292404
1049	4.8	-1.5000205062389
1050	4.81	-1.4998353561635
1051	4.82	-1.4996017428265
1052	4.83	-1.4992979411729
1053	4.84	-1.4989983106077
1054	4.85	-1.4990123656984
1055	4.86	-1.4991203465408
1056	4.87	-1.4993476569038
1057	4.88	-1.4986988158289
1058	4.89	-1.4983238166734
1059	4.9	-1.498142793543
1060	4.91	-1.4978467382441
1061	4.92	-1.4978311185513
1062	4.93	-1.4977433616137
1063	4.94	-1.4970740786684
1064	4.95	-1.496554701311
1065	4.96	-1.4963143645032
1066	4.97	-1.495867876877
1067	4.98	-1.4948641058886
1068	4.99	-1.4940498209624
1069	5	-1.4932277543736
1070	5.01	-1.4927731404063
1071	5.02	-1.4920301045485
1072	5.03	-1.4917077020708
1073	5.04	-1.4917854341863
1074	5.05	-1.491988767183
1075	5.06	-1.4926253037347
1076	5.07	-1.4930378522936
1077	5.08	-1.4931496981499
1078	5.09	-1.4937205069941
1079	5.1	-1.4943741679489
1080	5.11	-1.4946639207051
1081	5.12	-1.495035368553
1082	5.13	-1.4955271887749
1083	5.14	-1.4965930351993
1084	5.15	-1.4973499503208
1085	5.16	-1.4985956783673
1086	5.17	-1.4996086809689
1087	5.18	-1.5001489651655
1088	5.19	-1.501271351604
1089	5.2	-1.5021930698196
1090	5.21	-1.5027589129822
1091	5.22	-1.5038893369275
1092	5.23	-1.5049781649619
1093	5.24	-1.5058725447471
1094	5.25	-1.5068848825183
1095	5.26	-1.5083213054556
1096	5.27	-1.5098313641367
1097	5.28	-1.5112424890966
1098	5.29	-1.5124390688657
1099	5.3	-1.5141046637857
1100	5.31	-1.515385757213
1101	5.32	-1.5170821234953
1102	5.33	-1.5190548594904
1103	5.34	-1.5213100827093
1104	5.35	-1.5235998043293
1105	5.36	-1.5258500562778
1106	5.37	-1.5276427455251
1107	5.38	-1.5293621540291
1108	5.39	-1.5313712306556
1109	5.4	-1.5332926175872
1110	5.41	-1.5351351392743
1111	5.42	-1.5373504811926
1112	5.43	-1.5391475422352
1113	5.44	-1.5413314216786
1114	5.45	-1.5433165142705
1115	5.46	-1.5456828314116
1116	5.47	-1.5481327104994
1117	5.48	-1.5506581318972
1118	5.49	-1.5525659582313
1119	5.5	-1.5544337574754
1120	5.51	-1.5565549449047
1121	5.52	-1.5587455538641
1122	5.53	-1.5610300727433
1123	5.54	-1.5630977439766
1124	5.55	-1.5645185889481
1125	5.56	-1.5668114623789
1126	5.57	-1.5689474697181
1127	5.58	-1.5706937444944
1128	5.59	-1.5722142162159
1129	5.6	-1.5738768983613
1130	5.61	-1.5753573036639
1131	5.62	-1.5773872009269
1132	5.63	-1.5790949507368
1133	5.64	-1.5808082463637
1134	5.65	-1.5824145088434
1135	5.66	-1.5839906794602
1136	5.67	-1.5858818470952
1137	5.68	-1.5876763074675
1138	5.69	-1.5893373892328
1139	5.7	-1.5919592477319
1140	5.71	-1.5945108522565
1141	5.72	-1.596302364934
1142	5.73	-1.5989832792352
1143	5.74	-1.6017126781163
1144	5.75	-1.6036306346433
1145	5.76	-1.6059614618472
1146	5.77	-1.6078210445803
1147	5.78	-1.6102421962481
1148	5.79	-1.6128684298333
1149	5.8	-1.6158017096849
1150	5.81	-1.6189825630486
1151	5.82	-1.6219347907419
1152	5.83	-1.6255034682713
1153	5.84	-1.6292224664258
1154	5.85	-1.6330893963745
1155	5.86	-1.6363253397316
1156	5.87	-1.640156077236
1157	5.88	-1.6446566006139
1158	5.89	-1.6488342510171
1159	5.9	-1.6516061287408
1160	5.91	-1.6545523111599
1161	5.92	-1.6576888367803
1162	5.93	-1.6605893940533
1163	5.94	-1.6636795795658
1164	5.95	-1.6660755561942
1165	5.96	-1.6686766084468
1166	5.97	-1.6724220935228
1167	5.98	-1.6760275568307
1168	5.99	-1.6781698398251
1169	6	-1.6807909644352
1170	6.01	-1.6844107260494
1171	6.02	-1.6879846536403
1172	6.03	-1.6912953555241
1173	6.04	-1.6936969098387
1174	6.05	-1.6975306748103
1175	6.06	-1.7018676978796
1176	6.07	-1.7065431637494
1177	6.08	-1.7106787554803
1178	6.09	-1.7144815450154
1179	6.1	-1.7177371179098
1180	6.11	-1.7203690067159
1181	6.12	-1.7228554304297
1182	6.13	-1.7248364039389
1183	6.14	-1.7262631474583
1184	6.15	-1.7280537625866
1185	6.16	-1.7300653683505
1186	6.17	-1.7324245926543
1187	6.18	-1.7350685856619
1188	6.19	-1.7375213221005
1189	6.2	-1.7408736041849
1190	6.21	-1.7439214660448
1191	6.22	-1.747970485488
1192	6.23	-1.7517869207978
1193	6.24	-1.7565246572567
1194	6.25	-1.7605092606316
1195	6.26	-1.7644085194679
1196	6.27	-1.7682177411132
1197	6.28	-1.7712095763189
1198	6.29	-1.7739747293499
1199	6.3	-1.7768616534308
1200	6.31	-1.7809973114505
1201	6.32	-1.7847938518965
1202	6.33	-1.7866072237125
1203	6.34	-1.7902671870639
1204	6.35	-1.7941332243016
1205	6.36	-1.7958184511966
1206	6.37	-1.7982629239684
1207	6.38	-1.7997905699638
1208	6.39	-1.8005902346921
1209	6.4	-1.8016845890249
1210	6.41	-1.8021404840657
1211	6.42	-1.8047903181784
1212	6.43	-1.8069230614032
1213	6.44	-1.8106724957139
1214	6.45	-1.8153122875177
1215	6.46	-1.8199259416573
1216	6.47	-1.8235710447342
1217	6.48	-1.8274796864895
1218	6.49	-1.83141927305
1219	6.5	-1.8358393153124
1220	6.51	-1.838856072349
1221	6.52	-1.8419048884418
1222	6.53	-1.8457391556618
1223	6.54	-1.8481872100318
1224	6.55	-1.8523749246935
1225	6.56	-1.8553725731418
1226	6.57	-1.8600077769571
1227	6.58	-1.8648941676261
1228	6.59	-1.8709883976493
1229	6.6	-1.876530161554
1230	6.61	-1.8820403911902
1231	6.62	-1.8875416075693
1232	6.63	-1.8918126407956
1233	6.64	-1.8959195097475
1234	6.65	-1.9000696375063
1235	6.66	-1.9053354298804
1236	6.67	-1.9088134569972
1237	6.68	-1.9141667508013
1238	6.69	-1.9183848403193
1239	6.7	-1.9247631736711
1240	6.71	-1.9313950582558
1241	6.72	-1.9376564066904
1242	6.73	-1.9425624137695
1243	6.74	-1.9475842312465
1244	6.75	-1.9499765873737
1245	6.76	-1.9530470814895
1246	6.77	-1.9572879052857
1247	6.78	-1.9611022002566
1248	6.79	-1.9644818528024
1249	6.8	-1.9673086302537
1250	6.81	-1.9722015567649
1251	6.82	-1.9776660064208
1252	6.83	-1.9813949337263
1253	6.84	-1.9858135890498
1254	6.85	-1.9935799174048
1255	6.86	-1.9985591555195
1256	6.87	-2.0023073927568
1257	6.88	-2.0055356718066
1258	6.89	-2.0090475707245
1259	6.9	-2.009265678767
1260	6.91	-2.0115649247654
1261	6.92	-2.0156471802096
1262	6.93	-2.0199757010582
1263	6.94	-2.0217453028705
1264	6.95	-2.0281513033161
1265	6.96	-2.0357023137868
1266	6.97	-2.0411366834699
1267	6.98	-2.0510025227685
1268	6.99	-2.0601450784459
1269	7	-2.0665274157908
1270	7.01	-2.0734452304835
1271	7.02	-2.0794042078032
1272	7.03	-2.0871747141258
1273	7.04	-2.0949608767967
1274	7.05	-2.1004340767229
1275	7.06	-2.1057896273253
1276	7.07	-2.1123460116169
1277	7.08	-2.1179336583222
1278	7.09	-2.120734910216
1279	7.1	-2.1246608097621
1280	7.11	-2.1287753389839
1281	7.12	-2.1301654140502
1282	7.13	-2.1305654063657
1283	7.14	-2.1352198143239
1284	7.15	-2.1350022429215
1285	7.16	-2.1355410246396
1286	7.17	-2.1391281164825
1287	7.18	-2.1468569244677
1288	7.19	-2.1570561373231
1289	7.2	-2.1672874368519
1290	7.21	-2.1747068090981
1291	7.22	-2.1881614516077
1292	7.23	-2.2001838569465
1293	7.24	-2.2102136590024
1294	7.25	-2.22167872178
1295	7.26	-2.2310587842602
1296	7.27	-2.2416652047498
1297	7.28	-2.2484599400377
1298	7.29	-2.2537717892803
1299	7.3	-2.2591621397533
1300	7.31	-2.2680773012809
1301	7.32	-2.2776910574773
1302	7.33	-2.2864108461809
1303	7.34	-2.3000708201691
1304	7.35	-2.3071430885841
1305	7.36	-2.3095220163563
1306	7.37	-2.3149378558881
1307	7.38	-2.3173456379531
1308	7.39	-2.32469186381
1309	7.4	-2.3242892516747
1310	7.41	-2.3302638816118
1311	7.42	-2.3342028597144
1312	7.43	-2.3375983357335
1313	7.44	-2.3350557268322
1314	7.45	-2.3391634421546
1315	7.46	-2.3454931063342
1316	7.47	-2.3471375326708
1317	7.48	-2.3474643071671
1318	7.49	-2.3461023474664
1319	7.5	-2.3438826941422
1320	7.51	-2.3359490771927
1321	7.52	-2.3277857270538
1322	7.53	-2.3197103158218
1323	7.54	-2.3139794588038
1324	7.55	-2.3078745672356
1325	7.56	-2.3059096403749
1326	7.57	-2.3077543911753
1327	7.58	-2.3055396697323
1328	7.59	-2.305505724216
1329	7.6	-2.3047506862795
1330	7.61	-2.3030891841971
1331	7.62	-2.3065694524351
1332	7.63	-2.3096553524807
1333	7.64	-2.3089952829313
1334	7.65	-2.3105029800825
1335	7.66	-2.3136257783226
1336	7.67	-2.3133505124319
1337	7.68	-2.317375447931
1338	7.69	-2.3222173621946
1339	7.7	-2.3225662356836
1340	7.71	-2.3217778222409
1341	7.72	-2.3229823012552
1342	7.73	-2.319977241145
1343	7.74	-2.31308257371
1344	7.75	-2.3147125889293
1345	7.76	-2.3128188710602
1346	7.77	-2.3071814910235
1347	7.78	-2.3036482784522
1348	7.79	-2.3034839801185
1349	7.8	-2.3096282530978
1350	7.81	-2.3172490664158
1351	7.82	-2.3136792239328
1352	7.83	-2.3252380222466
1353	7.84	-2.3311854197607
1354	7.85	-2.3390276028816
1355	7.86	-2.3540453341052
1356	7.87	-2.3566347365273
1357	7.88	-2.3694862265431
1358	7.89	-2.3822292754209
1359	7.9	-2.3822279135743
1360	7.91	-2.3851633803997
1361	7.92	-2.3878538255375
1362	7.93	-2.3961722323601
1363	7.94	-2.4099437604461
1364	7.95	-2.4151616181362
1365	7.96	-2.4255110122509
1366	7.97	-2.4321011813348
1367	7.98	-2.4323717868215
1368	7.99	-2.4396270236091
1369	8	-2.4420445974612
1370	8.01	-2.4456757685723
1371	8.02	-2.4680636418306
1372	8.03	-2.4805485225523
1373	8.04	-2.4832474109105
1374	8.05	-2.4805176821095
1375	8.06	-2.4956959007839
1376	8.07	-2.4991671512605
1377	8.08	-2.4970130594481
1378	8.09	-2.5046492585057
1379	8.1	-2.5002606545839
1380	8.11	-2.5007918928596
1381	8.12	-2.4852032808224
1382	8.13	-2.4949601824869
1383	8.14	-2.4919952538526
1384	8.15	-2.4976567942945
1385	8.16	-2.499667071727
1386	8.17	-2.49837745364
1387	8.18	-2.5021048907694
1388	8.19	-2.5049954943797
1389	8.2	-2.5041031651003
1390	8.21	-2.4918979281282
1391	8.22	-2.4948170813247
1392	8.23	-2.4899293657767
1393	8.24	-2.4932192481143
1394	8.25	-2.4833689283485
1395	8.26	-2.4821174230139
1396	8.27	-2.492312974361
1397	8.28	-2.4991679058299
1398	8.29	-2.4955932606709
1399	8.3	-2.4995729527021
1400	8.31	-2.4885469048813
1401	8.32	-2.4817205046651
1402	8.33	-2.4819768819529
1403	8.34	-2.4938179274101
1404	8.35	-2.4832631194236
1405	8.36	-2.5051614096515
1406	8.37	-2.5097006939878
1407	8.38	-2.5118712361602
1408	8.39	-2.5061586221257
1409	8.4	-2.5272094699186
1410	8.41	-2.5263076337242
1411	8.42	-2.5313803821153
1412	8.43	-2.5277021656361
1413	8.44	-2.5337048800789
1414	8.45	-2.5444517404542
1415	8.46	-2.5349757980847
1416	8.47	-2.5427356363936
1417	8.48	-2.5523411716021
1418	8.49	-2.5723492986242
1419	8.5	-2.5930010418934
1420	8.51	-2.5826510323001
1421	8.52	-2.5777829426199
1422	8.53	-2.575236178419
1423	8.54	-2.5913509362735
1424	8.55	-2.5819305510861
1425	8.56	-2.5940923600776
1426	8.57	-2.6223463200235
1427	8.58	-2.6353144988091
1428	8.59	-2.6395703863848
1429	8.6	-2.6625702376367
1430	8.61	-2.6856562093523
1431	8.62	-2.6955316235475
1432	8.63	-2.7424502781593
1433	8.64	-2.7688103209973
1434	8.65	-2.783603472342
1435	8.66	-2.8092249647919
1436	8.67	-2.8268613547866
1437	8.68	-2.8205492564101
1438	8.69	-2.8472623360909
1439	8.7	-2.8537484134289
1440	8.71	-2.9115048138947
1441	8.72	-2.8947587614969
1442	8.73	-2.8316736222051
1443	8.74	-2.867241479423
1444	8.75	-2.8793977707668
1445	8.76	-2.9122228849778
1446	8.77	-2.9122419670951
1447	8.78	-2.8873944245841
1448	8.79	-2.9280297810702
1449	8.8	-2.9342021082083
1450	8.81	-2.9551714242082
1451	8.82	-2.9416241867653
1452	8.83	-3.0352990432827
1453	8.84	-3.0073308463448
1454	8.85	-3.0129359516037
1455	8.86	-2.9641939802708
1456	8.87	-2.9749912741386
1457	8.88	-3.0242810239486
1458	8.89	-3.0008854915003
1459	8.9	-2.9816071641438
1460	8.91	-2.9931030583098
1461	8.92	-2.9712684222695
1462	8.93	-2.9200361779833
1463	8.94	-2.9189369909419
1464	8.95	-2.9122613013176
1465	8.96	-2.8829825510447
1466	8.97	-2.878905507283
1467	8.98	-2.8547351005579
1468	8.99	-2.8279787614105
1469	9	-2.7792239071672
1470	9.01	-2.8027652868396
1471	9.02	-2.7504197514231
1472	9.03	-2.7472506055914
1473	9.04	-2.7674866273853
1474	9.05	-2.7840673562376
1475	9.06	-2.7313464543515
1476	9.07	-2.6672472775634
1477	9.08	-2.588855403267
1478	9.09	-2.5799489569164
1479	9.1	-2.5354708417991
1480	9.11	-2.5527570551631
1481	9.12	-2.4978324471399
1482	9.13	-2.4641273742418
1483	9.14	-2.4599306061619
1484	9.15	-2.3904021055304
1485	9.16	-2.3356529641055
1486	9.17	-2.3151038899448
1487	9.18	-2.3256352559644
1488	9.19	-2.367902776833
1489	9.2	-2.4066517835631
1490	9.21	-2.3743978588581
1491	9.22	-2.4276767603383
1492	9.23	-2.4570021632048
1493	9.24	-2.4682183132824
1494	9.25	-2.4663019181728
1495	9.26	-2.4615191542254
1496	9.27	-2.473154840633
1497	9.28	-2.5029189635637
1498	9.29	-2.5137611508948
1499	9.3	-2.5618600781867
1500	9.31	-2.5742048574057
1501	9.32	-2.6389759840211
1502	9.33	-2.6287263520358
1503	9.34	-2.5176278285274
1504	9.35	-2.4505426840809
1505	9.36	-2.451732264032
1506	9.37	-2.4711126414103
1507	9.38	-2.4688493351322
1508	9.39	-2.4390362173914
1509	9.4	-2.4781726050414
1510	9.41	-2.4753014539942
1511	9.42	-2.4939516652233
1512	9.43	-2.4879090537313
1513	9.44	-2.5970893237138
1514	9.45	-2.5816782209449
1515	9.46	-2.5984283536698
1516	9.47	-2.5559123638381
1517	9.48	-2.4580687460618
1518	9.49	-2.5258013264856
1519	9.5	-2.5018654550987
1520	9.51	-2.5008071384964
1521	9.52	-2.4851219722617
1522	9.53	-2.4959997519343
1523	9.58	-2.4088570247846
1524	9.59	-2.3169074431926
1525	9.6	-2.2961785273726
1526	9.61	-2.2499627173907
1527	9.63	-2.213968376537
1528	9.64	-2.2283137701323
1529	9.65	-2.2921546419606
1530	9.68	-2.218336381186
1531	9.69	-2.0880232297262
1532	9.7	-2.0667631379741
1533	9.71	-1.9537005046854
1534	9.78	-1.2204709075946
1535	9.82	-0.94471173808955
1536	9.84	-1.0859592565559
1537	9.89	-1.1704053143837
